0.0 0 1.0 1.0 NULL
1.0 3 2.0 1.0 circle
3.0 0 1.5 1.0 NULL
4.5 4 2.0 1.0 triangle
6.5 0 1.0 1.0 NULL
7.5 2 2.0 1.0 square
9.5 0 1.0 1.0 NULL
10.5 2 2.0 1.0 square
12.5 0 1.1 1.0 NULL
13.6 4 2.0 1.0 triangle
15.6 0 1.1 1.0 NULL
16.7 4 2.0 1.0 triangle
18.7 0 1.2 1.0 NULL
19.9 2 2.0 1.0 square
21.9 0 1.1 1.0 NULL
23.0 3 2.0 1.0 circle
25.0 0 1.0 1.0 NULL
26.0 1 2.0 1.0 line
28.0 0 2.0 1.0 NULL
30.0 3 2.0 1.0 circle
32.0 0 1.7 1.0 NULL
33.7 3 2.0 1.0 circle
35.7 0 1.0 1.0 NULL
36.7 3 2.0 1.0 circle
38.7 0 1.2 1.0 NULL
39.900000000000006 1 2.0 1.0 line
41.900000000000006 0 1.1 1.0 NULL
43.00000000000001 3 2.0 1.0 circle
45.00000000000001 0 1.0 1.0 NULL
46.00000000000001 4 2.0 1.0 triangle
48.00000000000001 0 1.0 1.0 NULL
49.00000000000001 1 2.0 1.0 line
51.0 0 1.6 1.0 NULL
52.6 2 2.0 1.0 square
54.6 0 1.3 1.0 NULL
55.9 2 2.0 1.0 square
57.9 0 1.7 1.0 NULL
59.6 1 2.0 1.0 line
61.6 0 1.0 1.0 NULL
62.6 3 2.0 1.0 circle
64.6 0 1.8 1.0 NULL
66.39999999999999 4 2.0 1.0 triangle
68.39999999999999 0 1.0 1.0 NULL
69.39999999999999 2 2.0 1.0 square
71.39999999999999 0 1.1 1.0 NULL
72.49999999999999 4 2.0 1.0 triangle
74.49999999999999 0 1.1 1.0 NULL
75.59999999999998 2 2.0 1.0 square
77.60000000000001 0 1.2 1.0 NULL
78.80000000000001 4 2.0 1.0 triangle
80.80000000000001 0 1.2 1.0 NULL
82.00000000000001 3 2.0 1.0 circle
84.00000000000001 0 1.3 1.0 NULL
85.30000000000001 3 2.0 1.0 circle
87.30000000000001 0 1.2 1.0 NULL
88.50000000000001 4 2.0 1.0 triangle
90.5 0 1.4 1.0 NULL
91.9 2 2.0 1.0 square
93.9 0 1.3 1.0 NULL
95.2 1 2.0 1.0 line
97.2 0 1.0 1.0 NULL
98.2 1 2.0 1.0 line
100.2 0 1.1 1.0 NULL
101.3 1 2.0 1.0 line
103.3 0 1.1 1.0 NULL
104.39999999999999 4 2.0 1.0 triangle
106.39999999999999 0 1.9 1.0 NULL
108.3 1 2.0 1.0 line
110.3 0 1.0 1.0 NULL
111.3 2 2.0 1.0 square
113.3 0 1.0 1.0 NULL
114.3 2 2.0 1.0 square
116.3 0 1.0 1.0 NULL
117.3 3 2.0 1.0 circle
119.3 0 1.9 1.0 NULL
121.2 1 2.0 1.0 line
123.2 0 1.0 1.0 NULL
124.2 4 2.0 1.0 triangle
126.2 0 1.3 1.0 NULL
127.5 1 2.0 1.0 line
129.5 0 1.5 1.0 NULL
