0.0 0 1.2 1.0 NULL
1.2 2 2.0 1.0 square
3.2 0 1.0 1.0 NULL
4.2 1 2.0 1.0 line
6.2 0 1.0 1.0 NULL
7.2 1 2.0 1.0 line
9.2 0 1.7 1.0 NULL
10.899999999999999 3 2.0 1.0 circle
12.9 0 1.1 1.0 NULL
14.0 1 2.0 1.0 line
16.0 0 1.6 1.0 NULL
17.6 3 2.0 1.0 circle
19.6 0 1.2 1.0 NULL
20.8 3 2.0 1.0 circle
22.8 0 1.1 1.0 NULL
23.900000000000002 3 2.0 1.0 circle
25.9 0 1.5 1.0 NULL
27.4 4 2.0 1.0 triangle
29.4 0 1.0 1.0 NULL
30.4 4 2.0 1.0 triangle
32.4 0 1.3 1.0 NULL
33.699999999999996 2 2.0 1.0 square
35.699999999999996 0 1.5 1.0 NULL
37.199999999999996 1 2.0 1.0 line
39.2 0 1.8 1.0 NULL
41.0 4 2.0 1.0 triangle
43.0 0 1.7 1.0 NULL
44.7 4 2.0 1.0 triangle
46.7 0 1.1 1.0 NULL
47.800000000000004 4 2.0 1.0 triangle
49.800000000000004 0 1.0 1.0 NULL
50.800000000000004 4 2.0 1.0 triangle
52.8 0 1.4 1.0 NULL
54.199999999999996 2 2.0 1.0 square
56.199999999999996 0 1.0 1.0 NULL
57.199999999999996 3 2.0 1.0 circle
59.199999999999996 0 1.2 1.0 NULL
60.4 2 2.0 1.0 square
62.4 0 1.1 1.0 NULL
63.5 3 2.0 1.0 circle
65.5 0 1.8 1.0 NULL
67.3 4 2.0 1.0 triangle
69.3 0 1.2 1.0 NULL
70.5 2 2.0 1.0 square
72.5 0 1.2 1.0 NULL
73.7 1 2.0 1.0 line
75.7 0 1.0 1.0 NULL
76.7 1 2.0 1.0 line
78.69999999999999 0 1.0 1.0 NULL
79.69999999999999 2 2.0 1.0 square
81.69999999999999 0 1.4 1.0 NULL
83.1 4 2.0 1.0 triangle
85.1 0 1.3 1.0 NULL
86.39999999999999 4 2.0 1.0 triangle
88.39999999999999 0 1.9 1.0 NULL
90.3 2 2.0 1.0 square
92.30000000000001 0 1.0 1.0 NULL
93.30000000000001 2 2.0 1.0 square
95.30000000000001 0 1.2 1.0 NULL
96.50000000000001 1 2.0 1.0 line
98.50000000000001 0 1.2 1.0 NULL
99.70000000000002 1 2.0 1.0 line
101.70000000000002 0 1.0 1.0 NULL
102.70000000000002 3 2.0 1.0 circle
104.7 0 1.0 1.0 NULL
105.7 3 2.0 1.0 circle
107.7 0 1.0 1.0 NULL
108.7 3 2.0 1.0 circle
110.7 0 1.6 1.0 NULL
112.3 1 2.0 1.0 line
114.3 0 1.2 1.0 NULL
115.5 2 2.0 1.0 square
117.5 0 1.1 1.0 NULL
118.6 4 2.0 1.0 triangle
120.6 0 1.1 1.0 NULL
121.69999999999999 1 2.0 1.0 line
123.69999999999999 0 1.2 1.0 NULL
124.89999999999999 3 2.0 1.0 circle
126.89999999999999 0 1.0 1.0 NULL
127.89999999999999 2 2.0 1.0 square
129.89999999999998 0 1.3 1.0 NULL
