0.0 0 1.2 1.0 NULL
1.2 4 2.0 1.0 triangle
3.2 0 1.0 1.0 NULL
4.2 4 2.0 1.0 triangle
6.2 0 1.0 1.0 NULL
7.2 3 2.0 1.0 circle
9.2 0 2.0 1.0 NULL
11.2 3 2.0 1.0 circle
13.2 0 1.2 1.0 NULL
14.399999999999999 3 2.0 1.0 circle
16.4 0 1.0 1.0 NULL
17.4 2 2.0 1.0 square
19.4 0 1.1 1.0 NULL
20.5 1 2.0 1.0 line
22.5 0 1.0 1.0 NULL
23.5 2 2.0 1.0 square
25.5 0 1.0 1.0 NULL
26.5 2 2.0 1.0 square
28.5 0 1.1 1.0 NULL
29.6 3 2.0 1.0 circle
31.6 0 1.4 1.0 NULL
33.0 4 2.0 1.0 triangle
35.0 0 1.5 1.0 NULL
36.5 3 2.0 1.0 circle
38.5 0 1.2 1.0 NULL
39.7 2 2.0 1.0 square
41.7 0 1.3 1.0 NULL
43.0 1 2.0 1.0 line
45.0 0 1.4 1.0 NULL
46.4 1 2.0 1.0 line
48.4 0 1.1 1.0 NULL
49.5 4 2.0 1.0 triangle
51.5 0 1.6 1.0 NULL
53.1 1 2.0 1.0 line
55.1 0 1.0 1.0 NULL
56.1 2 2.0 1.0 square
58.1 0 2.0 1.0 NULL
60.1 3 2.0 1.0 circle
62.1 0 1.0 1.0 NULL
63.1 4 2.0 1.0 triangle
65.1 0 1.6 1.0 NULL
66.69999999999999 1 2.0 1.0 line
68.69999999999999 0 1.2 1.0 NULL
69.89999999999999 2 2.0 1.0 square
71.89999999999999 0 1.6 1.0 NULL
73.49999999999999 1 2.0 1.0 line
75.49999999999999 0 1.6 1.0 NULL
77.09999999999998 2 2.0 1.0 square
79.1 0 1.3 1.0 NULL
80.39999999999999 1 2.0 1.0 line
82.39999999999999 0 1.3 1.0 NULL
83.69999999999999 3 2.0 1.0 circle
85.69999999999999 0 1.0 1.0 NULL
86.69999999999999 1 2.0 1.0 line
88.69999999999999 0 1.0 1.0 NULL
89.69999999999999 1 2.0 1.0 line
91.7 0 1.5 1.0 NULL
93.2 4 2.0 1.0 triangle
95.2 0 1.1 1.0 NULL
96.3 2 2.0 1.0 square
98.3 0 1.1 1.0 NULL
99.39999999999999 4 2.0 1.0 triangle
101.39999999999999 0 1.0 1.0 NULL
102.39999999999999 2 2.0 1.0 square
104.4 0 1.1 1.0 NULL
105.5 2 2.0 1.0 square
107.5 0 1.3 1.0 NULL
108.8 4 2.0 1.0 triangle
110.8 0 1.1 1.0 NULL
111.89999999999999 4 2.0 1.0 triangle
113.89999999999999 0 1.1 1.0 NULL
114.99999999999999 3 2.0 1.0 circle
117.0 0 1.4 1.0 NULL
118.4 4 2.0 1.0 triangle
120.4 0 1.0 1.0 NULL
121.4 1 2.0 1.0 line
123.4 0 1.5 1.0 NULL
124.9 3 2.0 1.0 circle
126.9 0 1.0 1.0 NULL
127.9 3 2.0 1.0 circle
129.9 0 1.3 1.0 NULL
