0.0 0 1.8 1.0 NULL
1.8 1 2.0 1.0 line
3.8 0 1.0 1.0 NULL
4.8 2 2.0 1.0 square
6.8 0 1.0 1.0 NULL
7.8 1 2.0 1.0 line
9.8 0 1.0 1.0 NULL
10.8 1 2.0 1.0 line
12.8 0 1.8 1.0 NULL
14.600000000000001 3 2.0 1.0 circle
16.6 0 1.0 1.0 NULL
17.6 4 2.0 1.0 triangle
19.6 0 1.2 1.0 NULL
20.8 3 2.0 1.0 circle
22.8 0 1.0 1.0 NULL
23.8 2 2.0 1.0 square
25.799999999999997 0 1.6 1.0 NULL
27.4 2 2.0 1.0 square
29.4 0 1.2 1.0 NULL
30.599999999999998 3 2.0 1.0 circle
32.599999999999994 0 1.0 1.0 NULL
33.599999999999994 2 2.0 1.0 square
35.599999999999994 0 1.0 1.0 NULL
36.599999999999994 2 2.0 1.0 square
38.599999999999994 0 1.2 1.0 NULL
39.8 3 2.0 1.0 circle
41.8 0 1.5 1.0 NULL
43.3 2 2.0 1.0 square
45.3 0 1.9 1.0 NULL
47.199999999999996 2 2.0 1.0 square
49.199999999999996 0 1.3 1.0 NULL
50.49999999999999 1 2.0 1.0 line
52.5 0 1.2 1.0 NULL
53.7 3 2.0 1.0 circle
55.7 0 1.0 1.0 NULL
56.7 3 2.0 1.0 circle
58.7 0 1.5 1.0 NULL
60.2 4 2.0 1.0 triangle
62.2 0 1.4 1.0 NULL
63.6 3 2.0 1.0 circle
65.6 0 1.1 1.0 NULL
66.69999999999999 2 2.0 1.0 square
68.69999999999999 0 1.8 1.0 NULL
70.49999999999999 1 2.0 1.0 line
72.49999999999999 0 1.2 1.0 NULL
73.69999999999999 1 2.0 1.0 line
75.69999999999999 0 1.4 1.0 NULL
77.1 2 2.0 1.0 square
79.10000000000001 0 1.0 1.0 NULL
80.10000000000001 3 2.0 1.0 circle
82.10000000000001 0 1.2 1.0 NULL
83.30000000000001 4 2.0 1.0 triangle
85.30000000000001 0 1.5 1.0 NULL
86.80000000000001 3 2.0 1.0 circle
88.80000000000001 0 2.0 1.0 NULL
90.80000000000001 4 2.0 1.0 triangle
92.80000000000001 0 1.0 1.0 NULL
93.80000000000001 4 2.0 1.0 triangle
95.80000000000001 0 1.0 1.0 NULL
96.80000000000001 4 2.0 1.0 triangle
98.80000000000001 0 1.0 1.0 NULL
99.80000000000001 3 2.0 1.0 circle
101.80000000000001 0 1.1 1.0 NULL
102.9 4 2.0 1.0 triangle
104.9 0 1.1 1.0 NULL
106.0 1 2.0 1.0 line
108.0 0 1.2 1.0 NULL
109.2 4 2.0 1.0 triangle
111.2 0 1.1 1.0 NULL
112.3 4 2.0 1.0 triangle
114.3 0 1.6 1.0 NULL
115.89999999999999 2 2.0 1.0 square
117.9 0 1.0 1.0 NULL
118.9 1 2.0 1.0 line
120.9 0 1.0 1.0 NULL
121.9 1 2.0 1.0 line
123.9 0 1.3 1.0 NULL
125.2 1 2.0 1.0 line
127.2 0 1.4 1.0 NULL
128.6 4 2.0 1.0 triangle
130.6 0 1.2 1.0 NULL
