0.0 0 1.0 1.0 NULL
1.0 2 2.0 1.0 square
3.0 0 1.0 1.0 NULL
4.0 3 2.0 1.0 circle
6.0 0 1.9 1.0 NULL
7.9 4 2.0 1.0 triangle
9.9 0 1.0 1.0 NULL
10.9 3 2.0 1.0 circle
12.9 0 1.1 1.0 NULL
14.0 3 2.0 1.0 circle
16.0 0 1.3 1.0 NULL
17.3 1 2.0 1.0 line
19.3 0 1.0 1.0 NULL
20.3 1 2.0 1.0 line
22.3 0 1.0 1.0 NULL
23.3 1 2.0 1.0 line
25.299999999999997 0 1.2 1.0 NULL
26.499999999999996 2 2.0 1.0 square
28.499999999999996 0 1.2 1.0 NULL
29.699999999999996 2 2.0 1.0 square
31.699999999999996 0 1.3 1.0 NULL
32.99999999999999 3 2.0 1.0 circle
34.99999999999999 0 1.9 1.0 NULL
36.89999999999999 3 2.0 1.0 circle
38.900000000000006 0 1.0 1.0 NULL
39.900000000000006 3 2.0 1.0 circle
41.900000000000006 0 1.0 1.0 NULL
42.900000000000006 2 2.0 1.0 square
44.900000000000006 0 2.0 1.0 NULL
46.900000000000006 4 2.0 1.0 triangle
48.900000000000006 0 1.0 1.0 NULL
49.900000000000006 4 2.0 1.0 triangle
51.900000000000006 0 1.4 1.0 NULL
53.300000000000004 2 2.0 1.0 square
55.300000000000004 0 1.1 1.0 NULL
56.400000000000006 4 2.0 1.0 triangle
58.400000000000006 0 1.1 1.0 NULL
59.50000000000001 3 2.0 1.0 circle
61.50000000000001 0 1.0 1.0 NULL
62.50000000000001 1 2.0 1.0 line
64.5 0 1.1 1.0 NULL
65.6 4 2.0 1.0 triangle
67.6 0 1.0 1.0 NULL
68.6 4 2.0 1.0 triangle
70.6 0 1.3 1.0 NULL
71.89999999999999 1 2.0 1.0 line
73.89999999999999 0 1.6 1.0 NULL
75.49999999999999 1 2.0 1.0 line
77.5 0 1.2 1.0 NULL
78.7 2 2.0 1.0 square
80.7 0 1.7 1.0 NULL
82.4 4 2.0 1.0 triangle
84.4 0 1.2 1.0 NULL
85.60000000000001 2 2.0 1.0 square
87.60000000000001 0 1.0 1.0 NULL
88.60000000000001 4 2.0 1.0 triangle
90.6 0 1.5 1.0 NULL
92.1 3 2.0 1.0 circle
94.1 0 1.1 1.0 NULL
95.19999999999999 1 2.0 1.0 line
97.19999999999999 0 1.9 1.0 NULL
99.1 2 2.0 1.0 square
101.1 0 1.0 1.0 NULL
102.1 1 2.0 1.0 line
104.1 0 1.3 1.0 NULL
105.39999999999999 1 2.0 1.0 line
107.39999999999999 0 1.1 1.0 NULL
108.49999999999999 3 2.0 1.0 circle
110.49999999999999 0 1.1 1.0 NULL
111.59999999999998 4 2.0 1.0 triangle
113.59999999999998 0 1.1 1.0 NULL
114.69999999999997 2 2.0 1.0 square
116.7 0 1.4 1.0 NULL
118.10000000000001 3 2.0 1.0 circle
120.10000000000001 0 1.0 1.0 NULL
121.10000000000001 4 2.0 1.0 triangle
123.10000000000001 0 1.2 1.0 NULL
124.30000000000001 1 2.0 1.0 line
126.30000000000001 0 1.1 1.0 NULL
127.4 2 2.0 1.0 square
129.4 0 1.6 1.0 NULL
