0.0 0 1.0 1.0 NULL
1.0 2 2.0 1.0 square
3.0 0 1.0 1.0 NULL
4.0 1 2.0 1.0 line
6.0 0 1.0 1.0 NULL
7.0 4 2.0 1.0 triangle
9.0 0 1.0 1.0 NULL
10.0 1 2.0 1.0 line
12.0 0 1.8 1.0 NULL
13.8 4 2.0 1.0 triangle
15.8 0 1.4 1.0 NULL
17.2 3 2.0 1.0 circle
19.2 0 1.1 1.0 NULL
20.3 4 2.0 1.0 triangle
22.3 0 1.2 1.0 NULL
23.5 4 2.0 1.0 triangle
25.5 0 1.1 1.0 NULL
26.6 2 2.0 1.0 square
28.6 0 1.1 1.0 NULL
29.700000000000003 4 2.0 1.0 triangle
31.700000000000003 0 1.1 1.0 NULL
32.800000000000004 2 2.0 1.0 square
34.800000000000004 0 1.0 1.0 NULL
35.800000000000004 3 2.0 1.0 circle
37.8 0 1.6 1.0 NULL
39.4 1 2.0 1.0 line
41.4 0 1.0 1.0 NULL
42.4 3 2.0 1.0 circle
44.4 0 1.4 1.0 NULL
45.8 4 2.0 1.0 triangle
47.8 0 1.1 1.0 NULL
48.9 3 2.0 1.0 circle
50.9 0 1.2 1.0 NULL
52.1 1 2.0 1.0 line
54.1 0 1.1 1.0 NULL
55.2 2 2.0 1.0 square
57.2 0 1.4 1.0 NULL
58.6 1 2.0 1.0 line
60.6 0 1.0 1.0 NULL
61.6 2 2.0 1.0 square
63.599999999999994 0 1.4 1.0 NULL
65.0 3 2.0 1.0 circle
67.0 0 1.0 1.0 NULL
68.0 2 2.0 1.0 square
70.0 0 1.2 1.0 NULL
71.2 1 2.0 1.0 line
73.2 0 2.0 1.0 NULL
75.2 1 2.0 1.0 line
77.2 0 1.0 1.0 NULL
78.2 4 2.0 1.0 triangle
80.2 0 1.2 1.0 NULL
81.4 2 2.0 1.0 square
83.4 0 1.9 1.0 NULL
85.30000000000001 3 2.0 1.0 circle
87.30000000000001 0 1.5 1.0 NULL
88.80000000000001 4 2.0 1.0 triangle
90.80000000000001 0 1.1 1.0 NULL
91.9 3 2.0 1.0 circle
93.9 0 1.3 1.0 NULL
95.2 4 2.0 1.0 triangle
97.2 0 1.0 1.0 NULL
98.2 2 2.0 1.0 square
100.2 0 1.0 1.0 NULL
101.2 4 2.0 1.0 triangle
103.2 0 1.9 1.0 NULL
105.10000000000001 3 2.0 1.0 circle
107.10000000000001 0 1.0 1.0 NULL
108.10000000000001 3 2.0 1.0 circle
110.10000000000001 0 1.2 1.0 NULL
111.30000000000001 2 2.0 1.0 square
113.30000000000001 0 1.0 1.0 NULL
114.30000000000001 1 2.0 1.0 line
116.3 0 1.2 1.0 NULL
117.5 3 2.0 1.0 circle
119.5 0 1.1 1.0 NULL
120.6 1 2.0 1.0 line
122.6 0 2.0 1.0 NULL
124.6 2 2.0 1.0 square
126.6 0 1.0 1.0 NULL
127.6 1 2.0 1.0 line
129.6 0 1.4 1.0 NULL
