0.0 0 1.0 1.0 NULL
1.0 1 2.0 1.0 line
3.0 0 1.2 1.0 NULL
4.2 2 2.0 1.0 square
6.2 0 1.3 1.0 NULL
7.5 3 2.0 1.0 circle
9.5 0 1.3 1.0 NULL
10.8 3 2.0 1.0 circle
12.8 0 1.8 1.0 NULL
14.600000000000001 1 2.0 1.0 line
16.6 0 1.1 1.0 NULL
17.700000000000003 4 2.0 1.0 triangle
19.700000000000003 0 1.0 1.0 NULL
20.700000000000003 3 2.0 1.0 circle
22.700000000000003 0 1.7 1.0 NULL
24.400000000000002 1 2.0 1.0 line
26.4 0 1.3 1.0 NULL
27.7 3 2.0 1.0 circle
29.7 0 1.5 1.0 NULL
31.2 2 2.0 1.0 square
33.2 0 1.1 1.0 NULL
34.300000000000004 2 2.0 1.0 square
36.300000000000004 0 1.0 1.0 NULL
37.300000000000004 2 2.0 1.0 square
39.3 0 1.6 1.0 NULL
40.9 2 2.0 1.0 square
42.9 0 1.0 1.0 NULL
43.9 4 2.0 1.0 triangle
45.9 0 1.4 1.0 NULL
47.3 1 2.0 1.0 line
49.3 0 1.4 1.0 NULL
50.699999999999996 2 2.0 1.0 square
52.7 0 1.4 1.0 NULL
54.1 1 2.0 1.0 line
56.1 0 1.3 1.0 NULL
57.4 1 2.0 1.0 line
59.4 0 1.0 1.0 NULL
60.4 1 2.0 1.0 line
62.4 0 1.0 1.0 NULL
63.4 4 2.0 1.0 triangle
65.4 0 2.0 1.0 NULL
67.4 3 2.0 1.0 circle
69.4 0 1.0 1.0 NULL
70.4 3 2.0 1.0 circle
72.4 0 1.0 1.0 NULL
73.4 4 2.0 1.0 triangle
75.4 0 1.0 1.0 NULL
76.4 3 2.0 1.0 circle
78.4 0 1.7 1.0 NULL
80.10000000000001 4 2.0 1.0 triangle
82.10000000000001 0 1.1 1.0 NULL
83.2 1 2.0 1.0 line
85.2 0 1.2 1.0 NULL
86.4 4 2.0 1.0 triangle
88.4 0 1.6 1.0 NULL
90.0 4 2.0 1.0 triangle
92.0 0 1.0 1.0 NULL
93.0 4 2.0 1.0 triangle
95.0 0 1.4 1.0 NULL
96.4 3 2.0 1.0 circle
98.4 0 1.0 1.0 NULL
99.4 1 2.0 1.0 line
101.4 0 1.1 1.0 NULL
102.5 2 2.0 1.0 square
104.5 0 1.1 1.0 NULL
105.6 4 2.0 1.0 triangle
107.6 0 1.0 1.0 NULL
108.6 3 2.0 1.0 circle
110.6 0 1.5 1.0 NULL
112.1 3 2.0 1.0 circle
114.1 0 1.1 1.0 NULL
115.19999999999999 2 2.0 1.0 square
117.2 0 1.0 1.0 NULL
118.2 1 2.0 1.0 line
120.2 0 1.5 1.0 NULL
121.7 2 2.0 1.0 square
123.7 0 1.2 1.0 NULL
124.9 4 2.0 1.0 triangle
126.9 0 1.1 1.0 NULL
128.0 2 2.0 1.0 square
130.0 0 1.0 1.0 NULL
