0.0 0 1.0 1.0 NULL
1.0 3 2.0 1.0 circle
3.0 0 1.1 1.0 NULL
4.1 1 2.0 1.0 line
6.1 0 1.3 1.0 NULL
7.3999999999999995 2 2.0 1.0 square
9.399999999999999 0 1.0 1.0 NULL
10.399999999999999 4 2.0 1.0 triangle
12.399999999999999 0 1.1 1.0 NULL
13.499999999999998 1 2.0 1.0 line
15.499999999999998 0 1.8 1.0 NULL
17.299999999999997 3 2.0 1.0 circle
19.299999999999997 0 1.0 1.0 NULL
20.299999999999997 2 2.0 1.0 square
22.299999999999997 0 1.1 1.0 NULL
23.4 3 2.0 1.0 circle
25.4 0 1.7 1.0 NULL
27.099999999999998 3 2.0 1.0 circle
29.099999999999998 0 1.0 1.0 NULL
30.099999999999998 2 2.0 1.0 square
32.099999999999994 0 1.0 1.0 NULL
33.099999999999994 2 2.0 1.0 square
35.099999999999994 0 1.0 1.0 NULL
36.099999999999994 1 2.0 1.0 line
38.1 0 1.0 1.0 NULL
39.1 4 2.0 1.0 triangle
41.1 0 1.5 1.0 NULL
42.6 4 2.0 1.0 triangle
44.6 0 1.2 1.0 NULL
45.800000000000004 2 2.0 1.0 square
47.800000000000004 0 1.6 1.0 NULL
49.400000000000006 2 2.0 1.0 square
51.400000000000006 0 1.0 1.0 NULL
52.400000000000006 3 2.0 1.0 circle
54.400000000000006 0 1.0 1.0 NULL
55.400000000000006 1 2.0 1.0 line
57.400000000000006 0 1.0 1.0 NULL
58.400000000000006 3 2.0 1.0 circle
60.400000000000006 0 1.2 1.0 NULL
61.60000000000001 3 2.0 1.0 circle
63.6 0 1.7 1.0 NULL
65.3 1 2.0 1.0 line
67.3 0 1.0 1.0 NULL
68.3 4 2.0 1.0 triangle
70.3 0 1.6 1.0 NULL
71.89999999999999 1 2.0 1.0 line
73.89999999999999 0 1.6 1.0 NULL
75.49999999999999 3 2.0 1.0 circle
77.5 0 1.1 1.0 NULL
78.6 1 2.0 1.0 line
80.6 0 1.5 1.0 NULL
82.1 4 2.0 1.0 triangle
84.1 0 1.3 1.0 NULL
85.39999999999999 1 2.0 1.0 line
87.39999999999999 0 1.1 1.0 NULL
88.49999999999999 2 2.0 1.0 square
90.5 0 1.2 1.0 NULL
91.7 1 2.0 1.0 line
93.7 0 1.1 1.0 NULL
94.8 2 2.0 1.0 square
96.8 0 1.4 1.0 NULL
98.2 3 2.0 1.0 circle
100.2 0 1.5 1.0 NULL
101.7 4 2.0 1.0 triangle
103.7 0 1.2 1.0 NULL
104.9 4 2.0 1.0 triangle
106.9 0 1.1 1.0 NULL
108.0 4 2.0 1.0 triangle
110.0 0 1.1 1.0 NULL
111.1 2 2.0 1.0 square
113.1 0 1.7 1.0 NULL
114.8 4 2.0 1.0 triangle
116.8 0 1.4 1.0 NULL
118.2 2 2.0 1.0 square
120.2 0 1.1 1.0 NULL
121.3 4 2.0 1.0 triangle
123.3 0 1.2 1.0 NULL
124.5 3 2.0 1.0 circle
126.5 0 1.3 1.0 NULL
127.8 1 2.0 1.0 line
129.8 0 1.2 1.0 NULL
