0.0 0 1.3 1.0 NULL
1.3 1 2.0 1.0 line
3.3 0 1.0 1.0 NULL
4.3 4 2.0 1.0 triangle
6.3 0 1.2 1.0 NULL
7.5 1 2.0 1.0 line
9.5 0 1.1 1.0 NULL
10.6 4 2.0 1.0 triangle
12.600000000000001 0 1.0 1.0 NULL
13.600000000000001 4 2.0 1.0 triangle
15.600000000000001 0 1.6 1.0 NULL
17.200000000000003 2 2.0 1.0 square
19.200000000000003 0 1.2 1.0 NULL
20.400000000000002 1 2.0 1.0 line
22.400000000000002 0 1.0 1.0 NULL
23.400000000000002 3 2.0 1.0 circle
25.4 0 1.8 1.0 NULL
27.2 2 2.0 1.0 square
29.2 0 1.1 1.0 NULL
30.3 4 2.0 1.0 triangle
32.3 0 1.7 1.0 NULL
34.0 3 2.0 1.0 circle
36.0 0 1.0 1.0 NULL
37.0 2 2.0 1.0 square
39.0 0 1.1 1.0 NULL
40.1 1 2.0 1.0 line
42.1 0 1.9 1.0 NULL
44.0 3 2.0 1.0 circle
46.0 0 1.0 1.0 NULL
47.0 3 2.0 1.0 circle
49.0 0 1.0 1.0 NULL
50.0 4 2.0 1.0 triangle
52.0 0 1.2 1.0 NULL
53.2 1 2.0 1.0 line
55.2 0 1.3 1.0 NULL
56.5 2 2.0 1.0 square
58.5 0 1.3 1.0 NULL
59.8 4 2.0 1.0 triangle
61.8 0 1.3 1.0 NULL
63.099999999999994 1 2.0 1.0 line
65.1 0 1.1 1.0 NULL
66.19999999999999 2 2.0 1.0 square
68.19999999999999 0 1.3 1.0 NULL
69.49999999999999 2 2.0 1.0 square
71.49999999999999 0 1.0 1.0 NULL
72.49999999999999 3 2.0 1.0 circle
74.49999999999999 0 1.8 1.0 NULL
76.29999999999998 3 2.0 1.0 circle
78.3 0 1.1 1.0 NULL
79.39999999999999 2 2.0 1.0 square
81.39999999999999 0 1.3 1.0 NULL
82.69999999999999 3 2.0 1.0 circle
84.69999999999999 0 1.0 1.0 NULL
85.69999999999999 3 2.0 1.0 circle
87.69999999999999 0 1.3 1.0 NULL
88.99999999999999 2 2.0 1.0 square
91.0 0 1.0 1.0 NULL
92.0 2 2.0 1.0 square
94.0 0 1.1 1.0 NULL
95.1 4 2.0 1.0 triangle
97.1 0 1.1 1.0 NULL
98.19999999999999 4 2.0 1.0 triangle
100.19999999999999 0 1.5 1.0 NULL
101.69999999999999 4 2.0 1.0 triangle
103.7 0 1.6 1.0 NULL
105.3 1 2.0 1.0 line
107.3 0 1.1 1.0 NULL
108.39999999999999 3 2.0 1.0 circle
110.39999999999999 0 1.2 1.0 NULL
111.6 1 2.0 1.0 line
113.6 0 1.3 1.0 NULL
114.89999999999999 3 2.0 1.0 circle
116.9 0 1.4 1.0 NULL
118.30000000000001 1 2.0 1.0 line
120.30000000000001 0 1.0 1.0 NULL
121.30000000000001 1 2.0 1.0 line
123.30000000000001 0 1.7 1.0 NULL
125.00000000000001 2 2.0 1.0 square
127.00000000000001 0 1.3 1.0 NULL
128.3 4 2.0 1.0 triangle
130.3 0 1.0 1.0 NULL
