0.0 0 1.1 1.0 NULL
1.1 4 2.0 1.0 triangle
3.1 0 1.2 1.0 NULL
4.3 1 2.0 1.0 line
6.3 0 1.0 1.0 NULL
7.3 4 2.0 1.0 triangle
9.3 0 1.4 1.0 NULL
10.700000000000001 4 2.0 1.0 triangle
12.700000000000001 0 1.2 1.0 NULL
13.9 3 2.0 1.0 circle
15.9 0 1.2 1.0 NULL
17.1 3 2.0 1.0 circle
19.1 0 1.0 1.0 NULL
20.1 2 2.0 1.0 square
22.1 0 1.2 1.0 NULL
23.3 3 2.0 1.0 circle
25.299999999999997 0 1.3 1.0 NULL
26.599999999999998 4 2.0 1.0 triangle
28.599999999999998 0 1.6 1.0 NULL
30.2 2 2.0 1.0 square
32.2 0 1.8 1.0 NULL
34.0 2 2.0 1.0 square
36.0 0 1.1 1.0 NULL
37.1 2 2.0 1.0 square
39.1 0 1.2 1.0 NULL
40.300000000000004 3 2.0 1.0 circle
42.300000000000004 0 1.4 1.0 NULL
43.7 1 2.0 1.0 line
45.7 0 1.0 1.0 NULL
46.7 3 2.0 1.0 circle
48.7 0 1.6 1.0 NULL
50.300000000000004 2 2.0 1.0 square
52.300000000000004 0 1.1 1.0 NULL
53.400000000000006 1 2.0 1.0 line
55.400000000000006 0 1.9 1.0 NULL
57.300000000000004 1 2.0 1.0 line
59.300000000000004 0 1.5 1.0 NULL
60.800000000000004 3 2.0 1.0 circle
62.800000000000004 0 1.1 1.0 NULL
63.900000000000006 3 2.0 1.0 circle
65.9 0 1.7 1.0 NULL
67.60000000000001 1 2.0 1.0 line
69.60000000000001 0 1.1 1.0 NULL
70.7 4 2.0 1.0 triangle
72.7 0 1.1 1.0 NULL
73.8 4 2.0 1.0 triangle
75.8 0 1.5 1.0 NULL
77.3 2 2.0 1.0 square
79.3 0 1.4 1.0 NULL
80.7 2 2.0 1.0 square
82.7 0 1.4 1.0 NULL
84.10000000000001 4 2.0 1.0 triangle
86.10000000000001 0 1.0 1.0 NULL
87.10000000000001 1 2.0 1.0 line
89.10000000000001 0 1.2 1.0 NULL
90.30000000000001 1 2.0 1.0 line
92.3 0 1.0 1.0 NULL
93.3 2 2.0 1.0 square
95.3 0 1.5 1.0 NULL
96.8 3 2.0 1.0 circle
98.8 0 1.1 1.0 NULL
99.89999999999999 2 2.0 1.0 square
101.89999999999999 0 1.0 1.0 NULL
102.89999999999999 4 2.0 1.0 triangle
104.9 0 1.1 1.0 NULL
106.0 1 2.0 1.0 line
108.0 0 1.0 1.0 NULL
109.0 1 2.0 1.0 line
111.0 0 1.3 1.0 NULL
112.3 3 2.0 1.0 circle
114.3 0 1.1 1.0 NULL
115.39999999999999 4 2.0 1.0 triangle
117.4 0 1.2 1.0 NULL
118.60000000000001 2 2.0 1.0 square
120.60000000000001 0 1.2 1.0 NULL
121.80000000000001 1 2.0 1.0 line
123.80000000000001 0 1.1 1.0 NULL
124.9 4 2.0 1.0 triangle
126.9 0 1.0 1.0 NULL
127.9 3 2.0 1.0 circle
129.89999999999998 0 1.2 1.0 NULL
