0.0 0 1.9 1.0 NULL
1.9 4 2.0 1.0 triangle
3.9 0 1.0 1.0 NULL
4.9 3 2.0 1.0 circle
6.9 0 1.0 1.0 NULL
7.9 3 2.0 1.0 circle
9.9 0 1.6 1.0 NULL
11.5 2 2.0 1.0 square
13.5 0 1.2 1.0 NULL
14.7 1 2.0 1.0 line
16.7 0 1.3 1.0 NULL
18.0 1 2.0 1.0 line
20.0 0 1.3 1.0 NULL
21.3 4 2.0 1.0 triangle
23.3 0 1.1 1.0 NULL
24.400000000000002 3 2.0 1.0 circle
26.4 0 1.1 1.0 NULL
27.5 2 2.0 1.0 square
29.5 0 1.0 1.0 NULL
30.5 2 2.0 1.0 square
32.5 0 1.2 1.0 NULL
33.7 4 2.0 1.0 triangle
35.7 0 1.7 1.0 NULL
37.400000000000006 2 2.0 1.0 square
39.4 0 1.0 1.0 NULL
40.4 3 2.0 1.0 circle
42.4 0 1.4 1.0 NULL
43.8 3 2.0 1.0 circle
45.8 0 1.0 1.0 NULL
46.8 1 2.0 1.0 line
48.8 0 1.0 1.0 NULL
49.8 1 2.0 1.0 line
51.8 0 1.4 1.0 NULL
53.199999999999996 3 2.0 1.0 circle
55.199999999999996 0 1.0 1.0 NULL
56.199999999999996 2 2.0 1.0 square
58.199999999999996 0 1.0 1.0 NULL
59.199999999999996 2 2.0 1.0 square
61.199999999999996 0 1.1 1.0 NULL
62.3 2 2.0 1.0 square
64.3 0 1.1 1.0 NULL
65.39999999999999 1 2.0 1.0 line
67.39999999999999 0 1.9 1.0 NULL
69.3 4 2.0 1.0 triangle
71.3 0 1.0 1.0 NULL
72.3 1 2.0 1.0 line
74.3 0 1.4 1.0 NULL
75.7 3 2.0 1.0 circle
77.69999999999999 0 1.1 1.0 NULL
78.79999999999998 1 2.0 1.0 line
80.79999999999998 0 1.2 1.0 NULL
81.99999999999999 4 2.0 1.0 triangle
83.99999999999999 0 1.7 1.0 NULL
85.69999999999999 3 2.0 1.0 circle
87.69999999999999 0 1.1 1.0 NULL
88.79999999999998 3 2.0 1.0 circle
90.8 0 1.0 1.0 NULL
91.8 2 2.0 1.0 square
93.8 0 1.6 1.0 NULL
95.39999999999999 4 2.0 1.0 triangle
97.39999999999999 0 1.0 1.0 NULL
98.39999999999999 4 2.0 1.0 triangle
100.39999999999999 0 1.8 1.0 NULL
102.19999999999999 4 2.0 1.0 triangle
104.19999999999999 0 1.2 1.0 NULL
105.39999999999999 1 2.0 1.0 line
107.39999999999999 0 1.8 1.0 NULL
109.19999999999999 4 2.0 1.0 triangle
111.19999999999999 0 1.1 1.0 NULL
112.29999999999998 4 2.0 1.0 triangle
114.29999999999998 0 1.3 1.0 NULL
115.59999999999998 1 2.0 1.0 line
117.6 0 1.0 1.0 NULL
118.6 2 2.0 1.0 square
120.6 0 1.3 1.0 NULL
121.89999999999999 1 2.0 1.0 line
123.89999999999999 0 1.6 1.0 NULL
125.49999999999999 3 2.0 1.0 circle
127.49999999999999 0 1.0 1.0 NULL
128.5 2 2.0 1.0 square
130.5 0 1.4 1.0 NULL
