0.0 0 1.4 1.0 NULL
1.4 1 2.0 1.0 line
3.4 0 1.3 1.0 NULL
4.7 1 2.0 1.0 line
6.7 0 1.0 1.0 NULL
7.7 4 2.0 1.0 triangle
9.7 0 1.4 1.0 NULL
11.1 4 2.0 1.0 triangle
13.1 0 1.0 1.0 NULL
14.1 2 2.0 1.0 square
16.1 0 1.2 1.0 NULL
17.3 3 2.0 1.0 circle
19.3 0 1.2 1.0 NULL
20.5 4 2.0 1.0 triangle
22.5 0 1.0 1.0 NULL
23.5 4 2.0 1.0 triangle
25.5 0 1.2 1.0 NULL
26.7 2 2.0 1.0 square
28.7 0 1.0 1.0 NULL
29.7 3 2.0 1.0 circle
31.7 0 1.7 1.0 NULL
33.4 1 2.0 1.0 line
35.4 0 1.8 1.0 NULL
37.199999999999996 3 2.0 1.0 circle
39.2 0 1.0 1.0 NULL
40.2 2 2.0 1.0 square
42.2 0 1.1 1.0 NULL
43.300000000000004 4 2.0 1.0 triangle
45.300000000000004 0 1.1 1.0 NULL
46.400000000000006 3 2.0 1.0 circle
48.400000000000006 0 1.2 1.0 NULL
49.60000000000001 1 2.0 1.0 line
51.599999999999994 0 1.7 1.0 NULL
53.3 3 2.0 1.0 circle
55.3 0 1.1 1.0 NULL
56.4 3 2.0 1.0 circle
58.4 0 1.0 1.0 NULL
59.4 3 2.0 1.0 circle
61.4 0 1.8 1.0 NULL
63.199999999999996 2 2.0 1.0 square
65.2 0 1.3 1.0 NULL
66.5 2 2.0 1.0 square
68.5 0 1.4 1.0 NULL
69.9 4 2.0 1.0 triangle
71.9 0 1.0 1.0 NULL
72.9 2 2.0 1.0 square
74.9 0 2.0 1.0 NULL
76.9 3 2.0 1.0 circle
78.9 0 1.0 1.0 NULL
79.9 4 2.0 1.0 triangle
81.9 0 1.0 1.0 NULL
82.9 3 2.0 1.0 circle
84.9 0 1.1 1.0 NULL
86.0 2 2.0 1.0 square
88.0 0 1.1 1.0 NULL
89.1 2 2.0 1.0 square
91.1 0 1.0 1.0 NULL
92.1 4 2.0 1.0 triangle
94.1 0 1.1 1.0 NULL
95.19999999999999 1 2.0 1.0 line
97.19999999999999 0 1.2 1.0 NULL
98.39999999999999 1 2.0 1.0 line
100.39999999999999 0 1.7 1.0 NULL
102.1 4 2.0 1.0 triangle
104.1 0 1.0 1.0 NULL
105.1 1 2.0 1.0 line
107.1 0 1.3 1.0 NULL
108.39999999999999 2 2.0 1.0 square
110.39999999999999 0 1.0 1.0 NULL
111.39999999999999 3 2.0 1.0 circle
113.39999999999999 0 1.0 1.0 NULL
114.39999999999999 1 2.0 1.0 line
116.4 0 1.1 1.0 NULL
117.5 4 2.0 1.0 triangle
119.5 0 1.4 1.0 NULL
120.9 1 2.0 1.0 line
122.9 0 1.4 1.0 NULL
124.30000000000001 1 2.0 1.0 line
126.30000000000001 0 2.0 1.0 NULL
128.3 2 2.0 1.0 square
130.3 0 1.1 1.0 NULL
