0.0 0 1.3 1.0 NULL
1.3 2 2.0 1.0 square
3.3 0 1.0 1.0 NULL
4.3 3 2.0 1.0 circle
6.3 0 1.0 1.0 NULL
7.3 2 2.0 1.0 square
9.3 0 1.4 1.0 NULL
10.700000000000001 3 2.0 1.0 circle
12.7 0 1.7 1.0 NULL
14.399999999999999 1 2.0 1.0 line
16.4 0 1.5 1.0 NULL
17.9 2 2.0 1.0 square
19.9 0 1.2 1.0 NULL
21.099999999999998 1 2.0 1.0 line
23.099999999999998 0 1.5 1.0 NULL
24.599999999999998 4 2.0 1.0 triangle
26.6 0 1.0 1.0 NULL
27.6 4 2.0 1.0 triangle
29.6 0 1.0 1.0 NULL
30.6 3 2.0 1.0 circle
32.6 0 1.2 1.0 NULL
33.800000000000004 1 2.0 1.0 line
35.800000000000004 0 1.0 1.0 NULL
36.800000000000004 1 2.0 1.0 line
38.8 0 1.1 1.0 NULL
39.9 2 2.0 1.0 square
41.9 0 1.5 1.0 NULL
43.4 3 2.0 1.0 circle
45.4 0 1.1 1.0 NULL
46.5 2 2.0 1.0 square
48.5 0 1.8 1.0 NULL
50.3 2 2.0 1.0 square
52.3 0 1.1 1.0 NULL
53.4 4 2.0 1.0 triangle
55.4 0 1.6 1.0 NULL
57.0 1 2.0 1.0 line
59.0 0 1.1 1.0 NULL
60.1 1 2.0 1.0 line
62.1 0 1.0 1.0 NULL
63.1 4 2.0 1.0 triangle
65.1 0 1.0 1.0 NULL
66.1 3 2.0 1.0 circle
68.1 0 1.3 1.0 NULL
69.39999999999999 1 2.0 1.0 line
71.39999999999999 0 1.3 1.0 NULL
72.69999999999999 3 2.0 1.0 circle
74.69999999999999 0 1.0 1.0 NULL
75.69999999999999 3 2.0 1.0 circle
77.69999999999999 0 1.3 1.0 NULL
78.99999999999999 3 2.0 1.0 circle
80.99999999999999 0 1.3 1.0 NULL
82.29999999999998 4 2.0 1.0 triangle
84.29999999999998 0 1.2 1.0 NULL
85.49999999999999 2 2.0 1.0 square
87.49999999999999 0 1.0 1.0 NULL
88.49999999999999 4 2.0 1.0 triangle
90.5 0 1.2 1.0 NULL
91.7 4 2.0 1.0 triangle
93.7 0 1.0 1.0 NULL
94.7 1 2.0 1.0 line
96.7 0 1.0 1.0 NULL
97.7 1 2.0 1.0 line
99.7 0 1.0 1.0 NULL
100.7 3 2.0 1.0 circle
102.69999999999999 0 1.8 1.0 NULL
104.49999999999999 2 2.0 1.0 square
106.49999999999999 0 1.1 1.0 NULL
107.59999999999998 1 2.0 1.0 line
109.59999999999998 0 2.0 1.0 NULL
111.59999999999998 4 2.0 1.0 triangle
113.59999999999998 0 1.1 1.0 NULL
114.69999999999997 4 2.0 1.0 triangle
116.69999999999999 0 1.0 1.0 NULL
117.69999999999999 2 2.0 1.0 square
119.69999999999999 0 1.2 1.0 NULL
120.89999999999999 3 2.0 1.0 circle
122.89999999999999 0 1.0 1.0 NULL
123.89999999999999 2 2.0 1.0 square
125.89999999999999 0 1.2 1.0 NULL
127.1 4 2.0 1.0 triangle
129.1 0 2.2 1.0 NULL
