0.0 0 1.0 1.0 NULL
1.0 2 2.0 1.0 square
3.0 0 1.1 1.0 NULL
4.1 1 2.0 1.0 line
6.1 0 1.1 1.0 NULL
7.199999999999999 2 2.0 1.0 square
9.2 0 1.3 1.0 NULL
10.5 3 2.0 1.0 circle
12.5 0 1.0 1.0 NULL
13.5 1 2.0 1.0 line
15.5 0 1.0 1.0 NULL
16.5 1 2.0 1.0 line
18.5 0 1.4 1.0 NULL
19.9 1 2.0 1.0 line
21.9 0 1.0 1.0 NULL
22.9 3 2.0 1.0 circle
24.9 0 1.7 1.0 NULL
26.599999999999998 4 2.0 1.0 triangle
28.599999999999998 0 1.4 1.0 NULL
29.999999999999996 2 2.0 1.0 square
31.999999999999996 0 1.0 1.0 NULL
33.0 3 2.0 1.0 circle
35.0 0 1.5 1.0 NULL
36.5 1 2.0 1.0 line
38.5 0 1.1 1.0 NULL
39.6 4 2.0 1.0 triangle
41.6 0 1.5 1.0 NULL
43.1 1 2.0 1.0 line
45.1 0 1.3 1.0 NULL
46.4 3 2.0 1.0 circle
48.4 0 1.2 1.0 NULL
49.6 2 2.0 1.0 square
51.6 0 1.2 1.0 NULL
52.800000000000004 2 2.0 1.0 square
54.800000000000004 0 1.6 1.0 NULL
56.400000000000006 4 2.0 1.0 triangle
58.400000000000006 0 1.4 1.0 NULL
59.800000000000004 2 2.0 1.0 square
61.800000000000004 0 1.5 1.0 NULL
63.300000000000004 1 2.0 1.0 line
65.30000000000001 0 1.2 1.0 NULL
66.50000000000001 3 2.0 1.0 circle
68.50000000000001 0 1.0 1.0 NULL
69.50000000000001 3 2.0 1.0 circle
71.50000000000001 0 1.0 1.0 NULL
72.50000000000001 4 2.0 1.0 triangle
74.50000000000001 0 1.0 1.0 NULL
75.50000000000001 1 2.0 1.0 line
77.5 0 1.6 1.0 NULL
79.1 4 2.0 1.0 triangle
81.1 0 1.6 1.0 NULL
82.69999999999999 2 2.0 1.0 square
84.69999999999999 0 1.0 1.0 NULL
85.69999999999999 2 2.0 1.0 square
87.69999999999999 0 1.0 1.0 NULL
88.69999999999999 1 2.0 1.0 line
90.7 0 2.0 1.0 NULL
92.7 3 2.0 1.0 circle
94.7 0 1.0 1.0 NULL
95.7 4 2.0 1.0 triangle
97.7 0 1.2 1.0 NULL
98.9 4 2.0 1.0 triangle
100.9 0 1.1 1.0 NULL
102.0 4 2.0 1.0 triangle
104.0 0 1.3 1.0 NULL
105.3 4 2.0 1.0 triangle
107.3 0 1.1 1.0 NULL
108.39999999999999 2 2.0 1.0 square
110.39999999999999 0 1.2 1.0 NULL
111.6 3 2.0 1.0 circle
113.6 0 1.4 1.0 NULL
115.0 3 2.0 1.0 circle
117.0 0 1.5 1.0 NULL
118.5 4 2.0 1.0 triangle
120.5 0 1.3 1.0 NULL
121.8 3 2.0 1.0 circle
123.8 0 1.2 1.0 NULL
125.0 2 2.0 1.0 square
127.0 0 1.0 1.0 NULL
128.0 1 2.0 1.0 line
130.0 0 1.0 1.0 NULL
