0.0 0 1.2 1.0 NULL
1.2 3 2.0 1.0 circle
3.2 0 1.0 1.0 NULL
4.2 2 2.0 1.0 square
6.2 0 1.0 1.0 NULL
7.2 1 2.0 1.0 line
9.2 0 1.1 1.0 NULL
10.299999999999999 1 2.0 1.0 line
12.3 0 1.0 1.0 NULL
13.3 3 2.0 1.0 circle
15.3 0 1.0 1.0 NULL
16.3 1 2.0 1.0 line
18.3 0 2.0 1.0 NULL
20.3 3 2.0 1.0 circle
22.3 0 1.0 1.0 NULL
23.3 3 2.0 1.0 circle
25.299999999999997 0 1.8 1.0 NULL
27.099999999999998 4 2.0 1.0 triangle
29.099999999999998 0 1.0 1.0 NULL
30.099999999999998 1 2.0 1.0 line
32.099999999999994 0 1.0 1.0 NULL
33.099999999999994 2 2.0 1.0 square
35.099999999999994 0 1.3 1.0 NULL
36.39999999999999 4 2.0 1.0 triangle
38.4 0 1.5 1.0 NULL
39.9 2 2.0 1.0 square
41.9 0 1.3 1.0 NULL
43.199999999999996 3 2.0 1.0 circle
45.199999999999996 0 1.0 1.0 NULL
46.199999999999996 4 2.0 1.0 triangle
48.199999999999996 0 1.1 1.0 NULL
49.3 2 2.0 1.0 square
51.3 0 1.1 1.0 NULL
52.4 4 2.0 1.0 triangle
54.4 0 1.0 1.0 NULL
55.4 4 2.0 1.0 triangle
57.4 0 1.2 1.0 NULL
58.6 4 2.0 1.0 triangle
60.6 0 1.0 1.0 NULL
61.6 3 2.0 1.0 circle
63.6 0 1.4 1.0 NULL
65.0 1 2.0 1.0 line
67.0 0 1.2 1.0 NULL
68.2 4 2.0 1.0 triangle
70.2 0 1.2 1.0 NULL
71.4 3 2.0 1.0 circle
73.4 0 1.6 1.0 NULL
75.0 4 2.0 1.0 triangle
77.0 0 1.4 1.0 NULL
78.4 4 2.0 1.0 triangle
80.4 0 1.0 1.0 NULL
81.4 3 2.0 1.0 circle
83.4 0 1.7 1.0 NULL
85.10000000000001 2 2.0 1.0 square
87.10000000000001 0 1.6 1.0 NULL
88.7 1 2.0 1.0 line
90.69999999999999 0 1.0 1.0 NULL
91.69999999999999 1 2.0 1.0 line
93.69999999999999 0 1.1 1.0 NULL
94.79999999999998 3 2.0 1.0 circle
96.79999999999998 0 1.0 1.0 NULL
97.79999999999998 2 2.0 1.0 square
99.79999999999998 0 1.0 1.0 NULL
100.79999999999998 1 2.0 1.0 line
102.8 0 1.8 1.0 NULL
104.6 1 2.0 1.0 line
106.6 0 1.8 1.0 NULL
108.39999999999999 2 2.0 1.0 square
110.39999999999999 0 1.1 1.0 NULL
111.49999999999999 1 2.0 1.0 line
113.49999999999999 0 1.0 1.0 NULL
114.49999999999999 2 2.0 1.0 square
116.5 0 1.1 1.0 NULL
117.6 3 2.0 1.0 circle
119.6 0 1.2 1.0 NULL
120.8 4 2.0 1.0 triangle
122.8 0 2.0 1.0 NULL
124.8 2 2.0 1.0 square
126.8 0 1.0 1.0 NULL
127.8 2 2.0 1.0 square
129.8 0 1.4 1.0 NULL
