0.0 0 2.0 1.0 NULL
2.0 1 2.0 1.0 line
4.0 0 1.2 1.0 NULL
5.2 3 2.0 1.0 circle
7.2 0 1.0 1.0 NULL
8.2 1 2.0 1.0 line
10.2 0 1.2 1.0 NULL
11.399999999999999 1 2.0 1.0 line
13.4 0 1.3 1.0 NULL
14.700000000000001 3 2.0 1.0 circle
16.700000000000003 0 1.1 1.0 NULL
17.800000000000004 1 2.0 1.0 line
19.800000000000004 0 1.2 1.0 NULL
21.000000000000004 1 2.0 1.0 line
23.000000000000004 0 1.2 1.0 NULL
24.200000000000003 4 2.0 1.0 triangle
26.200000000000003 0 1.1 1.0 NULL
27.300000000000004 3 2.0 1.0 circle
29.300000000000004 0 1.0 1.0 NULL
30.300000000000004 2 2.0 1.0 square
32.300000000000004 0 1.2 1.0 NULL
33.50000000000001 2 2.0 1.0 square
35.50000000000001 0 1.0 1.0 NULL
36.50000000000001 1 2.0 1.0 line
38.5 0 2.0 1.0 NULL
40.5 2 2.0 1.0 square
42.5 0 1.3 1.0 NULL
43.8 2 2.0 1.0 square
45.8 0 1.4 1.0 NULL
47.199999999999996 4 2.0 1.0 triangle
49.199999999999996 0 1.7 1.0 NULL
50.9 2 2.0 1.0 square
52.9 0 1.0 1.0 NULL
53.9 4 2.0 1.0 triangle
55.9 0 1.0 1.0 NULL
56.9 1 2.0 1.0 line
58.9 0 1.4 1.0 NULL
60.3 4 2.0 1.0 triangle
62.3 0 1.0 1.0 NULL
63.3 4 2.0 1.0 triangle
65.30000000000001 0 1.3 1.0 NULL
66.60000000000001 3 2.0 1.0 circle
68.60000000000001 0 2.0 1.0 NULL
70.60000000000001 3 2.0 1.0 circle
72.60000000000001 0 1.0 1.0 NULL
73.60000000000001 4 2.0 1.0 triangle
75.60000000000001 0 1.2 1.0 NULL
76.80000000000001 4 2.0 1.0 triangle
78.80000000000001 0 1.2 1.0 NULL
80.00000000000001 2 2.0 1.0 square
82.00000000000001 0 1.6 1.0 NULL
83.60000000000001 1 2.0 1.0 line
85.60000000000001 0 1.2 1.0 NULL
86.80000000000001 4 2.0 1.0 triangle
88.80000000000001 0 1.3 1.0 NULL
90.10000000000001 2 2.0 1.0 square
92.1 0 1.6 1.0 NULL
93.69999999999999 3 2.0 1.0 circle
95.69999999999999 0 1.1 1.0 NULL
96.79999999999998 3 2.0 1.0 circle
98.79999999999998 0 1.0 1.0 NULL
99.79999999999998 2 2.0 1.0 square
101.79999999999998 0 1.1 1.0 NULL
102.89999999999998 2 2.0 1.0 square
104.89999999999999 0 1.3 1.0 NULL
106.19999999999999 3 2.0 1.0 circle
108.19999999999999 0 1.2 1.0 NULL
109.39999999999999 4 2.0 1.0 triangle
111.39999999999999 0 1.9 1.0 NULL
113.3 4 2.0 1.0 triangle
115.3 0 1.1 1.0 NULL
116.39999999999999 2 2.0 1.0 square
118.39999999999999 0 1.2 1.0 NULL
119.6 3 2.0 1.0 circle
121.6 0 1.0 1.0 NULL
122.6 3 2.0 1.0 circle
124.6 0 1.3 1.0 NULL
125.89999999999999 1 2.0 1.0 line
127.89999999999999 0 1.0 1.0 NULL
128.89999999999998 1 2.0 1.0 line
130.9 0 1.1 1.0 NULL
