0.0 0 2.0 1.0 NULL
2.0 1 2.0 1.0 line
4.0 0 1.2 1.0 NULL
5.2 2 2.0 1.0 square
7.2 0 1.1 1.0 NULL
8.3 2 2.0 1.0 square
10.3 0 1.5 1.0 NULL
11.8 2 2.0 1.0 square
13.8 0 1.6 1.0 NULL
15.4 4 2.0 1.0 triangle
17.4 0 1.0 1.0 NULL
18.4 3 2.0 1.0 circle
20.4 0 1.0 1.0 NULL
21.4 2 2.0 1.0 square
23.4 0 1.5 1.0 NULL
24.9 1 2.0 1.0 line
26.9 0 1.0 1.0 NULL
27.9 2 2.0 1.0 square
29.9 0 1.0 1.0 NULL
30.9 3 2.0 1.0 circle
32.9 0 1.6 1.0 NULL
34.5 3 2.0 1.0 circle
36.5 0 1.1 1.0 NULL
37.6 2 2.0 1.0 square
39.599999999999994 0 1.8 1.0 NULL
41.39999999999999 2 2.0 1.0 square
43.39999999999999 0 1.1 1.0 NULL
44.49999999999999 3 2.0 1.0 circle
46.49999999999999 0 1.1 1.0 NULL
47.599999999999994 3 2.0 1.0 circle
49.599999999999994 0 1.1 1.0 NULL
50.699999999999996 1 2.0 1.0 line
52.7 0 1.0 1.0 NULL
53.7 3 2.0 1.0 circle
55.7 0 1.2 1.0 NULL
56.900000000000006 2 2.0 1.0 square
58.900000000000006 0 1.0 1.0 NULL
59.900000000000006 2 2.0 1.0 square
61.900000000000006 0 1.0 1.0 NULL
62.900000000000006 4 2.0 1.0 triangle
64.9 0 1.4 1.0 NULL
66.30000000000001 3 2.0 1.0 circle
68.30000000000001 0 2.0 1.0 NULL
70.30000000000001 3 2.0 1.0 circle
72.30000000000001 0 1.2 1.0 NULL
73.50000000000001 4 2.0 1.0 triangle
75.50000000000001 0 1.2 1.0 NULL
76.70000000000002 4 2.0 1.0 triangle
78.69999999999999 0 1.0 1.0 NULL
79.69999999999999 4 2.0 1.0 triangle
81.69999999999999 0 1.1 1.0 NULL
82.79999999999998 4 2.0 1.0 triangle
84.79999999999998 0 1.1 1.0 NULL
85.89999999999998 1 2.0 1.0 line
87.89999999999998 0 1.4 1.0 NULL
89.29999999999998 4 2.0 1.0 triangle
91.3 0 1.0 1.0 NULL
92.3 1 2.0 1.0 line
94.3 0 1.3 1.0 NULL
95.6 1 2.0 1.0 line
97.6 0 1.1 1.0 NULL
98.69999999999999 3 2.0 1.0 circle
100.69999999999999 0 1.3 1.0 NULL
101.99999999999999 1 2.0 1.0 line
104.0 0 1.3 1.0 NULL
105.3 4 2.0 1.0 triangle
107.3 0 1.3 1.0 NULL
108.6 3 2.0 1.0 circle
110.6 0 1.0 1.0 NULL
111.6 1 2.0 1.0 line
113.6 0 1.4 1.0 NULL
115.0 2 2.0 1.0 square
117.0 0 1.4 1.0 NULL
118.4 1 2.0 1.0 line
120.4 0 1.2 1.0 NULL
121.60000000000001 1 2.0 1.0 line
123.60000000000001 0 1.8 1.0 NULL
125.4 4 2.0 1.0 triangle
127.4 0 1.2 1.0 NULL
128.6 4 2.0 1.0 triangle
130.60000000000002 0 1.4 1.0 NULL
