0.0 0 1.1 1.0 NULL
1.1 3 2.0 1.0 circle
3.1 0 1.0 1.0 NULL
4.1 4 2.0 1.0 triangle
6.1 0 1.5 1.0 NULL
7.6 3 2.0 1.0 circle
9.6 0 1.0 1.0 NULL
10.6 1 2.0 1.0 line
12.6 0 1.5 1.0 NULL
14.1 2 2.0 1.0 square
16.1 0 2.0 1.0 NULL
18.1 2 2.0 1.0 square
20.1 0 1.1 1.0 NULL
21.200000000000003 4 2.0 1.0 triangle
23.200000000000003 0 1.0 1.0 NULL
24.200000000000003 2 2.0 1.0 square
26.2 0 1.0 1.0 NULL
27.2 2 2.0 1.0 square
29.2 0 1.0 1.0 NULL
30.2 3 2.0 1.0 circle
32.2 0 1.7 1.0 NULL
33.900000000000006 2 2.0 1.0 square
35.900000000000006 0 1.0 1.0 NULL
36.900000000000006 3 2.0 1.0 circle
38.900000000000006 0 1.0 1.0 NULL
39.900000000000006 2 2.0 1.0 square
41.900000000000006 0 1.1 1.0 NULL
43.00000000000001 1 2.0 1.0 line
45.00000000000001 0 1.2 1.0 NULL
46.20000000000001 1 2.0 1.0 line
48.20000000000001 0 1.0 1.0 NULL
49.20000000000001 4 2.0 1.0 triangle
51.2 0 1.0 1.0 NULL
52.2 4 2.0 1.0 triangle
54.2 0 1.0 1.0 NULL
55.2 3 2.0 1.0 circle
57.2 0 1.0 1.0 NULL
58.2 3 2.0 1.0 circle
60.2 0 1.2 1.0 NULL
61.400000000000006 4 2.0 1.0 triangle
63.400000000000006 0 1.2 1.0 NULL
64.60000000000001 4 2.0 1.0 triangle
66.60000000000001 0 1.1 1.0 NULL
67.7 3 2.0 1.0 circle
69.7 0 2.0 1.0 NULL
71.7 1 2.0 1.0 line
73.7 0 1.0 1.0 NULL
74.7 2 2.0 1.0 square
76.7 0 1.4 1.0 NULL
78.10000000000001 4 2.0 1.0 triangle
80.10000000000001 0 1.3 1.0 NULL
81.4 3 2.0 1.0 circle
83.4 0 1.6 1.0 NULL
85.0 1 2.0 1.0 line
87.0 0 1.4 1.0 NULL
88.4 1 2.0 1.0 line
90.4 0 1.3 1.0 NULL
91.7 2 2.0 1.0 square
93.7 0 1.4 1.0 NULL
95.10000000000001 2 2.0 1.0 square
97.10000000000001 0 1.0 1.0 NULL
98.10000000000001 1 2.0 1.0 line
100.10000000000001 0 1.0 1.0 NULL
101.10000000000001 4 2.0 1.0 triangle
103.1 0 1.1 1.0 NULL
104.19999999999999 1 2.0 1.0 line
106.19999999999999 0 1.9 1.0 NULL
108.1 2 2.0 1.0 square
110.1 0 1.1 1.0 NULL
111.19999999999999 3 2.0 1.0 circle
113.19999999999999 0 1.5 1.0 NULL
114.69999999999999 1 2.0 1.0 line
116.7 0 1.1 1.0 NULL
117.8 1 2.0 1.0 line
119.8 0 1.1 1.0 NULL
120.89999999999999 3 2.0 1.0 circle
122.89999999999999 0 1.4 1.0 NULL
124.3 4 2.0 1.0 triangle
126.3 0 1.7 1.0 NULL
128.0 4 2.0 1.0 triangle
130.0 0 1.1 1.0 NULL
