0.0 0 1.5 1.0 NULL
1.5 2 2.0 1.0 square
3.5 0 1.0 1.0 NULL
4.5 4 2.0 1.0 triangle
6.5 0 1.4 1.0 NULL
7.9 3 2.0 1.0 circle
9.9 0 1.0 1.0 NULL
10.9 2 2.0 1.0 square
12.9 0 1.3 1.0 NULL
14.200000000000001 2 2.0 1.0 square
16.200000000000003 0 1.2 1.0 NULL
17.400000000000002 2 2.0 1.0 square
19.400000000000002 0 1.1 1.0 NULL
20.500000000000004 1 2.0 1.0 line
22.500000000000004 0 1.0 1.0 NULL
23.500000000000004 2 2.0 1.0 square
25.5 0 1.7 1.0 NULL
27.2 3 2.0 1.0 circle
29.2 0 1.1 1.0 NULL
30.3 3 2.0 1.0 circle
32.3 0 1.6 1.0 NULL
33.9 3 2.0 1.0 circle
35.9 0 1.0 1.0 NULL
36.9 3 2.0 1.0 circle
38.900000000000006 0 1.5 1.0 NULL
40.400000000000006 4 2.0 1.0 triangle
42.400000000000006 0 1.5 1.0 NULL
43.900000000000006 4 2.0 1.0 triangle
45.900000000000006 0 1.5 1.0 NULL
47.400000000000006 2 2.0 1.0 square
49.400000000000006 0 1.0 1.0 NULL
50.400000000000006 4 2.0 1.0 triangle
52.400000000000006 0 1.8 1.0 NULL
54.2 3 2.0 1.0 circle
56.2 0 1.2 1.0 NULL
57.400000000000006 3 2.0 1.0 circle
59.400000000000006 0 1.1 1.0 NULL
60.50000000000001 4 2.0 1.0 triangle
62.50000000000001 0 1.6 1.0 NULL
64.10000000000001 4 2.0 1.0 triangle
66.1 0 1.0 1.0 NULL
67.1 2 2.0 1.0 square
69.1 0 1.5 1.0 NULL
70.6 1 2.0 1.0 line
72.6 0 1.7 1.0 NULL
74.3 4 2.0 1.0 triangle
76.3 0 1.0 1.0 NULL
77.3 2 2.0 1.0 square
79.3 0 1.1 1.0 NULL
80.39999999999999 4 2.0 1.0 triangle
82.39999999999999 0 1.0 1.0 NULL
83.39999999999999 4 2.0 1.0 triangle
85.39999999999999 0 1.0 1.0 NULL
86.39999999999999 3 2.0 1.0 circle
88.39999999999999 0 1.1 1.0 NULL
89.49999999999999 1 2.0 1.0 line
91.5 0 1.2 1.0 NULL
92.7 1 2.0 1.0 line
94.7 0 1.0 1.0 NULL
95.7 1 2.0 1.0 line
97.7 0 1.1 1.0 NULL
98.8 1 2.0 1.0 line
100.8 0 1.1 1.0 NULL
101.89999999999999 3 2.0 1.0 circle
103.9 0 2.0 1.0 NULL
105.9 1 2.0 1.0 line
107.9 0 1.0 1.0 NULL
108.9 4 2.0 1.0 triangle
110.9 0 1.2 1.0 NULL
112.10000000000001 2 2.0 1.0 square
114.10000000000001 0 1.7 1.0 NULL
115.80000000000001 3 2.0 1.0 circle
117.8 0 1.0 1.0 NULL
118.8 1 2.0 1.0 line
120.8 0 1.2 1.0 NULL
122.0 2 2.0 1.0 square
124.0 0 1.2 1.0 NULL
125.2 1 2.0 1.0 line
127.2 0 1.1 1.0 NULL
128.3 1 2.0 1.0 line
130.3 0 1.2 1.0 NULL
