0.0 0 1.0 1.0 NULL
1.0 4 2.0 1.0 triangle
3.0 0 1.0 1.0 NULL
4.0 1 2.0 1.0 line
6.0 0 1.0 1.0 NULL
7.0 2 2.0 1.0 square
9.0 0 2.0 1.0 NULL
11.0 4 2.0 1.0 triangle
13.0 0 1.0 1.0 NULL
14.0 3 2.0 1.0 circle
16.0 0 1.0 1.0 NULL
17.0 4 2.0 1.0 triangle
19.0 0 1.5 1.0 NULL
20.5 4 2.0 1.0 triangle
22.5 0 1.1 1.0 NULL
23.6 2 2.0 1.0 square
25.6 0 1.2 1.0 NULL
26.8 4 2.0 1.0 triangle
28.8 0 1.1 1.0 NULL
29.900000000000002 3 2.0 1.0 circle
31.900000000000002 0 1.4 1.0 NULL
33.300000000000004 4 2.0 1.0 triangle
35.300000000000004 0 1.1 1.0 NULL
36.400000000000006 1 2.0 1.0 line
38.4 0 1.1 1.0 NULL
39.5 1 2.0 1.0 line
41.5 0 1.1 1.0 NULL
42.6 3 2.0 1.0 circle
44.6 0 1.9 1.0 NULL
46.5 1 2.0 1.0 line
48.5 0 1.7 1.0 NULL
50.2 2 2.0 1.0 square
52.2 0 1.0 1.0 NULL
53.2 1 2.0 1.0 line
55.2 0 1.3 1.0 NULL
56.5 1 2.0 1.0 line
58.5 0 1.6 1.0 NULL
60.1 1 2.0 1.0 line
62.1 0 1.2 1.0 NULL
63.300000000000004 1 2.0 1.0 line
65.3 0 1.0 1.0 NULL
66.3 2 2.0 1.0 square
68.3 0 1.0 1.0 NULL
69.3 3 2.0 1.0 circle
71.3 0 1.2 1.0 NULL
72.5 4 2.0 1.0 triangle
74.5 0 1.8 1.0 NULL
76.3 2 2.0 1.0 square
78.3 0 1.2 1.0 NULL
79.5 4 2.0 1.0 triangle
81.5 0 1.5 1.0 NULL
83.0 4 2.0 1.0 triangle
85.0 0 1.3 1.0 NULL
86.3 2 2.0 1.0 square
88.3 0 1.0 1.0 NULL
89.3 3 2.0 1.0 circle
91.3 0 1.2 1.0 NULL
92.5 1 2.0 1.0 line
94.5 0 1.1 1.0 NULL
95.6 2 2.0 1.0 square
97.6 0 1.4 1.0 NULL
99.0 2 2.0 1.0 square
101.0 0 1.5 1.0 NULL
102.5 3 2.0 1.0 circle
104.5 0 1.0 1.0 NULL
105.5 4 2.0 1.0 triangle
107.5 0 1.0 1.0 NULL
108.5 3 2.0 1.0 circle
110.5 0 1.9 1.0 NULL
112.4 3 2.0 1.0 circle
114.4 0 1.1 1.0 NULL
115.5 3 2.0 1.0 circle
117.5 0 1.2 1.0 NULL
118.7 3 2.0 1.0 circle
120.7 0 1.1 1.0 NULL
121.8 1 2.0 1.0 line
123.8 0 1.0 1.0 NULL
124.8 2 2.0 1.0 square
126.8 0 1.1 1.0 NULL
127.89999999999999 2 2.0 1.0 square
129.9 0 1.1 1.0 NULL
