0.0 0 1.3 1.0 NULL
1.3 4 2.0 1.0 triangle
3.3 0 1.1 1.0 NULL
4.4 3 2.0 1.0 circle
6.4 0 1.0 1.0 NULL
7.4 4 2.0 1.0 triangle
9.4 0 1.3 1.0 NULL
10.700000000000001 4 2.0 1.0 triangle
12.7 0 1.2 1.0 NULL
13.899999999999999 1 2.0 1.0 line
15.899999999999999 0 1.0 1.0 NULL
16.9 3 2.0 1.0 circle
18.9 0 1.1 1.0 NULL
20.0 3 2.0 1.0 circle
22.0 0 1.3 1.0 NULL
23.3 4 2.0 1.0 triangle
25.299999999999997 0 1.2 1.0 NULL
26.499999999999996 2 2.0 1.0 square
28.499999999999996 0 1.6 1.0 NULL
30.099999999999998 1 2.0 1.0 line
32.099999999999994 0 1.2 1.0 NULL
33.3 2 2.0 1.0 square
35.3 0 1.0 1.0 NULL
36.3 3 2.0 1.0 circle
38.3 0 1.3 1.0 NULL
39.599999999999994 3 2.0 1.0 circle
41.599999999999994 0 1.0 1.0 NULL
42.599999999999994 3 2.0 1.0 circle
44.599999999999994 0 1.0 1.0 NULL
45.599999999999994 4 2.0 1.0 triangle
47.599999999999994 0 1.2 1.0 NULL
48.8 4 2.0 1.0 triangle
50.8 0 1.7 1.0 NULL
52.5 3 2.0 1.0 circle
54.5 0 1.0 1.0 NULL
55.5 2 2.0 1.0 square
57.5 0 1.0 1.0 NULL
58.5 1 2.0 1.0 line
60.5 0 1.8 1.0 NULL
62.3 4 2.0 1.0 triangle
64.3 0 1.3 1.0 NULL
65.6 1 2.0 1.0 line
67.6 0 1.3 1.0 NULL
68.89999999999999 2 2.0 1.0 square
70.89999999999999 0 1.4 1.0 NULL
72.3 1 2.0 1.0 line
74.3 0 1.1 1.0 NULL
75.39999999999999 3 2.0 1.0 circle
77.4 0 1.0 1.0 NULL
78.4 1 2.0 1.0 line
80.4 0 1.8 1.0 NULL
82.2 2 2.0 1.0 square
84.2 0 1.2 1.0 NULL
85.4 4 2.0 1.0 triangle
87.4 0 1.8 1.0 NULL
89.2 2 2.0 1.0 square
91.19999999999999 0 1.0 1.0 NULL
92.19999999999999 4 2.0 1.0 triangle
94.19999999999999 0 1.0 1.0 NULL
95.19999999999999 1 2.0 1.0 line
97.19999999999999 0 2.0 1.0 NULL
99.19999999999999 2 2.0 1.0 square
101.19999999999999 0 1.4 1.0 NULL
102.6 3 2.0 1.0 circle
104.6 0 1.1 1.0 NULL
105.69999999999999 1 2.0 1.0 line
107.69999999999999 0 1.1 1.0 NULL
108.79999999999998 2 2.0 1.0 square
110.79999999999998 0 1.1 1.0 NULL
111.89999999999998 1 2.0 1.0 line
113.89999999999998 0 1.0 1.0 NULL
114.89999999999998 2 2.0 1.0 square
116.9 0 1.6 1.0 NULL
118.5 4 2.0 1.0 triangle
120.5 0 1.0 1.0 NULL
121.5 1 2.0 1.0 line
123.5 0 1.4 1.0 NULL
124.9 2 2.0 1.0 square
126.9 0 1.0 1.0 NULL
127.9 3 2.0 1.0 circle
129.89999999999998 0 1.4 1.0 NULL
