0.0 0 1.0 1.0 NULL
1.0 2 2.0 1.0 square
3.0 0 1.2 1.0 NULL
4.2 1 2.0 1.0 line
6.2 0 1.0 1.0 NULL
7.2 3 2.0 1.0 circle
9.2 0 1.4 1.0 NULL
10.6 1 2.0 1.0 line
12.600000000000001 0 1.0 1.0 NULL
13.600000000000001 3 2.0 1.0 circle
15.600000000000001 0 1.0 1.0 NULL
16.6 3 2.0 1.0 circle
18.6 0 1.1 1.0 NULL
19.700000000000003 4 2.0 1.0 triangle
21.700000000000003 0 1.3 1.0 NULL
23.000000000000004 1 2.0 1.0 line
25.0 0 1.1 1.0 NULL
26.1 3 2.0 1.0 circle
28.1 0 1.0 1.0 NULL
29.1 4 2.0 1.0 triangle
31.1 0 1.0 1.0 NULL
32.1 3 2.0 1.0 circle
34.1 0 1.1 1.0 NULL
35.2 2 2.0 1.0 square
37.199999999999996 0 1.2 1.0 NULL
38.4 2 2.0 1.0 square
40.4 0 2.0 1.0 NULL
42.4 2 2.0 1.0 square
44.4 0 1.1 1.0 NULL
45.5 1 2.0 1.0 line
47.5 0 1.7 1.0 NULL
49.2 1 2.0 1.0 line
51.2 0 1.0 1.0 NULL
52.2 4 2.0 1.0 triangle
54.2 0 1.1 1.0 NULL
55.300000000000004 4 2.0 1.0 triangle
57.300000000000004 0 1.5 1.0 NULL
58.800000000000004 4 2.0 1.0 triangle
60.800000000000004 0 1.4 1.0 NULL
62.2 2 2.0 1.0 square
64.19999999999999 0 1.1 1.0 NULL
65.29999999999998 1 2.0 1.0 line
67.29999999999998 0 1.0 1.0 NULL
68.29999999999998 2 2.0 1.0 square
70.29999999999998 0 1.0 1.0 NULL
71.29999999999998 1 2.0 1.0 line
73.29999999999998 0 1.7 1.0 NULL
74.99999999999999 2 2.0 1.0 square
77.0 0 1.4 1.0 NULL
78.4 4 2.0 1.0 triangle
80.4 0 1.2 1.0 NULL
81.60000000000001 2 2.0 1.0 square
83.60000000000001 0 1.6 1.0 NULL
85.2 4 2.0 1.0 triangle
87.2 0 1.1 1.0 NULL
88.3 3 2.0 1.0 circle
90.3 0 1.2 1.0 NULL
91.5 3 2.0 1.0 circle
93.5 0 1.8 1.0 NULL
95.3 3 2.0 1.0 circle
97.3 0 1.0 1.0 NULL
98.3 4 2.0 1.0 triangle
100.3 0 1.0 1.0 NULL
101.3 1 2.0 1.0 line
103.3 0 1.3 1.0 NULL
104.6 2 2.0 1.0 square
106.6 0 1.6 1.0 NULL
108.19999999999999 4 2.0 1.0 triangle
110.19999999999999 0 1.0 1.0 NULL
111.19999999999999 1 2.0 1.0 line
113.19999999999999 0 1.5 1.0 NULL
114.69999999999999 2 2.0 1.0 square
116.7 0 1.2 1.0 NULL
117.9 3 2.0 1.0 circle
119.9 0 1.1 1.0 NULL
121.0 3 2.0 1.0 circle
123.0 0 1.1 1.0 NULL
124.1 4 2.0 1.0 triangle
126.1 0 1.4 1.0 NULL
127.5 1 2.0 1.0 line
129.5 0 1.5 1.0 NULL
