0.0 0 1.1 1.0 NULL
1.1 3 2.0 1.0 circle
3.1 0 1.0 1.0 NULL
4.1 2 2.0 1.0 square
6.1 0 1.9 1.0 NULL
8.0 1 2.0 1.0 line
10.0 0 1.2 1.0 NULL
11.2 1 2.0 1.0 line
13.2 0 1.0 1.0 NULL
14.2 1 2.0 1.0 line
16.2 0 1.7 1.0 NULL
17.9 4 2.0 1.0 triangle
19.9 0 1.2 1.0 NULL
21.099999999999998 3 2.0 1.0 circle
23.099999999999998 0 1.4 1.0 NULL
24.499999999999996 3 2.0 1.0 circle
26.5 0 1.0 1.0 NULL
27.5 4 2.0 1.0 triangle
29.5 0 1.0 1.0 NULL
30.5 2 2.0 1.0 square
32.5 0 1.0 1.0 NULL
33.5 4 2.0 1.0 triangle
35.5 0 1.0 1.0 NULL
36.5 1 2.0 1.0 line
38.5 0 1.0 1.0 NULL
39.5 1 2.0 1.0 line
41.5 0 1.5 1.0 NULL
43.0 4 2.0 1.0 triangle
45.0 0 1.5 1.0 NULL
46.5 2 2.0 1.0 square
48.5 0 1.1 1.0 NULL
49.6 1 2.0 1.0 line
51.599999999999994 0 1.4 1.0 NULL
52.99999999999999 2 2.0 1.0 square
54.99999999999999 0 1.0 1.0 NULL
55.99999999999999 1 2.0 1.0 line
57.99999999999999 0 1.5 1.0 NULL
59.49999999999999 3 2.0 1.0 circle
61.49999999999999 0 1.4 1.0 NULL
62.89999999999999 4 2.0 1.0 triangle
64.9 0 1.3 1.0 NULL
66.2 1 2.0 1.0 line
68.2 0 1.1 1.0 NULL
69.3 2 2.0 1.0 square
71.3 0 1.1 1.0 NULL
72.39999999999999 2 2.0 1.0 square
74.39999999999999 0 1.2 1.0 NULL
75.6 3 2.0 1.0 circle
77.6 0 1.3 1.0 NULL
78.89999999999999 3 2.0 1.0 circle
80.89999999999999 0 1.0 1.0 NULL
81.89999999999999 2 2.0 1.0 square
83.89999999999999 0 1.3 1.0 NULL
85.19999999999999 4 2.0 1.0 triangle
87.19999999999999 0 1.1 1.0 NULL
88.29999999999998 4 2.0 1.0 triangle
90.30000000000001 0 1.2 1.0 NULL
91.50000000000001 2 2.0 1.0 square
93.50000000000001 0 1.0 1.0 NULL
94.50000000000001 2 2.0 1.0 square
96.50000000000001 0 1.8 1.0 NULL
98.30000000000001 3 2.0 1.0 circle
100.30000000000001 0 1.2 1.0 NULL
101.50000000000001 4 2.0 1.0 triangle
103.5 0 1.3 1.0 NULL
104.8 4 2.0 1.0 triangle
106.8 0 1.4 1.0 NULL
108.2 3 2.0 1.0 circle
110.2 0 1.1 1.0 NULL
111.3 3 2.0 1.0 circle
113.3 0 1.2 1.0 NULL
114.5 1 2.0 1.0 line
116.5 0 1.2 1.0 NULL
117.7 3 2.0 1.0 circle
119.7 0 1.3 1.0 NULL
121.0 1 2.0 1.0 line
123.0 0 1.6 1.0 NULL
124.6 2 2.0 1.0 square
126.6 0 1.0 1.0 NULL
127.6 4 2.0 1.0 triangle
129.6 0 1.5 1.0 NULL
