0.0 0 1.4 1.0 NULL
1.4 3 2.0 1.0 circle
3.4 0 1.0 1.0 NULL
4.4 2 2.0 1.0 square
6.4 0 1.1 1.0 NULL
7.5 1 2.0 1.0 line
9.5 0 1.9 1.0 NULL
11.4 2 2.0 1.0 square
13.4 0 1.0 1.0 NULL
14.4 4 2.0 1.0 triangle
16.4 0 1.8 1.0 NULL
18.2 3 2.0 1.0 circle
20.2 0 1.0 1.0 NULL
21.2 3 2.0 1.0 circle
23.2 0 1.0 1.0 NULL
24.2 4 2.0 1.0 triangle
26.2 0 1.0 1.0 NULL
27.2 2 2.0 1.0 square
29.2 0 1.8 1.0 NULL
31.0 4 2.0 1.0 triangle
33.0 0 1.1 1.0 NULL
34.1 1 2.0 1.0 line
36.1 0 1.4 1.0 NULL
37.5 2 2.0 1.0 square
39.5 0 1.1 1.0 NULL
40.6 2 2.0 1.0 square
42.6 0 1.4 1.0 NULL
44.0 4 2.0 1.0 triangle
46.0 0 1.0 1.0 NULL
47.0 2 2.0 1.0 square
49.0 0 1.0 1.0 NULL
50.0 1 2.0 1.0 line
52.0 0 1.2 1.0 NULL
53.2 2 2.0 1.0 square
55.2 0 1.7 1.0 NULL
56.900000000000006 4 2.0 1.0 triangle
58.900000000000006 0 1.0 1.0 NULL
59.900000000000006 4 2.0 1.0 triangle
61.900000000000006 0 1.0 1.0 NULL
62.900000000000006 3 2.0 1.0 circle
64.9 0 2.0 1.0 NULL
66.9 1 2.0 1.0 line
68.9 0 1.4 1.0 NULL
70.30000000000001 3 2.0 1.0 circle
72.30000000000001 0 1.2 1.0 NULL
73.50000000000001 3 2.0 1.0 circle
75.50000000000001 0 1.0 1.0 NULL
76.50000000000001 4 2.0 1.0 triangle
78.5 0 1.0 1.0 NULL
79.5 1 2.0 1.0 line
81.5 0 1.1 1.0 NULL
82.6 1 2.0 1.0 line
84.6 0 1.1 1.0 NULL
85.69999999999999 4 2.0 1.0 triangle
87.69999999999999 0 1.2 1.0 NULL
88.89999999999999 2 2.0 1.0 square
90.9 0 1.0 1.0 NULL
91.9 3 2.0 1.0 circle
93.9 0 1.3 1.0 NULL
95.2 4 2.0 1.0 triangle
97.2 0 1.3 1.0 NULL
98.5 2 2.0 1.0 square
100.5 0 1.3 1.0 NULL
101.8 3 2.0 1.0 circle
103.80000000000001 0 1.1 1.0 NULL
104.9 3 2.0 1.0 circle
106.9 0 1.3 1.0 NULL
108.2 1 2.0 1.0 line
110.2 0 1.5 1.0 NULL
111.7 4 2.0 1.0 triangle
113.7 0 1.7 1.0 NULL
115.4 1 2.0 1.0 line
117.39999999999999 0 1.6 1.0 NULL
118.99999999999999 1 2.0 1.0 line
120.99999999999999 0 1.1 1.0 NULL
122.09999999999998 2 2.0 1.0 square
124.09999999999998 0 1.1 1.0 NULL
125.19999999999997 3 2.0 1.0 circle
127.19999999999997 0 1.1 1.0 NULL
128.29999999999998 1 2.0 1.0 line
130.3 0 1.1 1.0 NULL
