0.0 0 1.2 1.0 NULL
1.2 1 2.0 1.0 line
3.2 0 1.1 1.0 NULL
4.300000000000001 4 2.0 1.0 triangle
6.300000000000001 0 1.3 1.0 NULL
7.6000000000000005 4 2.0 1.0 triangle
9.600000000000001 0 1.6 1.0 NULL
11.200000000000001 3 2.0 1.0 circle
13.200000000000001 0 1.0 1.0 NULL
14.200000000000001 1 2.0 1.0 line
16.200000000000003 0 1.6 1.0 NULL
17.800000000000004 1 2.0 1.0 line
19.800000000000004 0 1.2 1.0 NULL
21.000000000000004 4 2.0 1.0 triangle
23.000000000000004 0 1.1 1.0 NULL
24.100000000000005 2 2.0 1.0 square
26.1 0 2.0 1.0 NULL
28.1 3 2.0 1.0 circle
30.1 0 1.3 1.0 NULL
31.400000000000002 3 2.0 1.0 circle
33.400000000000006 0 1.0 1.0 NULL
34.400000000000006 3 2.0 1.0 circle
36.400000000000006 0 1.4 1.0 NULL
37.800000000000004 3 2.0 1.0 circle
39.8 0 1.0 1.0 NULL
40.8 4 2.0 1.0 triangle
42.8 0 1.0 1.0 NULL
43.8 3 2.0 1.0 circle
45.8 0 1.4 1.0 NULL
47.199999999999996 1 2.0 1.0 line
49.199999999999996 0 1.1 1.0 NULL
50.3 4 2.0 1.0 triangle
52.3 0 1.1 1.0 NULL
53.4 4 2.0 1.0 triangle
55.4 0 1.8 1.0 NULL
57.199999999999996 2 2.0 1.0 square
59.199999999999996 0 1.0 1.0 NULL
60.199999999999996 3 2.0 1.0 circle
62.199999999999996 0 1.7 1.0 NULL
63.9 2 2.0 1.0 square
65.9 0 1.0 1.0 NULL
66.9 2 2.0 1.0 square
68.9 0 1.2 1.0 NULL
70.10000000000001 1 2.0 1.0 line
72.10000000000001 0 1.1 1.0 NULL
73.2 2 2.0 1.0 square
75.2 0 1.9 1.0 NULL
77.10000000000001 1 2.0 1.0 line
79.1 0 1.1 1.0 NULL
80.19999999999999 2 2.0 1.0 square
82.19999999999999 0 1.5 1.0 NULL
83.69999999999999 2 2.0 1.0 square
85.69999999999999 0 1.0 1.0 NULL
86.69999999999999 1 2.0 1.0 line
88.69999999999999 0 1.5 1.0 NULL
90.19999999999999 4 2.0 1.0 triangle
92.19999999999999 0 1.0 1.0 NULL
93.19999999999999 4 2.0 1.0 triangle
95.19999999999999 0 1.0 1.0 NULL
96.19999999999999 2 2.0 1.0 square
98.19999999999999 0 1.3 1.0 NULL
99.49999999999999 3 2.0 1.0 circle
101.49999999999999 0 1.6 1.0 NULL
103.09999999999998 2 2.0 1.0 square
105.1 0 1.3 1.0 NULL
106.39999999999999 1 2.0 1.0 line
108.39999999999999 0 1.1 1.0 NULL
109.49999999999999 3 2.0 1.0 circle
111.49999999999999 0 1.3 1.0 NULL
112.79999999999998 4 2.0 1.0 triangle
114.79999999999998 0 1.0 1.0 NULL
115.79999999999998 3 2.0 1.0 circle
117.80000000000001 0 1.0 1.0 NULL
118.80000000000001 1 2.0 1.0 line
120.80000000000001 0 1.1 1.0 NULL
121.9 4 2.0 1.0 triangle
123.9 0 1.0 1.0 NULL
124.9 1 2.0 1.0 line
126.9 0 1.3 1.0 NULL
128.20000000000002 2 2.0 1.0 square
130.20000000000002 0 1.0 1.0 NULL
