0.0 0 1.4 1.0 NULL
1.4 4 2.0 1.0 triangle
3.4 0 1.4 1.0 NULL
4.8 1 2.0 1.0 line
6.8 0 1.9 1.0 NULL
8.7 2 2.0 1.0 square
10.7 0 1.1 1.0 NULL
11.799999999999999 3 2.0 1.0 circle
13.8 0 1.3 1.0 NULL
15.100000000000001 2 2.0 1.0 square
17.1 0 1.6 1.0 NULL
18.700000000000003 3 2.0 1.0 circle
20.700000000000003 0 1.1 1.0 NULL
21.800000000000004 3 2.0 1.0 circle
23.800000000000004 0 1.7 1.0 NULL
25.500000000000004 4 2.0 1.0 triangle
27.5 0 1.0 1.0 NULL
28.5 2 2.0 1.0 square
30.5 0 1.5 1.0 NULL
32.0 2 2.0 1.0 square
34.0 0 1.4 1.0 NULL
35.4 4 2.0 1.0 triangle
37.4 0 1.4 1.0 NULL
38.8 1 2.0 1.0 line
40.8 0 1.0 1.0 NULL
41.8 2 2.0 1.0 square
43.8 0 1.2 1.0 NULL
45.0 3 2.0 1.0 circle
47.0 0 1.3 1.0 NULL
48.3 3 2.0 1.0 circle
50.3 0 1.1 1.0 NULL
51.4 2 2.0 1.0 square
53.4 0 1.0 1.0 NULL
54.4 4 2.0 1.0 triangle
56.4 0 1.2 1.0 NULL
57.6 2 2.0 1.0 square
59.6 0 1.0 1.0 NULL
60.6 1 2.0 1.0 line
62.6 0 1.0 1.0 NULL
63.6 4 2.0 1.0 triangle
65.6 0 1.0 1.0 NULL
66.6 1 2.0 1.0 line
68.6 0 1.4 1.0 NULL
70.0 4 2.0 1.0 triangle
72.0 0 1.3 1.0 NULL
73.3 3 2.0 1.0 circle
75.3 0 1.0 1.0 NULL
76.3 2 2.0 1.0 square
78.3 0 1.0 1.0 NULL
79.3 2 2.0 1.0 square
81.3 0 1.1 1.0 NULL
82.39999999999999 3 2.0 1.0 circle
84.39999999999999 0 1.2 1.0 NULL
85.6 1 2.0 1.0 line
87.6 0 1.1 1.0 NULL
88.69999999999999 2 2.0 1.0 square
90.69999999999999 0 1.3 1.0 NULL
91.99999999999999 1 2.0 1.0 line
93.99999999999999 0 1.1 1.0 NULL
95.09999999999998 4 2.0 1.0 triangle
97.09999999999998 0 1.0 1.0 NULL
98.09999999999998 4 2.0 1.0 triangle
100.09999999999998 0 1.8 1.0 NULL
101.89999999999998 1 2.0 1.0 line
103.9 0 1.0 1.0 NULL
104.9 3 2.0 1.0 circle
106.9 0 1.0 1.0 NULL
107.9 1 2.0 1.0 line
109.9 0 1.4 1.0 NULL
111.30000000000001 1 2.0 1.0 line
113.30000000000001 0 1.8 1.0 NULL
115.10000000000001 1 2.0 1.0 line
117.1 0 1.3 1.0 NULL
118.39999999999999 4 2.0 1.0 triangle
120.39999999999999 0 1.1 1.0 NULL
121.49999999999999 3 2.0 1.0 circle
123.49999999999999 0 1.9 1.0 NULL
125.39999999999999 3 2.0 1.0 circle
127.39999999999999 0 1.0 1.0 NULL
128.39999999999998 4 2.0 1.0 triangle
130.4 0 1.0 1.0 NULL
