0.0 0 1.1 1.0 NULL
1.1 3 2.0 1.0 circle
3.1 0 1.0 1.0 NULL
4.1 4 2.0 1.0 triangle
6.1 0 1.5 1.0 NULL
7.6 2 2.0 1.0 square
9.6 0 1.1 1.0 NULL
10.7 4 2.0 1.0 triangle
12.7 0 1.4 1.0 NULL
14.1 1 2.0 1.0 line
16.1 0 1.2 1.0 NULL
17.3 1 2.0 1.0 line
19.3 0 1.1 1.0 NULL
20.400000000000002 3 2.0 1.0 circle
22.400000000000002 0 1.0 1.0 NULL
23.400000000000002 1 2.0 1.0 line
25.4 0 1.7 1.0 NULL
27.099999999999998 1 2.0 1.0 line
29.099999999999998 0 1.1 1.0 NULL
30.2 4 2.0 1.0 triangle
32.2 0 1.3 1.0 NULL
33.5 4 2.0 1.0 triangle
35.5 0 1.3 1.0 NULL
36.8 3 2.0 1.0 circle
38.8 0 1.1 1.0 NULL
39.9 2 2.0 1.0 square
41.9 0 1.9 1.0 NULL
43.8 3 2.0 1.0 circle
45.8 0 1.0 1.0 NULL
46.8 2 2.0 1.0 square
48.8 0 1.1 1.0 NULL
49.9 3 2.0 1.0 circle
51.9 0 1.6 1.0 NULL
53.5 4 2.0 1.0 triangle
55.5 0 1.1 1.0 NULL
56.6 3 2.0 1.0 circle
58.6 0 1.7 1.0 NULL
60.300000000000004 3 2.0 1.0 circle
62.300000000000004 0 1.8 1.0 NULL
64.10000000000001 1 2.0 1.0 line
66.10000000000001 0 1.0 1.0 NULL
67.10000000000001 4 2.0 1.0 triangle
69.10000000000001 0 1.1 1.0 NULL
70.2 2 2.0 1.0 square
72.2 0 1.2 1.0 NULL
73.4 1 2.0 1.0 line
75.4 0 1.0 1.0 NULL
76.4 1 2.0 1.0 line
78.4 0 1.1 1.0 NULL
79.5 2 2.0 1.0 square
81.5 0 1.1 1.0 NULL
82.6 2 2.0 1.0 square
84.6 0 1.0 1.0 NULL
85.6 2 2.0 1.0 square
87.6 0 1.4 1.0 NULL
89.0 3 2.0 1.0 circle
91.0 0 1.2 1.0 NULL
92.2 4 2.0 1.0 triangle
94.2 0 1.0 1.0 NULL
95.2 2 2.0 1.0 square
97.2 0 1.9 1.0 NULL
99.10000000000001 1 2.0 1.0 line
101.10000000000001 0 1.8 1.0 NULL
102.9 1 2.0 1.0 line
104.9 0 1.3 1.0 NULL
106.2 3 2.0 1.0 circle
108.2 0 1.2 1.0 NULL
109.4 2 2.0 1.0 square
111.4 0 1.1 1.0 NULL
112.5 1 2.0 1.0 line
114.5 0 1.3 1.0 NULL
115.8 4 2.0 1.0 triangle
117.80000000000001 0 1.0 1.0 NULL
118.80000000000001 3 2.0 1.0 circle
120.80000000000001 0 1.1 1.0 NULL
121.9 4 2.0 1.0 triangle
123.9 0 1.0 1.0 NULL
124.9 2 2.0 1.0 square
126.9 0 1.0 1.0 NULL
127.9 4 2.0 1.0 triangle
129.89999999999998 0 1.2 1.0 NULL
