0.0 0 1.2 1.0 NULL
1.2 1 2.0 1.0 line
3.2 0 1.0 1.0 NULL
4.2 2 2.0 1.0 square
6.2 0 1.1 1.0 NULL
7.300000000000001 3 2.0 1.0 circle
9.3 0 1.4 1.0 NULL
10.700000000000001 4 2.0 1.0 triangle
12.7 0 1.1 1.0 NULL
13.799999999999999 3 2.0 1.0 circle
15.799999999999999 0 1.4 1.0 NULL
17.2 3 2.0 1.0 circle
19.2 0 1.7 1.0 NULL
20.9 4 2.0 1.0 triangle
22.9 0 1.8 1.0 NULL
24.7 3 2.0 1.0 circle
26.7 0 1.1 1.0 NULL
27.8 3 2.0 1.0 circle
29.8 0 1.1 1.0 NULL
30.900000000000002 1 2.0 1.0 line
32.900000000000006 0 1.6 1.0 NULL
34.50000000000001 3 2.0 1.0 circle
36.50000000000001 0 1.0 1.0 NULL
37.50000000000001 4 2.0 1.0 triangle
39.5 0 1.0 1.0 NULL
40.5 2 2.0 1.0 square
42.5 0 1.0 1.0 NULL
43.5 4 2.0 1.0 triangle
45.5 0 1.0 1.0 NULL
46.5 3 2.0 1.0 circle
48.5 0 1.9 1.0 NULL
50.4 4 2.0 1.0 triangle
52.4 0 1.2 1.0 NULL
53.6 3 2.0 1.0 circle
55.6 0 1.2 1.0 NULL
56.800000000000004 4 2.0 1.0 triangle
58.800000000000004 0 1.2 1.0 NULL
60.00000000000001 2 2.0 1.0 square
62.00000000000001 0 1.3 1.0 NULL
63.300000000000004 1 2.0 1.0 line
65.3 0 1.0 1.0 NULL
66.3 3 2.0 1.0 circle
68.3 0 1.2 1.0 NULL
69.5 2 2.0 1.0 square
71.5 0 1.0 1.0 NULL
72.5 2 2.0 1.0 square
74.5 0 1.1 1.0 NULL
75.6 4 2.0 1.0 triangle
77.6 0 1.0 1.0 NULL
78.6 1 2.0 1.0 line
80.6 0 1.4 1.0 NULL
82.0 3 2.0 1.0 circle
84.0 0 1.0 1.0 NULL
85.0 4 2.0 1.0 triangle
87.0 0 1.6 1.0 NULL
88.6 1 2.0 1.0 line
90.60000000000001 0 1.8 1.0 NULL
92.4 2 2.0 1.0 square
94.4 0 1.9 1.0 NULL
96.30000000000001 1 2.0 1.0 line
98.30000000000001 0 1.0 1.0 NULL
99.30000000000001 4 2.0 1.0 triangle
101.30000000000001 0 1.0 1.0 NULL
102.30000000000001 2 2.0 1.0 square
104.30000000000001 0 1.0 1.0 NULL
105.30000000000001 2 2.0 1.0 square
107.30000000000001 0 1.9 1.0 NULL
109.20000000000002 1 2.0 1.0 line
111.20000000000002 0 1.1 1.0 NULL
112.30000000000001 2 2.0 1.0 square
114.30000000000001 0 1.1 1.0 NULL
115.4 4 2.0 1.0 triangle
117.4 0 1.2 1.0 NULL
118.60000000000001 1 2.0 1.0 line
120.60000000000001 0 1.1 1.0 NULL
121.7 1 2.0 1.0 line
123.7 0 1.1 1.0 NULL
124.8 2 2.0 1.0 square
126.8 0 1.4 1.0 NULL
128.2 1 2.0 1.0 line
130.20000000000002 0 1.0 1.0 NULL
