0.0 0 1.2 1.0 NULL
1.2 1 2.0 1.0 line
3.2 0 1.0 1.0 NULL
4.2 1 2.0 1.0 line
6.2 0 1.2 1.0 NULL
7.4 4 2.0 1.0 triangle
9.4 0 1.0 1.0 NULL
10.4 2 2.0 1.0 square
12.4 0 1.1 1.0 NULL
13.5 3 2.0 1.0 circle
15.5 0 1.0 1.0 NULL
16.5 1 2.0 1.0 line
18.5 0 1.0 1.0 NULL
19.5 2 2.0 1.0 square
21.5 0 1.1 1.0 NULL
22.6 2 2.0 1.0 square
24.6 0 1.2 1.0 NULL
25.8 3 2.0 1.0 circle
27.8 0 1.1 1.0 NULL
28.900000000000002 2 2.0 1.0 square
30.900000000000002 0 1.0 1.0 NULL
31.900000000000002 1 2.0 1.0 line
33.900000000000006 0 2.0 1.0 NULL
35.900000000000006 1 2.0 1.0 line
37.9 0 2.0 1.0 NULL
39.9 2 2.0 1.0 square
41.9 0 1.2 1.0 NULL
43.1 3 2.0 1.0 circle
45.1 0 1.7 1.0 NULL
46.800000000000004 4 2.0 1.0 triangle
48.800000000000004 0 1.4 1.0 NULL
50.2 3 2.0 1.0 circle
52.2 0 1.0 1.0 NULL
53.2 3 2.0 1.0 circle
55.2 0 1.0 1.0 NULL
56.2 3 2.0 1.0 circle
58.2 0 1.8 1.0 NULL
60.0 1 2.0 1.0 line
62.0 0 1.0 1.0 NULL
63.0 3 2.0 1.0 circle
65.0 0 1.0 1.0 NULL
66.0 4 2.0 1.0 triangle
68.0 0 1.2 1.0 NULL
69.2 4 2.0 1.0 triangle
71.2 0 1.0 1.0 NULL
72.2 1 2.0 1.0 line
74.2 0 1.4 1.0 NULL
75.60000000000001 2 2.0 1.0 square
77.6 0 1.0 1.0 NULL
78.6 4 2.0 1.0 triangle
80.6 0 1.7 1.0 NULL
82.3 3 2.0 1.0 circle
84.3 0 1.3 1.0 NULL
85.6 4 2.0 1.0 triangle
87.6 0 1.0 1.0 NULL
88.6 4 2.0 1.0 triangle
90.6 0 1.5 1.0 NULL
92.1 4 2.0 1.0 triangle
94.1 0 1.1 1.0 NULL
95.19999999999999 3 2.0 1.0 circle
97.19999999999999 0 1.2 1.0 NULL
98.39999999999999 2 2.0 1.0 square
100.39999999999999 0 1.7 1.0 NULL
102.1 2 2.0 1.0 square
104.1 0 1.2 1.0 NULL
105.3 4 2.0 1.0 triangle
107.3 0 1.1 1.0 NULL
108.39999999999999 1 2.0 1.0 line
110.39999999999999 0 1.8 1.0 NULL
112.19999999999999 1 2.0 1.0 line
114.19999999999999 0 1.2 1.0 NULL
115.39999999999999 4 2.0 1.0 triangle
117.39999999999999 0 1.3 1.0 NULL
118.69999999999999 2 2.0 1.0 square
120.69999999999999 0 1.1 1.0 NULL
121.79999999999998 2 2.0 1.0 square
123.79999999999998 0 1.2 1.0 NULL
124.99999999999999 3 2.0 1.0 circle
126.99999999999999 0 1.1 1.0 NULL
128.1 1 2.0 1.0 line
130.1 0 1.1 1.0 NULL
