0.0 0 1.8 1.0 NULL
1.8 1 2.0 1.0 line
3.8 0 1.0 1.0 NULL
4.8 2 2.0 1.0 square
6.8 0 1.7 1.0 NULL
8.5 3 2.0 1.0 circle
10.5 0 1.0 1.0 NULL
11.5 2 2.0 1.0 square
13.5 0 1.1 1.0 NULL
14.6 1 2.0 1.0 line
16.6 0 1.4 1.0 NULL
18.0 1 2.0 1.0 line
20.0 0 1.0 1.0 NULL
21.0 3 2.0 1.0 circle
23.0 0 1.0 1.0 NULL
24.0 4 2.0 1.0 triangle
26.0 0 1.0 1.0 NULL
27.0 1 2.0 1.0 line
29.0 0 2.0 1.0 NULL
31.0 2 2.0 1.0 square
33.0 0 1.1 1.0 NULL
34.1 3 2.0 1.0 circle
36.1 0 1.6 1.0 NULL
37.7 1 2.0 1.0 line
39.7 0 1.0 1.0 NULL
40.7 4 2.0 1.0 triangle
42.7 0 1.0 1.0 NULL
43.7 2 2.0 1.0 square
45.7 0 1.0 1.0 NULL
46.7 3 2.0 1.0 circle
48.7 0 1.0 1.0 NULL
49.7 3 2.0 1.0 circle
51.7 0 1.6 1.0 NULL
53.300000000000004 3 2.0 1.0 circle
55.300000000000004 0 1.1 1.0 NULL
56.400000000000006 2 2.0 1.0 square
58.400000000000006 0 1.0 1.0 NULL
59.400000000000006 2 2.0 1.0 square
61.400000000000006 0 1.3 1.0 NULL
62.7 3 2.0 1.0 circle
64.7 0 1.4 1.0 NULL
66.10000000000001 4 2.0 1.0 triangle
68.10000000000001 0 1.8 1.0 NULL
69.9 2 2.0 1.0 square
71.9 0 1.1 1.0 NULL
73.0 1 2.0 1.0 line
75.0 0 1.1 1.0 NULL
76.1 4 2.0 1.0 triangle
78.1 0 1.3 1.0 NULL
79.39999999999999 1 2.0 1.0 line
81.39999999999999 0 1.6 1.0 NULL
82.99999999999999 2 2.0 1.0 square
84.99999999999999 0 1.0 1.0 NULL
85.99999999999999 4 2.0 1.0 triangle
87.99999999999999 0 1.1 1.0 NULL
89.09999999999998 4 2.0 1.0 triangle
91.1 0 1.7 1.0 NULL
92.8 3 2.0 1.0 circle
94.8 0 1.0 1.0 NULL
95.8 1 2.0 1.0 line
97.8 0 1.5 1.0 NULL
99.3 4 2.0 1.0 triangle
101.3 0 1.2 1.0 NULL
102.5 4 2.0 1.0 triangle
104.5 0 1.0 1.0 NULL
105.5 3 2.0 1.0 circle
107.5 0 1.2 1.0 NULL
108.7 1 2.0 1.0 line
110.7 0 1.0 1.0 NULL
111.7 4 2.0 1.0 triangle
113.7 0 1.5 1.0 NULL
115.2 1 2.0 1.0 line
117.19999999999999 0 1.4 1.0 NULL
118.6 2 2.0 1.0 square
120.6 0 1.3 1.0 NULL
121.89999999999999 4 2.0 1.0 triangle
123.89999999999999 0 1.3 1.0 NULL
125.19999999999999 3 2.0 1.0 circle
127.19999999999999 0 1.6 1.0 NULL
128.79999999999998 2 2.0 1.0 square
130.79999999999998 0 1.0 1.0 NULL
