0.0 0 1.1 1.0 NULL
1.1 4 2.0 1.0 triangle
3.1 0 1.1 1.0 NULL
4.2 1 2.0 1.0 line
6.2 0 1.2 1.0 NULL
7.4 3 2.0 1.0 circle
9.4 0 2.0 1.0 NULL
11.4 2 2.0 1.0 square
13.4 0 1.3 1.0 NULL
14.700000000000001 2 2.0 1.0 square
16.700000000000003 0 1.0 1.0 NULL
17.700000000000003 4 2.0 1.0 triangle
19.700000000000003 0 1.0 1.0 NULL
20.700000000000003 2 2.0 1.0 square
22.700000000000003 0 1.2 1.0 NULL
23.900000000000002 3 2.0 1.0 circle
25.9 0 1.2 1.0 NULL
27.099999999999998 1 2.0 1.0 line
29.099999999999998 0 1.1 1.0 NULL
30.2 2 2.0 1.0 square
32.2 0 1.4 1.0 NULL
33.6 1 2.0 1.0 line
35.6 0 1.0 1.0 NULL
36.6 2 2.0 1.0 square
38.599999999999994 0 1.7 1.0 NULL
40.3 1 2.0 1.0 line
42.3 0 1.0 1.0 NULL
43.3 3 2.0 1.0 circle
45.3 0 1.1 1.0 NULL
46.4 2 2.0 1.0 square
48.4 0 1.3 1.0 NULL
49.699999999999996 4 2.0 1.0 triangle
51.7 0 1.1 1.0 NULL
52.800000000000004 4 2.0 1.0 triangle
54.800000000000004 0 1.0 1.0 NULL
55.800000000000004 3 2.0 1.0 circle
57.800000000000004 0 1.3 1.0 NULL
59.1 3 2.0 1.0 circle
61.1 0 1.6 1.0 NULL
62.7 2 2.0 1.0 square
64.7 0 1.0 1.0 NULL
65.7 2 2.0 1.0 square
67.7 0 1.1 1.0 NULL
68.8 4 2.0 1.0 triangle
70.8 0 1.2 1.0 NULL
72.0 3 2.0 1.0 circle
74.0 0 1.5 1.0 NULL
75.5 4 2.0 1.0 triangle
77.5 0 1.3 1.0 NULL
78.8 1 2.0 1.0 line
80.8 0 1.1 1.0 NULL
81.89999999999999 3 2.0 1.0 circle
83.89999999999999 0 1.2 1.0 NULL
85.1 2 2.0 1.0 square
87.1 0 1.0 1.0 NULL
88.1 3 2.0 1.0 circle
90.1 0 1.9 1.0 NULL
92.0 1 2.0 1.0 line
94.0 0 1.0 1.0 NULL
95.0 4 2.0 1.0 triangle
97.0 0 1.0 1.0 NULL
98.0 1 2.0 1.0 line
100.0 0 1.6 1.0 NULL
101.6 4 2.0 1.0 triangle
103.6 0 1.0 1.0 NULL
104.6 1 2.0 1.0 line
106.6 0 1.4 1.0 NULL
108.0 1 2.0 1.0 line
110.0 0 1.3 1.0 NULL
111.3 4 2.0 1.0 triangle
113.3 0 1.0 1.0 NULL
114.3 2 2.0 1.0 square
116.30000000000001 0 1.8 1.0 NULL
118.10000000000001 3 2.0 1.0 circle
120.10000000000001 0 1.2 1.0 NULL
121.30000000000001 4 2.0 1.0 triangle
123.30000000000001 0 1.6 1.0 NULL
124.9 3 2.0 1.0 circle
126.9 0 1.0 1.0 NULL
127.9 1 2.0 1.0 line
129.9 0 1.2 1.0 NULL
