0.0 0 1.1 1.0 NULL
1.1 1 2.0 1.0 line
3.1 0 1.0 1.0 NULL
4.1 2 2.0 1.0 square
6.1 0 1.0 1.0 NULL
7.1 1 2.0 1.0 line
9.1 0 2.0 1.0 NULL
11.1 2 2.0 1.0 square
13.1 0 1.2 1.0 NULL
14.299999999999999 3 2.0 1.0 circle
16.299999999999997 0 1.0 1.0 NULL
17.299999999999997 2 2.0 1.0 square
19.299999999999997 0 1.6 1.0 NULL
20.9 2 2.0 1.0 square
22.9 0 1.0 1.0 NULL
23.9 2 2.0 1.0 square
25.9 0 1.1 1.0 NULL
27.0 1 2.0 1.0 line
29.0 0 1.3 1.0 NULL
30.3 3 2.0 1.0 circle
32.3 0 1.0 1.0 NULL
33.3 4 2.0 1.0 triangle
35.3 0 1.0 1.0 NULL
36.3 3 2.0 1.0 circle
38.300000000000004 0 1.4 1.0 NULL
39.7 4 2.0 1.0 triangle
41.7 0 1.6 1.0 NULL
43.300000000000004 4 2.0 1.0 triangle
45.300000000000004 0 1.7 1.0 NULL
47.00000000000001 4 2.0 1.0 triangle
49.00000000000001 0 1.2 1.0 NULL
50.20000000000001 1 2.0 1.0 line
52.2 0 1.5 1.0 NULL
53.7 3 2.0 1.0 circle
55.7 0 1.4 1.0 NULL
57.1 3 2.0 1.0 circle
59.1 0 1.0 1.0 NULL
60.1 1 2.0 1.0 line
62.1 0 1.4 1.0 NULL
63.5 3 2.0 1.0 circle
65.5 0 1.4 1.0 NULL
66.9 1 2.0 1.0 line
68.9 0 1.1 1.0 NULL
70.0 4 2.0 1.0 triangle
72.0 0 1.2 1.0 NULL
73.2 3 2.0 1.0 circle
75.2 0 1.4 1.0 NULL
76.60000000000001 3 2.0 1.0 circle
78.6 0 1.0 1.0 NULL
79.6 2 2.0 1.0 square
81.6 0 2.0 1.0 NULL
83.6 4 2.0 1.0 triangle
85.6 0 1.0 1.0 NULL
86.6 1 2.0 1.0 line
88.6 0 1.2 1.0 NULL
89.8 2 2.0 1.0 square
91.8 0 1.2 1.0 NULL
93.0 2 2.0 1.0 square
95.0 0 1.7 1.0 NULL
96.7 3 2.0 1.0 circle
98.7 0 1.7 1.0 NULL
100.4 1 2.0 1.0 line
102.4 0 1.1 1.0 NULL
103.5 4 2.0 1.0 triangle
105.5 0 1.1 1.0 NULL
106.6 2 2.0 1.0 square
108.6 0 1.0 1.0 NULL
109.6 3 2.0 1.0 circle
111.6 0 1.2 1.0 NULL
112.8 4 2.0 1.0 triangle
114.8 0 1.0 1.0 NULL
115.8 4 2.0 1.0 triangle
117.8 0 1.2 1.0 NULL
119.0 4 2.0 1.0 triangle
121.0 0 1.0 1.0 NULL
122.0 2 2.0 1.0 square
124.0 0 1.1 1.0 NULL
125.1 1 2.0 1.0 line
127.1 0 1.0 1.0 NULL
128.1 1 2.0 1.0 line
130.1 0 1.0 1.0 NULL
