0.0 0 1.0 1.0 NULL
1.0 1 2.0 1.0 line
3.0 0 1.3 1.0 NULL
4.3 1 2.0 1.0 line
6.3 0 1.0 1.0 NULL
7.3 2 2.0 1.0 square
9.3 0 1.2 1.0 NULL
10.5 1 2.0 1.0 line
12.5 0 1.1 1.0 NULL
13.6 3 2.0 1.0 circle
15.6 0 1.0 1.0 NULL
16.6 2 2.0 1.0 square
18.6 0 1.4 1.0 NULL
20.0 3 2.0 1.0 circle
22.0 0 1.2 1.0 NULL
23.2 3 2.0 1.0 circle
25.2 0 1.7 1.0 NULL
26.9 2 2.0 1.0 square
28.9 0 1.2 1.0 NULL
30.099999999999998 4 2.0 1.0 triangle
32.099999999999994 0 1.2 1.0 NULL
33.3 3 2.0 1.0 circle
35.3 0 1.1 1.0 NULL
36.4 2 2.0 1.0 square
38.400000000000006 0 1.0 1.0 NULL
39.400000000000006 1 2.0 1.0 line
41.400000000000006 0 1.1 1.0 NULL
42.50000000000001 2 2.0 1.0 square
44.50000000000001 0 1.5 1.0 NULL
46.00000000000001 2 2.0 1.0 square
48.00000000000001 0 1.0 1.0 NULL
49.00000000000001 3 2.0 1.0 circle
51.0 0 1.3 1.0 NULL
52.3 1 2.0 1.0 line
54.3 0 1.5 1.0 NULL
55.8 4 2.0 1.0 triangle
57.8 0 1.1 1.0 NULL
58.9 2 2.0 1.0 square
60.9 0 1.1 1.0 NULL
62.0 1 2.0 1.0 line
64.0 0 1.4 1.0 NULL
65.4 3 2.0 1.0 circle
67.4 0 1.0 1.0 NULL
68.4 4 2.0 1.0 triangle
70.4 0 1.0 1.0 NULL
71.4 2 2.0 1.0 square
73.4 0 1.8 1.0 NULL
75.2 4 2.0 1.0 triangle
77.19999999999999 0 1.1 1.0 NULL
78.29999999999998 4 2.0 1.0 triangle
80.29999999999998 0 1.0 1.0 NULL
81.29999999999998 1 2.0 1.0 line
83.29999999999998 0 1.8 1.0 NULL
85.09999999999998 1 2.0 1.0 line
87.09999999999998 0 1.2 1.0 NULL
88.29999999999998 1 2.0 1.0 line
90.30000000000001 0 1.9 1.0 NULL
92.20000000000002 1 2.0 1.0 line
94.20000000000002 0 1.0 1.0 NULL
95.20000000000002 4 2.0 1.0 triangle
97.20000000000002 0 1.0 1.0 NULL
98.20000000000002 3 2.0 1.0 circle
100.20000000000002 0 1.1 1.0 NULL
101.30000000000001 3 2.0 1.0 circle
103.30000000000001 0 2.0 1.0 NULL
105.30000000000001 4 2.0 1.0 triangle
107.30000000000001 0 1.6 1.0 NULL
108.9 4 2.0 1.0 triangle
110.9 0 1.0 1.0 NULL
111.9 4 2.0 1.0 triangle
113.9 0 1.3 1.0 NULL
115.2 4 2.0 1.0 triangle
117.2 0 1.0 1.0 NULL
118.2 2 2.0 1.0 square
120.2 0 1.0 1.0 NULL
121.2 3 2.0 1.0 circle
123.2 0 1.0 1.0 NULL
124.2 2 2.0 1.0 square
126.2 0 1.1 1.0 NULL
127.3 3 2.0 1.0 circle
129.3 0 1.7 1.0 NULL
