0.0 0 1.0 1.0 NULL
1.0 2 2.0 1.0 square
3.0 0 1.2 1.0 NULL
4.2 2 2.0 1.0 square
6.2 0 1.0 1.0 NULL
7.2 4 2.0 1.0 triangle
9.2 0 1.0 1.0 NULL
10.2 3 2.0 1.0 circle
12.2 0 1.2 1.0 NULL
13.399999999999999 1 2.0 1.0 line
15.399999999999999 0 1.0 1.0 NULL
16.4 1 2.0 1.0 line
18.4 0 2.0 1.0 NULL
20.4 1 2.0 1.0 line
22.4 0 1.2 1.0 NULL
23.599999999999998 4 2.0 1.0 triangle
25.6 0 1.1 1.0 NULL
26.700000000000003 2 2.0 1.0 square
28.700000000000003 0 1.1 1.0 NULL
29.800000000000004 2 2.0 1.0 square
31.800000000000004 0 1.8 1.0 NULL
33.6 3 2.0 1.0 circle
35.6 0 1.0 1.0 NULL
36.6 3 2.0 1.0 circle
38.6 0 1.0 1.0 NULL
39.6 2 2.0 1.0 square
41.6 0 1.2 1.0 NULL
42.800000000000004 1 2.0 1.0 line
44.800000000000004 0 1.0 1.0 NULL
45.800000000000004 2 2.0 1.0 square
47.800000000000004 0 1.0 1.0 NULL
48.800000000000004 2 2.0 1.0 square
50.8 0 1.7 1.0 NULL
52.5 3 2.0 1.0 circle
54.5 0 1.3 1.0 NULL
55.8 3 2.0 1.0 circle
57.8 0 1.0 1.0 NULL
58.8 4 2.0 1.0 triangle
60.8 0 1.9 1.0 NULL
62.699999999999996 4 2.0 1.0 triangle
64.7 0 1.0 1.0 NULL
65.7 4 2.0 1.0 triangle
67.7 0 1.0 1.0 NULL
68.7 3 2.0 1.0 circle
70.7 0 1.2 1.0 NULL
71.9 2 2.0 1.0 square
73.9 0 1.6 1.0 NULL
75.5 4 2.0 1.0 triangle
77.5 0 1.6 1.0 NULL
79.1 1 2.0 1.0 line
81.1 0 1.1 1.0 NULL
82.19999999999999 3 2.0 1.0 circle
84.19999999999999 0 1.1 1.0 NULL
85.29999999999998 3 2.0 1.0 circle
87.29999999999998 0 1.1 1.0 NULL
88.39999999999998 4 2.0 1.0 triangle
90.4 0 1.3 1.0 NULL
91.7 3 2.0 1.0 circle
93.7 0 1.5 1.0 NULL
95.2 2 2.0 1.0 square
97.2 0 1.2 1.0 NULL
98.4 4 2.0 1.0 triangle
100.4 0 1.1 1.0 NULL
101.5 1 2.0 1.0 line
103.5 0 1.1 1.0 NULL
104.6 3 2.0 1.0 circle
106.6 0 1.1 1.0 NULL
107.69999999999999 1 2.0 1.0 line
109.69999999999999 0 1.0 1.0 NULL
110.69999999999999 1 2.0 1.0 line
112.69999999999999 0 1.2 1.0 NULL
113.89999999999999 2 2.0 1.0 square
115.89999999999999 0 1.3 1.0 NULL
117.19999999999999 4 2.0 1.0 triangle
119.19999999999999 0 1.3 1.0 NULL
120.49999999999999 4 2.0 1.0 triangle
122.49999999999999 0 1.0 1.0 NULL
123.49999999999999 1 2.0 1.0 line
125.49999999999999 0 1.0 1.0 NULL
126.49999999999999 1 2.0 1.0 line
128.5 0 2.5 1.0 NULL
