0.0 0 1.3 1.0 NULL
1.3 1 2.0 1.0 line
3.3 0 1.2 1.0 NULL
4.5 3 2.0 1.0 circle
6.5 0 1.0 1.0 NULL
7.5 1 2.0 1.0 line
9.5 0 1.1 1.0 NULL
10.6 2 2.0 1.0 square
12.6 0 1.1 1.0 NULL
13.7 4 2.0 1.0 triangle
15.7 0 1.0 1.0 NULL
16.7 1 2.0 1.0 line
18.7 0 1.0 1.0 NULL
19.7 2 2.0 1.0 square
21.7 0 1.8 1.0 NULL
23.5 1 2.0 1.0 line
25.5 0 1.7 1.0 NULL
27.2 2 2.0 1.0 square
29.2 0 1.0 1.0 NULL
30.2 1 2.0 1.0 line
32.2 0 1.5 1.0 NULL
33.7 1 2.0 1.0 line
35.7 0 1.2 1.0 NULL
36.900000000000006 2 2.0 1.0 square
38.900000000000006 0 1.0 1.0 NULL
39.900000000000006 2 2.0 1.0 square
41.900000000000006 0 1.1 1.0 NULL
43.00000000000001 1 2.0 1.0 line
45.00000000000001 0 1.6 1.0 NULL
46.60000000000001 3 2.0 1.0 circle
48.60000000000001 0 2.0 1.0 NULL
50.60000000000001 4 2.0 1.0 triangle
52.60000000000001 0 1.3 1.0 NULL
53.900000000000006 3 2.0 1.0 circle
55.900000000000006 0 1.4 1.0 NULL
57.300000000000004 1 2.0 1.0 line
59.300000000000004 0 1.0 1.0 NULL
60.300000000000004 4 2.0 1.0 triangle
62.300000000000004 0 1.1 1.0 NULL
63.400000000000006 4 2.0 1.0 triangle
65.4 0 1.1 1.0 NULL
66.5 2 2.0 1.0 square
68.5 0 1.3 1.0 NULL
69.8 3 2.0 1.0 circle
71.8 0 1.3 1.0 NULL
73.1 3 2.0 1.0 circle
75.1 0 1.0 1.0 NULL
76.1 2 2.0 1.0 square
78.1 0 1.0 1.0 NULL
79.1 3 2.0 1.0 circle
81.1 0 1.1 1.0 NULL
82.19999999999999 4 2.0 1.0 triangle
84.19999999999999 0 1.8 1.0 NULL
85.99999999999999 4 2.0 1.0 triangle
87.99999999999999 0 1.0 1.0 NULL
88.99999999999999 4 2.0 1.0 triangle
91.0 0 1.2 1.0 NULL
92.2 4 2.0 1.0 triangle
94.2 0 1.0 1.0 NULL
95.2 3 2.0 1.0 circle
97.2 0 1.2 1.0 NULL
98.4 4 2.0 1.0 triangle
100.4 0 1.4 1.0 NULL
101.80000000000001 2 2.0 1.0 square
103.8 0 1.1 1.0 NULL
104.89999999999999 4 2.0 1.0 triangle
106.89999999999999 0 1.1 1.0 NULL
107.99999999999999 1 2.0 1.0 line
109.99999999999999 0 1.7 1.0 NULL
111.69999999999999 3 2.0 1.0 circle
113.69999999999999 0 1.0 1.0 NULL
114.69999999999999 2 2.0 1.0 square
116.7 0 1.1 1.0 NULL
117.8 3 2.0 1.0 circle
119.8 0 1.5 1.0 NULL
121.3 3 2.0 1.0 circle
123.3 0 1.3 1.0 NULL
124.6 1 2.0 1.0 line
126.6 0 1.2 1.0 NULL
127.8 2 2.0 1.0 square
129.79999999999998 0 1.5 1.0 NULL
