0.0 0 1.5 1.0 NULL
1.5 3 2.0 1.0 circle
3.5 0 1.0 1.0 NULL
4.5 3 2.0 1.0 circle
6.5 0 1.2 1.0 NULL
7.7 4 2.0 1.0 triangle
9.7 0 1.1 1.0 NULL
10.799999999999999 2 2.0 1.0 square
12.8 0 1.0 1.0 NULL
13.8 2 2.0 1.0 square
15.8 0 1.2 1.0 NULL
17.0 1 2.0 1.0 line
19.0 0 1.3 1.0 NULL
20.3 1 2.0 1.0 line
22.3 0 1.0 1.0 NULL
23.3 2 2.0 1.0 square
25.299999999999997 0 1.2 1.0 NULL
26.499999999999996 3 2.0 1.0 circle
28.499999999999996 0 1.2 1.0 NULL
29.699999999999996 3 2.0 1.0 circle
31.699999999999996 0 1.3 1.0 NULL
32.99999999999999 2 2.0 1.0 square
34.99999999999999 0 1.1 1.0 NULL
36.099999999999994 1 2.0 1.0 line
38.1 0 1.0 1.0 NULL
39.1 3 2.0 1.0 circle
41.1 0 1.8 1.0 NULL
42.9 3 2.0 1.0 circle
44.9 0 1.0 1.0 NULL
45.9 4 2.0 1.0 triangle
47.9 0 1.2 1.0 NULL
49.1 2 2.0 1.0 square
51.1 0 1.3 1.0 NULL
52.4 2 2.0 1.0 square
54.4 0 1.9 1.0 NULL
56.3 2 2.0 1.0 square
58.3 0 1.0 1.0 NULL
59.3 3 2.0 1.0 circle
61.3 0 1.2 1.0 NULL
62.5 1 2.0 1.0 line
64.5 0 1.1 1.0 NULL
65.6 4 2.0 1.0 triangle
67.6 0 1.5 1.0 NULL
69.1 1 2.0 1.0 line
71.1 0 1.4 1.0 NULL
72.5 3 2.0 1.0 circle
74.5 0 1.0 1.0 NULL
75.5 1 2.0 1.0 line
77.5 0 1.4 1.0 NULL
78.9 1 2.0 1.0 line
80.9 0 1.6 1.0 NULL
82.5 4 2.0 1.0 triangle
84.5 0 1.2 1.0 NULL
85.7 4 2.0 1.0 triangle
87.7 0 1.2 1.0 NULL
88.9 1 2.0 1.0 line
90.9 0 1.3 1.0 NULL
92.2 3 2.0 1.0 circle
94.2 0 1.2 1.0 NULL
95.4 2 2.0 1.0 square
97.4 0 1.1 1.0 NULL
98.5 4 2.0 1.0 triangle
100.5 0 1.9 1.0 NULL
102.4 1 2.0 1.0 line
104.4 0 1.2 1.0 NULL
105.60000000000001 4 2.0 1.0 triangle
107.60000000000001 0 1.1 1.0 NULL
108.7 4 2.0 1.0 triangle
110.7 0 1.3 1.0 NULL
112.0 4 2.0 1.0 triangle
114.0 0 1.0 1.0 NULL
115.0 1 2.0 1.0 line
117.0 0 1.1 1.0 NULL
118.1 4 2.0 1.0 triangle
120.1 0 1.4 1.0 NULL
121.5 3 2.0 1.0 circle
123.5 0 1.1 1.0 NULL
124.6 2 2.0 1.0 square
126.6 0 1.4 1.0 NULL
128.0 2 2.0 1.0 square
130.0 0 1.5 1.0 NULL
