0.0 0 1.2 1.0 NULL
1.2 4 2.0 1.0 triangle
3.2 0 1.0 1.0 NULL
4.2 1 2.0 1.0 line
6.2 0 1.7 1.0 NULL
7.9 2 2.0 1.0 square
9.9 0 1.6 1.0 NULL
11.5 4 2.0 1.0 triangle
13.5 0 1.1 1.0 NULL
14.6 1 2.0 1.0 line
16.6 0 1.9 1.0 NULL
18.5 2 2.0 1.0 square
20.5 0 1.1 1.0 NULL
21.6 1 2.0 1.0 line
23.6 0 1.0 1.0 NULL
24.6 3 2.0 1.0 circle
26.599999999999998 0 1.0 1.0 NULL
27.599999999999998 1 2.0 1.0 line
29.599999999999998 0 1.0 1.0 NULL
30.599999999999998 3 2.0 1.0 circle
32.599999999999994 0 1.7 1.0 NULL
34.3 2 2.0 1.0 square
36.3 0 1.3 1.0 NULL
37.599999999999994 2 2.0 1.0 square
39.6 0 1.3 1.0 NULL
40.9 1 2.0 1.0 line
42.9 0 1.0 1.0 NULL
43.9 1 2.0 1.0 line
45.9 0 1.1 1.0 NULL
47.0 4 2.0 1.0 triangle
49.0 0 1.3 1.0 NULL
50.3 3 2.0 1.0 circle
52.3 0 1.0 1.0 NULL
53.3 2 2.0 1.0 square
55.3 0 1.4 1.0 NULL
56.699999999999996 1 2.0 1.0 line
58.699999999999996 0 1.4 1.0 NULL
60.099999999999994 4 2.0 1.0 triangle
62.099999999999994 0 1.3 1.0 NULL
63.39999999999999 4 2.0 1.0 triangle
65.4 0 1.0 1.0 NULL
66.4 2 2.0 1.0 square
68.4 0 1.2 1.0 NULL
69.60000000000001 3 2.0 1.0 circle
71.60000000000001 0 1.0 1.0 NULL
72.60000000000001 3 2.0 1.0 circle
74.60000000000001 0 1.3 1.0 NULL
75.9 1 2.0 1.0 line
77.9 0 1.0 1.0 NULL
78.9 2 2.0 1.0 square
80.9 0 2.0 1.0 NULL
82.9 3 2.0 1.0 circle
84.9 0 1.1 1.0 NULL
86.0 3 2.0 1.0 circle
88.0 0 1.2 1.0 NULL
89.2 4 2.0 1.0 triangle
91.2 0 1.1 1.0 NULL
92.3 1 2.0 1.0 line
94.3 0 1.3 1.0 NULL
95.6 2 2.0 1.0 square
97.6 0 1.0 1.0 NULL
98.6 4 2.0 1.0 triangle
100.6 0 2.0 1.0 NULL
102.6 3 2.0 1.0 circle
104.6 0 1.2 1.0 NULL
105.8 4 2.0 1.0 triangle
107.8 0 1.0 1.0 NULL
108.8 3 2.0 1.0 circle
110.8 0 1.1 1.0 NULL
111.89999999999999 4 2.0 1.0 triangle
113.89999999999999 0 1.0 1.0 NULL
114.89999999999999 2 2.0 1.0 square
116.9 0 1.1 1.0 NULL
118.0 4 2.0 1.0 triangle
120.0 0 1.0 1.0 NULL
121.0 1 2.0 1.0 line
123.0 0 1.2 1.0 NULL
124.2 2 2.0 1.0 square
126.2 0 1.2 1.0 NULL
127.4 3 2.0 1.0 circle
129.39999999999998 0 1.8 1.0 NULL
