0.0 0 1.6 1.0 NULL
1.6 2 2.0 1.0 square
3.6 0 1.1 1.0 NULL
4.7 4 2.0 1.0 triangle
6.7 0 1.3 1.0 NULL
8.0 1 2.0 1.0 line
10.0 0 1.2 1.0 NULL
11.2 3 2.0 1.0 circle
13.2 0 1.2 1.0 NULL
14.399999999999999 1 2.0 1.0 line
16.4 0 1.1 1.0 NULL
17.5 3 2.0 1.0 circle
19.5 0 1.1 1.0 NULL
20.6 2 2.0 1.0 square
22.6 0 1.2 1.0 NULL
23.8 3 2.0 1.0 circle
25.8 0 1.1 1.0 NULL
26.900000000000002 3 2.0 1.0 circle
28.900000000000002 0 1.6 1.0 NULL
30.500000000000004 4 2.0 1.0 triangle
32.5 0 1.0 1.0 NULL
33.5 1 2.0 1.0 line
35.5 0 1.3 1.0 NULL
36.8 2 2.0 1.0 square
38.800000000000004 0 1.0 1.0 NULL
39.800000000000004 1 2.0 1.0 line
41.800000000000004 0 1.2 1.0 NULL
43.00000000000001 4 2.0 1.0 triangle
45.00000000000001 0 1.1 1.0 NULL
46.10000000000001 2 2.0 1.0 square
48.10000000000001 0 1.1 1.0 NULL
49.20000000000001 1 2.0 1.0 line
51.2 0 1.1 1.0 NULL
52.300000000000004 2 2.0 1.0 square
54.300000000000004 0 1.0 1.0 NULL
55.300000000000004 3 2.0 1.0 circle
57.300000000000004 0 1.4 1.0 NULL
58.7 1 2.0 1.0 line
60.7 0 1.0 1.0 NULL
61.7 4 2.0 1.0 triangle
63.7 0 1.2 1.0 NULL
64.9 4 2.0 1.0 triangle
66.9 0 1.6 1.0 NULL
68.5 3 2.0 1.0 circle
70.5 0 1.4 1.0 NULL
71.9 4 2.0 1.0 triangle
73.9 0 1.4 1.0 NULL
75.30000000000001 4 2.0 1.0 triangle
77.3 0 1.1 1.0 NULL
78.39999999999999 4 2.0 1.0 triangle
80.39999999999999 0 1.7 1.0 NULL
82.1 4 2.0 1.0 triangle
84.1 0 1.0 1.0 NULL
85.1 3 2.0 1.0 circle
87.1 0 1.0 1.0 NULL
88.1 3 2.0 1.0 circle
90.1 0 1.6 1.0 NULL
91.69999999999999 2 2.0 1.0 square
93.69999999999999 0 1.1 1.0 NULL
94.79999999999998 2 2.0 1.0 square
96.79999999999998 0 1.6 1.0 NULL
98.39999999999998 4 2.0 1.0 triangle
100.39999999999998 0 1.4 1.0 NULL
101.79999999999998 1 2.0 1.0 line
103.8 0 1.0 1.0 NULL
104.8 2 2.0 1.0 square
106.8 0 1.8 1.0 NULL
108.6 1 2.0 1.0 line
110.6 0 1.1 1.0 NULL
111.69999999999999 2 2.0 1.0 square
113.69999999999999 0 1.1 1.0 NULL
114.79999999999998 3 2.0 1.0 circle
116.8 0 1.0 1.0 NULL
117.8 1 2.0 1.0 line
119.8 0 1.4 1.0 NULL
121.2 3 2.0 1.0 circle
123.2 0 1.5 1.0 NULL
124.7 1 2.0 1.0 line
126.7 0 1.4 1.0 NULL
128.1 2 2.0 1.0 square
130.1 0 1.5 1.0 NULL
