0.0 0 1.7 1.0 NULL
1.7 1 2.0 1.0 line
3.7 0 1.0 1.0 NULL
4.7 2 2.0 1.0 square
6.7 0 1.9 1.0 NULL
8.6 4 2.0 1.0 triangle
10.6 0 1.2 1.0 NULL
11.799999999999999 2 2.0 1.0 square
13.8 0 1.2 1.0 NULL
15.0 3 2.0 1.0 circle
17.0 0 1.1 1.0 NULL
18.1 4 2.0 1.0 triangle
20.1 0 1.0 1.0 NULL
21.1 2 2.0 1.0 square
23.1 0 1.0 1.0 NULL
24.1 1 2.0 1.0 line
26.1 0 1.3 1.0 NULL
27.400000000000002 4 2.0 1.0 triangle
29.400000000000002 0 1.1 1.0 NULL
30.500000000000004 3 2.0 1.0 circle
32.5 0 1.1 1.0 NULL
33.6 4 2.0 1.0 triangle
35.6 0 2.0 1.0 NULL
37.6 2 2.0 1.0 square
39.599999999999994 0 1.1 1.0 NULL
40.699999999999996 2 2.0 1.0 square
42.699999999999996 0 1.3 1.0 NULL
43.99999999999999 4 2.0 1.0 triangle
45.99999999999999 0 1.0 1.0 NULL
46.99999999999999 1 2.0 1.0 line
48.99999999999999 0 1.2 1.0 NULL
50.199999999999996 2 2.0 1.0 square
52.2 0 1.5 1.0 NULL
53.7 1 2.0 1.0 line
55.7 0 1.0 1.0 NULL
56.7 1 2.0 1.0 line
58.7 0 1.2 1.0 NULL
59.900000000000006 3 2.0 1.0 circle
61.900000000000006 0 1.1 1.0 NULL
63.00000000000001 4 2.0 1.0 triangle
65.0 0 1.1 1.0 NULL
66.1 4 2.0 1.0 triangle
68.1 0 1.7 1.0 NULL
69.8 3 2.0 1.0 circle
71.8 0 1.1 1.0 NULL
72.89999999999999 1 2.0 1.0 line
74.89999999999999 0 1.7 1.0 NULL
76.6 2 2.0 1.0 square
78.6 0 1.0 1.0 NULL
79.6 3 2.0 1.0 circle
81.6 0 1.0 1.0 NULL
82.6 2 2.0 1.0 square
84.6 0 1.3 1.0 NULL
85.89999999999999 3 2.0 1.0 circle
87.89999999999999 0 1.9 1.0 NULL
89.8 3 2.0 1.0 circle
91.8 0 1.3 1.0 NULL
93.1 3 2.0 1.0 circle
95.1 0 1.6 1.0 NULL
96.69999999999999 1 2.0 1.0 line
98.69999999999999 0 1.4 1.0 NULL
100.1 3 2.0 1.0 circle
102.1 0 1.0 1.0 NULL
103.1 4 2.0 1.0 triangle
105.1 0 1.4 1.0 NULL
106.5 1 2.0 1.0 line
108.5 0 1.5 1.0 NULL
110.0 1 2.0 1.0 line
112.0 0 1.0 1.0 NULL
113.0 3 2.0 1.0 circle
115.0 0 1.2 1.0 NULL
116.2 2 2.0 1.0 square
118.19999999999999 0 1.2 1.0 NULL
119.39999999999999 4 2.0 1.0 triangle
121.39999999999999 0 1.1 1.0 NULL
122.49999999999999 1 2.0 1.0 line
124.49999999999999 0 1.1 1.0 NULL
125.59999999999998 2 2.0 1.0 square
127.59999999999998 0 1.1 1.0 NULL
128.7 4 2.0 1.0 triangle
130.7 0 1.0 1.0 NULL
