0.0 0 1.0 1.0 NULL
1.0 2 2.0 1.0 square
3.0 0 1.0 1.0 NULL
4.0 2 2.0 1.0 square
6.0 0 1.3 1.0 NULL
7.3 3 2.0 1.0 circle
9.3 0 1.1 1.0 NULL
10.4 1 2.0 1.0 line
12.4 0 1.5 1.0 NULL
13.9 1 2.0 1.0 line
15.9 0 1.1 1.0 NULL
17.0 1 2.0 1.0 line
19.0 0 1.3 1.0 NULL
20.3 4 2.0 1.0 triangle
22.3 0 1.2 1.0 NULL
23.5 1 2.0 1.0 line
25.5 0 1.0 1.0 NULL
26.5 4 2.0 1.0 triangle
28.5 0 1.2 1.0 NULL
29.7 3 2.0 1.0 circle
31.7 0 1.6 1.0 NULL
33.3 4 2.0 1.0 triangle
35.3 0 1.4 1.0 NULL
36.699999999999996 2 2.0 1.0 square
38.7 0 1.1 1.0 NULL
39.800000000000004 3 2.0 1.0 circle
41.800000000000004 0 1.1 1.0 NULL
42.900000000000006 4 2.0 1.0 triangle
44.900000000000006 0 1.3 1.0 NULL
46.2 3 2.0 1.0 circle
48.2 0 1.4 1.0 NULL
49.6 2 2.0 1.0 square
51.6 0 1.1 1.0 NULL
52.7 2 2.0 1.0 square
54.7 0 1.1 1.0 NULL
55.800000000000004 1 2.0 1.0 line
57.800000000000004 0 1.0 1.0 NULL
58.800000000000004 2 2.0 1.0 square
60.800000000000004 0 1.0 1.0 NULL
61.800000000000004 4 2.0 1.0 triangle
63.8 0 1.1 1.0 NULL
64.89999999999999 2 2.0 1.0 square
66.89999999999999 0 1.0 1.0 NULL
67.89999999999999 2 2.0 1.0 square
69.89999999999999 0 1.9 1.0 NULL
71.8 4 2.0 1.0 triangle
73.8 0 1.0 1.0 NULL
74.8 4 2.0 1.0 triangle
76.8 0 1.5 1.0 NULL
78.3 4 2.0 1.0 triangle
80.3 0 1.0 1.0 NULL
81.3 3 2.0 1.0 circle
83.3 0 1.1 1.0 NULL
84.39999999999999 3 2.0 1.0 circle
86.39999999999999 0 1.6 1.0 NULL
87.99999999999999 4 2.0 1.0 triangle
90.0 0 1.3 1.0 NULL
91.3 1 2.0 1.0 line
93.3 0 1.4 1.0 NULL
94.7 1 2.0 1.0 line
96.7 0 1.9 1.0 NULL
98.60000000000001 3 2.0 1.0 circle
100.60000000000001 0 1.2 1.0 NULL
101.80000000000001 3 2.0 1.0 circle
103.8 0 1.2 1.0 NULL
105.0 2 2.0 1.0 square
107.0 0 1.6 1.0 NULL
108.6 1 2.0 1.0 line
110.6 0 1.1 1.0 NULL
111.69999999999999 3 2.0 1.0 circle
113.69999999999999 0 1.8 1.0 NULL
115.49999999999999 1 2.0 1.0 line
117.5 0 1.2 1.0 NULL
118.7 3 2.0 1.0 circle
120.7 0 1.1 1.0 NULL
121.8 1 2.0 1.0 line
123.8 0 1.0 1.0 NULL
124.8 2 2.0 1.0 square
126.8 0 1.1 1.0 NULL
127.89999999999999 4 2.0 1.0 triangle
129.9 0 1.1 1.0 NULL
