0.0 0 1.1 1.0 NULL
1.1 4 2.0 1.0 triangle
3.1 0 1.0 1.0 NULL
4.1 2 2.0 1.0 square
6.1 0 1.0 1.0 NULL
7.1 2 2.0 1.0 square
9.1 0 1.3 1.0 NULL
10.4 1 2.0 1.0 line
12.399999999999999 0 2.0 1.0 NULL
14.399999999999999 1 2.0 1.0 line
16.4 0 1.9 1.0 NULL
18.299999999999997 2 2.0 1.0 square
20.299999999999997 0 1.0 1.0 NULL
21.299999999999997 2 2.0 1.0 square
23.299999999999997 0 1.5 1.0 NULL
24.799999999999997 4 2.0 1.0 triangle
26.8 0 1.0 1.0 NULL
27.8 4 2.0 1.0 triangle
29.8 0 1.6 1.0 NULL
31.400000000000002 1 2.0 1.0 line
33.400000000000006 0 1.3 1.0 NULL
34.7 1 2.0 1.0 line
36.7 0 1.0 1.0 NULL
37.7 3 2.0 1.0 circle
39.7 0 1.2 1.0 NULL
40.900000000000006 2 2.0 1.0 square
42.900000000000006 0 1.5 1.0 NULL
44.400000000000006 2 2.0 1.0 square
46.400000000000006 0 1.2 1.0 NULL
47.60000000000001 3 2.0 1.0 circle
49.60000000000001 0 1.3 1.0 NULL
50.900000000000006 3 2.0 1.0 circle
52.900000000000006 0 1.1 1.0 NULL
54.00000000000001 4 2.0 1.0 triangle
56.00000000000001 0 1.2 1.0 NULL
57.20000000000001 3 2.0 1.0 circle
59.20000000000001 0 1.1 1.0 NULL
60.30000000000001 1 2.0 1.0 line
62.30000000000001 0 1.1 1.0 NULL
63.40000000000001 2 2.0 1.0 square
65.39999999999999 0 1.0 1.0 NULL
66.39999999999999 1 2.0 1.0 line
68.39999999999999 0 1.1 1.0 NULL
69.49999999999999 3 2.0 1.0 circle
71.49999999999999 0 1.3 1.0 NULL
72.79999999999998 3 2.0 1.0 circle
74.79999999999998 0 1.0 1.0 NULL
75.79999999999998 1 2.0 1.0 line
77.8 0 1.2 1.0 NULL
79.0 2 2.0 1.0 square
81.0 0 1.0 1.0 NULL
82.0 3 2.0 1.0 circle
84.0 0 1.0 1.0 NULL
85.0 4 2.0 1.0 triangle
87.0 0 1.2 1.0 NULL
88.2 4 2.0 1.0 triangle
90.2 0 1.5 1.0 NULL
91.7 1 2.0 1.0 line
93.7 0 1.0 1.0 NULL
94.7 4 2.0 1.0 triangle
96.7 0 1.0 1.0 NULL
97.7 1 2.0 1.0 line
99.7 0 1.0 1.0 NULL
100.7 1 2.0 1.0 line
102.7 0 1.4 1.0 NULL
104.10000000000001 3 2.0 1.0 circle
106.10000000000001 0 2.0 1.0 NULL
108.10000000000001 4 2.0 1.0 triangle
110.10000000000001 0 1.1 1.0 NULL
111.2 2 2.0 1.0 square
113.2 0 1.0 1.0 NULL
114.2 4 2.0 1.0 triangle
116.19999999999999 0 1.4 1.0 NULL
117.6 3 2.0 1.0 circle
119.6 0 1.0 1.0 NULL
120.6 2 2.0 1.0 square
122.6 0 2.0 1.0 NULL
124.6 4 2.0 1.0 triangle
126.6 0 1.3 1.0 NULL
127.89999999999999 3 2.0 1.0 circle
129.89999999999998 0 1.2 1.0 NULL
