0.0 0 1.4 1.0 NULL
1.4 3 2.0 1.0 circle
3.4 0 1.1 1.0 NULL
4.5 1 2.0 1.0 line
6.5 0 1.0 1.0 NULL
7.5 1 2.0 1.0 line
9.5 0 1.2 1.0 NULL
10.7 1 2.0 1.0 line
12.7 0 2.0 1.0 NULL
14.7 4 2.0 1.0 triangle
16.7 0 1.8 1.0 NULL
18.5 1 2.0 1.0 line
20.5 0 1.1 1.0 NULL
21.6 1 2.0 1.0 line
23.6 0 1.4 1.0 NULL
25.0 4 2.0 1.0 triangle
27.0 0 1.1 1.0 NULL
28.1 4 2.0 1.0 triangle
30.1 0 1.8 1.0 NULL
31.900000000000002 3 2.0 1.0 circle
33.900000000000006 0 1.0 1.0 NULL
34.900000000000006 3 2.0 1.0 circle
36.900000000000006 0 1.0 1.0 NULL
37.900000000000006 1 2.0 1.0 line
39.9 0 1.0 1.0 NULL
40.9 3 2.0 1.0 circle
42.9 0 1.1 1.0 NULL
44.0 2 2.0 1.0 square
46.0 0 1.2 1.0 NULL
47.2 2 2.0 1.0 square
49.2 0 1.1 1.0 NULL
50.300000000000004 4 2.0 1.0 triangle
52.3 0 1.0 1.0 NULL
53.3 3 2.0 1.0 circle
55.3 0 1.9 1.0 NULL
57.199999999999996 1 2.0 1.0 line
59.199999999999996 0 1.2 1.0 NULL
60.4 2 2.0 1.0 square
62.4 0 1.1 1.0 NULL
63.5 2 2.0 1.0 square
65.5 0 1.2 1.0 NULL
66.7 3 2.0 1.0 circle
68.7 0 1.4 1.0 NULL
70.10000000000001 4 2.0 1.0 triangle
72.10000000000001 0 1.6 1.0 NULL
73.7 2 2.0 1.0 square
75.7 0 1.0 1.0 NULL
76.7 2 2.0 1.0 square
78.69999999999999 0 1.5 1.0 NULL
80.19999999999999 2 2.0 1.0 square
82.19999999999999 0 1.9 1.0 NULL
84.1 3 2.0 1.0 circle
86.1 0 1.1 1.0 NULL
87.19999999999999 4 2.0 1.0 triangle
89.19999999999999 0 1.1 1.0 NULL
90.29999999999998 3 2.0 1.0 circle
92.3 0 1.6 1.0 NULL
93.89999999999999 4 2.0 1.0 triangle
95.89999999999999 0 1.0 1.0 NULL
96.89999999999999 1 2.0 1.0 line
98.89999999999999 0 1.3 1.0 NULL
100.19999999999999 3 2.0 1.0 circle
102.19999999999999 0 1.0 1.0 NULL
103.19999999999999 4 2.0 1.0 triangle
105.19999999999999 0 1.0 1.0 NULL
106.19999999999999 4 2.0 1.0 triangle
108.19999999999999 0 1.1 1.0 NULL
109.29999999999998 4 2.0 1.0 triangle
111.29999999999998 0 1.3 1.0 NULL
112.59999999999998 2 2.0 1.0 square
114.59999999999998 0 1.2 1.0 NULL
115.79999999999998 1 2.0 1.0 line
117.8 0 1.0 1.0 NULL
118.8 3 2.0 1.0 circle
120.8 0 1.0 1.0 NULL
121.8 2 2.0 1.0 square
123.8 0 1.6 1.0 NULL
125.39999999999999 2 2.0 1.0 square
127.39999999999999 0 1.0 1.0 NULL
128.39999999999998 1 2.0 1.0 line
130.4 0 1.0 1.0 NULL
