0.0 0 1.1 1.0 NULL
1.1 4 2.0 1.0 triangle
3.1 0 1.0 1.0 NULL
4.1 1 2.0 1.0 line
6.1 0 1.6 1.0 NULL
7.699999999999999 1 2.0 1.0 line
9.7 0 1.1 1.0 NULL
10.799999999999999 2 2.0 1.0 square
12.8 0 1.4 1.0 NULL
14.200000000000001 2 2.0 1.0 square
16.200000000000003 0 1.0 1.0 NULL
17.200000000000003 1 2.0 1.0 line
19.200000000000003 0 1.1 1.0 NULL
20.300000000000004 3 2.0 1.0 circle
22.300000000000004 0 1.1 1.0 NULL
23.400000000000006 4 2.0 1.0 triangle
25.4 0 1.4 1.0 NULL
26.799999999999997 3 2.0 1.0 circle
28.799999999999997 0 1.0 1.0 NULL
29.799999999999997 1 2.0 1.0 line
31.799999999999997 0 1.4 1.0 NULL
33.199999999999996 3 2.0 1.0 circle
35.199999999999996 0 1.6 1.0 NULL
36.8 3 2.0 1.0 circle
38.8 0 1.2 1.0 NULL
40.0 2 2.0 1.0 square
42.0 0 1.0 1.0 NULL
43.0 2 2.0 1.0 square
45.0 0 1.1 1.0 NULL
46.1 2 2.0 1.0 square
48.1 0 1.2 1.0 NULL
49.300000000000004 1 2.0 1.0 line
51.3 0 1.4 1.0 NULL
52.699999999999996 2 2.0 1.0 square
54.699999999999996 0 1.1 1.0 NULL
55.8 4 2.0 1.0 triangle
57.8 0 1.1 1.0 NULL
58.9 2 2.0 1.0 square
60.9 0 1.4 1.0 NULL
62.3 1 2.0 1.0 line
64.3 0 1.3 1.0 NULL
65.6 1 2.0 1.0 line
67.6 0 1.1 1.0 NULL
68.69999999999999 4 2.0 1.0 triangle
70.69999999999999 0 1.6 1.0 NULL
72.29999999999998 1 2.0 1.0 line
74.29999999999998 0 1.3 1.0 NULL
75.59999999999998 4 2.0 1.0 triangle
77.6 0 1.1 1.0 NULL
78.69999999999999 1 2.0 1.0 line
80.69999999999999 0 1.0 1.0 NULL
81.69999999999999 4 2.0 1.0 triangle
83.69999999999999 0 1.1 1.0 NULL
84.79999999999998 3 2.0 1.0 circle
86.79999999999998 0 1.3 1.0 NULL
88.09999999999998 2 2.0 1.0 square
90.1 0 1.2 1.0 NULL
91.3 4 2.0 1.0 triangle
93.3 0 1.5 1.0 NULL
94.8 3 2.0 1.0 circle
96.8 0 1.1 1.0 NULL
97.89999999999999 2 2.0 1.0 square
99.89999999999999 0 1.3 1.0 NULL
101.19999999999999 4 2.0 1.0 triangle
103.19999999999999 0 1.0 1.0 NULL
104.19999999999999 2 2.0 1.0 square
106.19999999999999 0 1.0 1.0 NULL
107.19999999999999 1 2.0 1.0 line
109.19999999999999 0 1.0 1.0 NULL
110.19999999999999 3 2.0 1.0 circle
112.19999999999999 0 1.7 1.0 NULL
113.89999999999999 4 2.0 1.0 triangle
115.89999999999999 0 1.0 1.0 NULL
116.89999999999999 3 2.0 1.0 circle
118.89999999999999 0 1.8 1.0 NULL
120.69999999999999 4 2.0 1.0 triangle
122.69999999999999 0 1.2 1.0 NULL
123.89999999999999 3 2.0 1.0 circle
125.89999999999999 0 1.5 1.0 NULL
127.39999999999999 3 2.0 1.0 circle
129.4 0 1.7 1.0 NULL
