0.0 0 1.0 1.0 NULL
1.0 2 2.0 1.0 square
3.0 0 1.3 1.0 NULL
4.3 2 2.0 1.0 square
6.3 0 1.1 1.0 NULL
7.4 4 2.0 1.0 triangle
9.4 0 1.0 1.0 NULL
10.4 2 2.0 1.0 square
12.399999999999999 0 1.1 1.0 NULL
13.499999999999998 1 2.0 1.0 line
15.499999999999998 0 1.4 1.0 NULL
16.9 3 2.0 1.0 circle
18.9 0 1.1 1.0 NULL
20.0 3 2.0 1.0 circle
22.0 0 1.1 1.0 NULL
23.1 2 2.0 1.0 square
25.1 0 1.3 1.0 NULL
26.400000000000002 2 2.0 1.0 square
28.400000000000002 0 1.0 1.0 NULL
29.400000000000002 3 2.0 1.0 circle
31.400000000000002 0 1.0 1.0 NULL
32.400000000000006 4 2.0 1.0 triangle
34.400000000000006 0 1.1 1.0 NULL
35.50000000000001 1 2.0 1.0 line
37.5 0 1.0 1.0 NULL
38.5 4 2.0 1.0 triangle
40.5 0 1.4 1.0 NULL
41.9 1 2.0 1.0 line
43.9 0 1.1 1.0 NULL
45.0 2 2.0 1.0 square
47.0 0 1.1 1.0 NULL
48.1 3 2.0 1.0 circle
50.1 0 1.2 1.0 NULL
51.300000000000004 1 2.0 1.0 line
53.300000000000004 0 2.0 1.0 NULL
55.300000000000004 4 2.0 1.0 triangle
57.300000000000004 0 1.3 1.0 NULL
58.6 1 2.0 1.0 line
60.6 0 1.5 1.0 NULL
62.1 1 2.0 1.0 line
64.10000000000001 0 1.3 1.0 NULL
65.4 3 2.0 1.0 circle
67.4 0 1.0 1.0 NULL
68.4 1 2.0 1.0 line
70.4 0 1.9 1.0 NULL
72.30000000000001 4 2.0 1.0 triangle
74.30000000000001 0 1.1 1.0 NULL
75.4 3 2.0 1.0 circle
77.4 0 1.0 1.0 NULL
78.4 2 2.0 1.0 square
80.4 0 1.0 1.0 NULL
81.4 3 2.0 1.0 circle
83.4 0 1.9 1.0 NULL
85.30000000000001 1 2.0 1.0 line
87.30000000000001 0 1.0 1.0 NULL
88.30000000000001 1 2.0 1.0 line
90.3 0 1.1 1.0 NULL
91.39999999999999 4 2.0 1.0 triangle
93.39999999999999 0 1.8 1.0 NULL
95.19999999999999 3 2.0 1.0 circle
97.19999999999999 0 1.3 1.0 NULL
98.49999999999999 4 2.0 1.0 triangle
100.49999999999999 0 1.7 1.0 NULL
102.19999999999999 3 2.0 1.0 circle
104.2 0 1.3 1.0 NULL
105.5 4 2.0 1.0 triangle
107.5 0 1.0 1.0 NULL
108.5 2 2.0 1.0 square
110.5 0 1.7 1.0 NULL
112.2 2 2.0 1.0 square
114.2 0 1.1 1.0 NULL
115.3 2 2.0 1.0 square
117.3 0 1.5 1.0 NULL
118.8 4 2.0 1.0 triangle
120.8 0 1.0 1.0 NULL
121.8 1 2.0 1.0 line
123.8 0 1.2 1.0 NULL
125.0 4 2.0 1.0 triangle
127.0 0 1.0 1.0 NULL
128.0 3 2.0 1.0 circle
130.0 0 1.0 1.0 NULL
