0.0 0 1.5 1.0 NULL
1.5 1 2.0 1.0 line
3.5 0 1.1 1.0 NULL
4.6 4 2.0 1.0 triangle
6.6 0 1.0 1.0 NULL
7.6 2 2.0 1.0 square
9.6 0 1.3 1.0 NULL
10.9 4 2.0 1.0 triangle
12.899999999999999 0 1.2 1.0 NULL
14.099999999999998 4 2.0 1.0 triangle
16.099999999999998 0 1.5 1.0 NULL
17.599999999999998 2 2.0 1.0 square
19.599999999999998 0 1.0 1.0 NULL
20.599999999999998 3 2.0 1.0 circle
22.599999999999998 0 1.0 1.0 NULL
23.599999999999998 2 2.0 1.0 square
25.6 0 1.0 1.0 NULL
26.6 1 2.0 1.0 line
28.6 0 1.8 1.0 NULL
30.400000000000002 1 2.0 1.0 line
32.400000000000006 0 1.1 1.0 NULL
33.50000000000001 1 2.0 1.0 line
35.50000000000001 0 1.6 1.0 NULL
37.10000000000001 3 2.0 1.0 circle
39.1 0 1.0 1.0 NULL
40.1 2 2.0 1.0 square
42.1 0 1.9 1.0 NULL
44.0 2 2.0 1.0 square
46.0 0 1.1 1.0 NULL
47.1 3 2.0 1.0 circle
49.1 0 1.3 1.0 NULL
50.4 3 2.0 1.0 circle
52.4 0 1.1 1.0 NULL
53.5 3 2.0 1.0 circle
55.5 0 1.0 1.0 NULL
56.5 2 2.0 1.0 square
58.5 0 1.0 1.0 NULL
59.5 3 2.0 1.0 circle
61.5 0 1.1 1.0 NULL
62.6 2 2.0 1.0 square
64.6 0 1.2 1.0 NULL
65.8 2 2.0 1.0 square
67.8 0 1.5 1.0 NULL
69.3 1 2.0 1.0 line
71.3 0 1.0 1.0 NULL
72.3 1 2.0 1.0 line
74.3 0 1.2 1.0 NULL
75.5 3 2.0 1.0 circle
77.5 0 1.3 1.0 NULL
78.8 2 2.0 1.0 square
80.8 0 1.0 1.0 NULL
81.8 1 2.0 1.0 line
83.8 0 1.4 1.0 NULL
85.2 1 2.0 1.0 line
87.2 0 1.1 1.0 NULL
88.3 3 2.0 1.0 circle
90.30000000000001 0 1.5 1.0 NULL
91.80000000000001 4 2.0 1.0 triangle
93.80000000000001 0 1.1 1.0 NULL
94.9 4 2.0 1.0 triangle
96.9 0 1.3 1.0 NULL
98.2 1 2.0 1.0 line
100.2 0 1.7 1.0 NULL
101.9 4 2.0 1.0 triangle
103.9 0 1.0 1.0 NULL
104.9 1 2.0 1.0 line
106.9 0 1.0 1.0 NULL
107.9 4 2.0 1.0 triangle
109.9 0 1.8 1.0 NULL
111.7 4 2.0 1.0 triangle
113.7 0 1.1 1.0 NULL
114.8 2 2.0 1.0 square
116.80000000000001 0 1.8 1.0 NULL
118.60000000000001 4 2.0 1.0 triangle
120.60000000000001 0 1.2 1.0 NULL
121.80000000000001 3 2.0 1.0 circle
123.80000000000001 0 1.2 1.0 NULL
125.00000000000001 4 2.0 1.0 triangle
127.00000000000001 0 1.0 1.0 NULL
128.0 3 2.0 1.0 circle
130.0 0 1.5 1.0 NULL
