0.0 0 1.2 1.0 NULL
1.2 4 2.0 1.0 triangle
3.2 0 1.2 1.0 NULL
4.4 2 2.0 1.0 square
6.4 0 1.3 1.0 NULL
7.7 4 2.0 1.0 triangle
9.7 0 1.3 1.0 NULL
11.0 1 2.0 1.0 line
13.0 0 1.9 1.0 NULL
14.9 2 2.0 1.0 square
16.9 0 1.2 1.0 NULL
18.099999999999998 1 2.0 1.0 line
20.099999999999998 0 1.5 1.0 NULL
21.599999999999998 2 2.0 1.0 square
23.599999999999998 0 1.1 1.0 NULL
24.7 4 2.0 1.0 triangle
26.7 0 1.4 1.0 NULL
28.099999999999998 3 2.0 1.0 circle
30.099999999999998 0 1.1 1.0 NULL
31.2 2 2.0 1.0 square
33.2 0 1.5 1.0 NULL
34.7 3 2.0 1.0 circle
36.7 0 1.1 1.0 NULL
37.800000000000004 3 2.0 1.0 circle
39.8 0 1.0 1.0 NULL
40.8 3 2.0 1.0 circle
42.8 0 1.4 1.0 NULL
44.199999999999996 2 2.0 1.0 square
46.199999999999996 0 1.0 1.0 NULL
47.199999999999996 2 2.0 1.0 square
49.199999999999996 0 1.9 1.0 NULL
51.099999999999994 3 2.0 1.0 circle
53.1 0 1.1 1.0 NULL
54.2 3 2.0 1.0 circle
56.2 0 1.1 1.0 NULL
57.300000000000004 1 2.0 1.0 line
59.300000000000004 0 2.0 1.0 NULL
61.300000000000004 3 2.0 1.0 circle
63.300000000000004 0 1.6 1.0 NULL
64.9 1 2.0 1.0 line
66.9 0 1.0 1.0 NULL
67.9 1 2.0 1.0 line
69.9 0 1.2 1.0 NULL
71.10000000000001 1 2.0 1.0 line
73.10000000000001 0 1.0 1.0 NULL
74.10000000000001 2 2.0 1.0 square
76.10000000000001 0 1.0 1.0 NULL
77.10000000000001 2 2.0 1.0 square
79.1 0 1.2 1.0 NULL
80.3 4 2.0 1.0 triangle
82.3 0 1.3 1.0 NULL
83.6 3 2.0 1.0 circle
85.6 0 1.0 1.0 NULL
86.6 4 2.0 1.0 triangle
88.6 0 1.0 1.0 NULL
89.6 1 2.0 1.0 line
91.6 0 1.1 1.0 NULL
92.69999999999999 1 2.0 1.0 line
94.69999999999999 0 1.6 1.0 NULL
96.29999999999998 4 2.0 1.0 triangle
98.29999999999998 0 1.4 1.0 NULL
99.69999999999999 2 2.0 1.0 square
101.69999999999999 0 1.0 1.0 NULL
102.69999999999999 4 2.0 1.0 triangle
104.7 0 1.1 1.0 NULL
105.8 1 2.0 1.0 line
107.8 0 1.0 1.0 NULL
108.8 4 2.0 1.0 triangle
110.8 0 1.0 1.0 NULL
111.8 3 2.0 1.0 circle
113.8 0 1.8 1.0 NULL
115.6 2 2.0 1.0 square
117.6 0 1.1 1.0 NULL
118.69999999999999 4 2.0 1.0 triangle
120.69999999999999 0 1.1 1.0 NULL
121.79999999999998 3 2.0 1.0 circle
123.79999999999998 0 1.0 1.0 NULL
124.79999999999998 4 2.0 1.0 triangle
126.79999999999998 0 1.1 1.0 NULL
127.89999999999998 1 2.0 1.0 line
129.89999999999998 0 1.3 1.0 NULL
