0.0 0 2.0 1.0 NULL
2.0 3 2.0 1.0 circle
4.0 0 1.0 1.0 NULL
5.0 1 2.0 1.0 line
7.0 0 1.0 1.0 NULL
8.0 2 2.0 1.0 square
10.0 0 1.0 1.0 NULL
11.0 1 2.0 1.0 line
13.0 0 1.5 1.0 NULL
14.5 4 2.0 1.0 triangle
16.5 0 1.2 1.0 NULL
17.7 2 2.0 1.0 square
19.7 0 1.9 1.0 NULL
21.599999999999998 1 2.0 1.0 line
23.599999999999998 0 1.1 1.0 NULL
24.7 2 2.0 1.0 square
26.7 0 1.3 1.0 NULL
28.0 4 2.0 1.0 triangle
30.0 0 1.0 1.0 NULL
31.0 4 2.0 1.0 triangle
33.0 0 1.4 1.0 NULL
34.4 1 2.0 1.0 line
36.4 0 1.0 1.0 NULL
37.4 3 2.0 1.0 circle
39.4 0 1.0 1.0 NULL
40.4 2 2.0 1.0 square
42.4 0 1.0 1.0 NULL
43.4 3 2.0 1.0 circle
45.4 0 1.7 1.0 NULL
47.1 1 2.0 1.0 line
49.1 0 1.1 1.0 NULL
50.2 4 2.0 1.0 triangle
52.2 0 1.4 1.0 NULL
53.6 2 2.0 1.0 square
55.6 0 1.0 1.0 NULL
56.6 2 2.0 1.0 square
58.6 0 1.4 1.0 NULL
60.0 1 2.0 1.0 line
62.0 0 1.5 1.0 NULL
63.5 1 2.0 1.0 line
65.5 0 1.4 1.0 NULL
66.9 4 2.0 1.0 triangle
68.9 0 2.0 1.0 NULL
70.9 3 2.0 1.0 circle
72.9 0 1.2 1.0 NULL
74.10000000000001 2 2.0 1.0 square
76.10000000000001 0 1.0 1.0 NULL
77.10000000000001 2 2.0 1.0 square
79.1 0 1.7 1.0 NULL
80.8 3 2.0 1.0 circle
82.8 0 1.2 1.0 NULL
84.0 1 2.0 1.0 line
86.0 0 1.5 1.0 NULL
87.5 2 2.0 1.0 square
89.5 0 1.0 1.0 NULL
90.5 4 2.0 1.0 triangle
92.5 0 1.1 1.0 NULL
93.6 1 2.0 1.0 line
95.6 0 1.3 1.0 NULL
96.89999999999999 4 2.0 1.0 triangle
98.89999999999999 0 1.7 1.0 NULL
100.6 2 2.0 1.0 square
102.6 0 1.3 1.0 NULL
103.89999999999999 3 2.0 1.0 circle
105.9 0 1.0 1.0 NULL
106.9 3 2.0 1.0 circle
108.9 0 1.3 1.0 NULL
110.2 4 2.0 1.0 triangle
112.2 0 1.0 1.0 NULL
113.2 3 2.0 1.0 circle
115.2 0 1.0 1.0 NULL
116.2 4 2.0 1.0 triangle
118.19999999999999 0 1.1 1.0 NULL
119.29999999999998 4 2.0 1.0 triangle
121.29999999999998 0 1.1 1.0 NULL
122.39999999999998 1 2.0 1.0 line
124.39999999999998 0 1.3 1.0 NULL
125.69999999999997 3 2.0 1.0 circle
127.69999999999997 0 1.0 1.0 NULL
128.7 3 2.0 1.0 circle
130.7 0 1.3 1.0 NULL
