0.0 0 1.5 1.0 NULL
1.5 2 2.0 1.0 square
3.5 0 1.0 1.0 NULL
4.5 4 2.0 1.0 triangle
6.5 0 1.2 1.0 NULL
7.7 1 2.0 1.0 line
9.7 0 1.0 1.0 NULL
10.7 1 2.0 1.0 line
12.7 0 1.0 1.0 NULL
13.7 4 2.0 1.0 triangle
15.7 0 1.0 1.0 NULL
16.7 3 2.0 1.0 circle
18.7 0 1.2 1.0 NULL
19.9 2 2.0 1.0 square
21.9 0 1.3 1.0 NULL
23.2 2 2.0 1.0 square
25.2 0 1.0 1.0 NULL
26.2 3 2.0 1.0 circle
28.2 0 1.3 1.0 NULL
29.5 1 2.0 1.0 line
31.5 0 1.0 1.0 NULL
32.5 1 2.0 1.0 line
34.5 0 1.6 1.0 NULL
36.1 2 2.0 1.0 square
38.1 0 1.0 1.0 NULL
39.1 2 2.0 1.0 square
41.1 0 1.0 1.0 NULL
42.1 2 2.0 1.0 square
44.1 0 1.0 1.0 NULL
45.1 2 2.0 1.0 square
47.1 0 1.9 1.0 NULL
49.0 4 2.0 1.0 triangle
51.0 0 1.3 1.0 NULL
52.3 3 2.0 1.0 circle
54.3 0 1.1 1.0 NULL
55.4 4 2.0 1.0 triangle
57.4 0 1.1 1.0 NULL
58.5 1 2.0 1.0 line
60.5 0 1.7 1.0 NULL
62.2 4 2.0 1.0 triangle
64.2 0 1.1 1.0 NULL
65.3 4 2.0 1.0 triangle
67.3 0 1.5 1.0 NULL
68.8 1 2.0 1.0 line
70.8 0 1.9 1.0 NULL
72.7 1 2.0 1.0 line
74.7 0 1.1 1.0 NULL
75.8 3 2.0 1.0 circle
77.8 0 1.0 1.0 NULL
78.8 3 2.0 1.0 circle
80.8 0 2.0 1.0 NULL
82.8 2 2.0 1.0 square
84.8 0 1.5 1.0 NULL
86.3 3 2.0 1.0 circle
88.3 0 1.0 1.0 NULL
89.3 1 2.0 1.0 line
91.3 0 1.0 1.0 NULL
92.3 3 2.0 1.0 circle
94.3 0 1.2 1.0 NULL
95.5 4 2.0 1.0 triangle
97.5 0 1.1 1.0 NULL
98.6 3 2.0 1.0 circle
100.6 0 1.3 1.0 NULL
101.89999999999999 3 2.0 1.0 circle
103.9 0 1.0 1.0 NULL
104.9 4 2.0 1.0 triangle
106.9 0 1.1 1.0 NULL
108.0 2 2.0 1.0 square
110.0 0 1.2 1.0 NULL
111.2 1 2.0 1.0 line
113.2 0 1.0 1.0 NULL
114.2 2 2.0 1.0 square
116.19999999999999 0 1.3 1.0 NULL
117.49999999999999 4 2.0 1.0 triangle
119.49999999999999 0 1.8 1.0 NULL
121.29999999999998 3 2.0 1.0 circle
123.29999999999998 0 1.0 1.0 NULL
124.29999999999998 4 2.0 1.0 triangle
126.29999999999998 0 1.0 1.0 NULL
127.29999999999998 1 2.0 1.0 line
129.3 0 2.2 1.0 NULL
