0.0 0 1.8 1.0 NULL
1.8 2 2.0 1.0 square
3.8 0 1.3 1.0 NULL
5.1 2 2.0 1.0 square
7.1 0 1.0 1.0 NULL
8.1 4 2.0 1.0 triangle
10.1 0 1.3 1.0 NULL
11.4 2 2.0 1.0 square
13.399999999999999 0 1.1 1.0 NULL
14.499999999999998 4 2.0 1.0 triangle
16.5 0 1.0 1.0 NULL
17.5 1 2.0 1.0 line
19.5 0 1.0 1.0 NULL
20.5 3 2.0 1.0 circle
22.5 0 1.4 1.0 NULL
23.9 2 2.0 1.0 square
25.9 0 1.0 1.0 NULL
26.9 2 2.0 1.0 square
28.9 0 1.4 1.0 NULL
30.299999999999997 2 2.0 1.0 square
32.3 0 1.3 1.0 NULL
33.599999999999994 4 2.0 1.0 triangle
35.599999999999994 0 1.9 1.0 NULL
37.49999999999999 1 2.0 1.0 line
39.5 0 1.1 1.0 NULL
40.6 1 2.0 1.0 line
42.6 0 1.0 1.0 NULL
43.6 3 2.0 1.0 circle
45.6 0 1.6 1.0 NULL
47.2 4 2.0 1.0 triangle
49.2 0 1.0 1.0 NULL
50.2 4 2.0 1.0 triangle
52.2 0 1.3 1.0 NULL
53.5 4 2.0 1.0 triangle
55.5 0 1.1 1.0 NULL
56.6 2 2.0 1.0 square
58.6 0 1.0 1.0 NULL
59.6 3 2.0 1.0 circle
61.6 0 1.0 1.0 NULL
62.6 4 2.0 1.0 triangle
64.6 0 1.0 1.0 NULL
65.6 3 2.0 1.0 circle
67.6 0 1.8 1.0 NULL
69.39999999999999 3 2.0 1.0 circle
71.39999999999999 0 1.0 1.0 NULL
72.39999999999999 2 2.0 1.0 square
74.39999999999999 0 1.3 1.0 NULL
75.69999999999999 1 2.0 1.0 line
77.69999999999999 0 1.4 1.0 NULL
79.1 1 2.0 1.0 line
81.1 0 1.0 1.0 NULL
82.1 4 2.0 1.0 triangle
84.1 0 1.3 1.0 NULL
85.39999999999999 3 2.0 1.0 circle
87.39999999999999 0 1.1 1.0 NULL
88.49999999999999 1 2.0 1.0 line
90.5 0 1.8 1.0 NULL
92.3 3 2.0 1.0 circle
94.3 0 1.1 1.0 NULL
95.39999999999999 3 2.0 1.0 circle
97.39999999999999 0 1.0 1.0 NULL
98.39999999999999 3 2.0 1.0 circle
100.39999999999999 0 1.7 1.0 NULL
102.1 4 2.0 1.0 triangle
104.1 0 1.2 1.0 NULL
105.3 4 2.0 1.0 triangle
107.3 0 1.3 1.0 NULL
108.6 1 2.0 1.0 line
110.6 0 1.0 1.0 NULL
111.6 2 2.0 1.0 square
113.6 0 1.6 1.0 NULL
115.19999999999999 1 2.0 1.0 line
117.2 0 1.3 1.0 NULL
118.5 2 2.0 1.0 square
120.5 0 1.6 1.0 NULL
122.1 1 2.0 1.0 line
124.1 0 1.0 1.0 NULL
125.1 3 2.0 1.0 circle
127.1 0 1.5 1.0 NULL
128.6 1 2.0 1.0 line
130.6 0 1.2 1.0 NULL
