0.0 0 1.1 1.0 NULL
1.1 2 2.0 1.0 square
3.1 0 1.0 1.0 NULL
4.1 3 2.0 1.0 circle
6.1 0 1.0 1.0 NULL
7.1 2 2.0 1.0 square
9.1 0 1.5 1.0 NULL
10.6 2 2.0 1.0 square
12.6 0 1.1 1.0 NULL
13.7 1 2.0 1.0 line
15.7 0 1.7 1.0 NULL
17.4 2 2.0 1.0 square
19.4 0 1.1 1.0 NULL
20.5 4 2.0 1.0 triangle
22.5 0 1.6 1.0 NULL
24.1 3 2.0 1.0 circle
26.1 0 1.8 1.0 NULL
27.900000000000002 2 2.0 1.0 square
29.900000000000002 0 1.0 1.0 NULL
30.900000000000002 2 2.0 1.0 square
32.900000000000006 0 1.1 1.0 NULL
34.00000000000001 2 2.0 1.0 square
36.00000000000001 0 1.0 1.0 NULL
37.00000000000001 1 2.0 1.0 line
39.0 0 1.1 1.0 NULL
40.1 4 2.0 1.0 triangle
42.1 0 1.0 1.0 NULL
43.1 4 2.0 1.0 triangle
45.1 0 1.3 1.0 NULL
46.4 2 2.0 1.0 square
48.4 0 1.1 1.0 NULL
49.5 3 2.0 1.0 circle
51.5 0 1.2 1.0 NULL
52.7 4 2.0 1.0 triangle
54.7 0 1.1 1.0 NULL
55.800000000000004 3 2.0 1.0 circle
57.800000000000004 0 1.3 1.0 NULL
59.1 4 2.0 1.0 triangle
61.1 0 1.0 1.0 NULL
62.1 1 2.0 1.0 line
64.1 0 1.0 1.0 NULL
65.1 1 2.0 1.0 line
67.1 0 1.1 1.0 NULL
68.19999999999999 4 2.0 1.0 triangle
70.19999999999999 0 1.6 1.0 NULL
71.79999999999998 1 2.0 1.0 line
73.79999999999998 0 1.1 1.0 NULL
74.89999999999998 3 2.0 1.0 circle
76.9 0 1.1 1.0 NULL
78.0 1 2.0 1.0 line
80.0 0 1.2 1.0 NULL
81.2 1 2.0 1.0 line
83.2 0 1.9 1.0 NULL
85.10000000000001 4 2.0 1.0 triangle
87.10000000000001 0 1.2 1.0 NULL
88.30000000000001 1 2.0 1.0 line
90.3 0 1.3 1.0 NULL
91.6 3 2.0 1.0 circle
93.6 0 1.1 1.0 NULL
94.69999999999999 4 2.0 1.0 triangle
96.69999999999999 0 1.1 1.0 NULL
97.79999999999998 4 2.0 1.0 triangle
99.79999999999998 0 1.0 1.0 NULL
100.79999999999998 4 2.0 1.0 triangle
102.80000000000001 0 1.0 1.0 NULL
103.80000000000001 1 2.0 1.0 line
105.80000000000001 0 1.6 1.0 NULL
107.4 3 2.0 1.0 circle
109.4 0 1.9 1.0 NULL
111.30000000000001 3 2.0 1.0 circle
113.30000000000001 0 1.1 1.0 NULL
114.4 2 2.0 1.0 square
116.4 0 1.5 1.0 NULL
117.9 1 2.0 1.0 line
119.9 0 1.0 1.0 NULL
120.9 2 2.0 1.0 square
122.9 0 1.3 1.0 NULL
124.2 3 2.0 1.0 circle
126.2 0 1.5 1.0 NULL
127.7 3 2.0 1.0 circle
129.7 0 1.4 1.0 NULL
