0.0 0 1.6 1.0 NULL
1.6 3 2.0 1.0 circle
3.6 0 1.0 1.0 NULL
4.6 3 2.0 1.0 circle
6.6 0 1.8 1.0 NULL
8.4 4 2.0 1.0 triangle
10.4 0 1.4 1.0 NULL
11.8 1 2.0 1.0 line
13.799999999999999 0 1.6 1.0 NULL
15.399999999999999 2 2.0 1.0 square
17.4 0 1.0 1.0 NULL
18.4 4 2.0 1.0 triangle
20.4 0 1.5 1.0 NULL
21.9 4 2.0 1.0 triangle
23.9 0 1.1 1.0 NULL
25.0 4 2.0 1.0 triangle
27.0 0 1.1 1.0 NULL
28.1 3 2.0 1.0 circle
30.1 0 1.3 1.0 NULL
31.400000000000002 2 2.0 1.0 square
33.400000000000006 0 1.0 1.0 NULL
34.400000000000006 2 2.0 1.0 square
36.400000000000006 0 1.0 1.0 NULL
37.400000000000006 1 2.0 1.0 line
39.400000000000006 0 1.0 1.0 NULL
40.400000000000006 2 2.0 1.0 square
42.400000000000006 0 1.0 1.0 NULL
43.400000000000006 3 2.0 1.0 circle
45.400000000000006 0 1.3 1.0 NULL
46.7 1 2.0 1.0 line
48.7 0 1.4 1.0 NULL
50.1 4 2.0 1.0 triangle
52.1 0 1.1 1.0 NULL
53.2 1 2.0 1.0 line
55.2 0 1.0 1.0 NULL
56.2 4 2.0 1.0 triangle
58.2 0 1.0 1.0 NULL
59.2 2 2.0 1.0 square
61.2 0 1.0 1.0 NULL
62.2 3 2.0 1.0 circle
64.2 0 1.0 1.0 NULL
65.2 3 2.0 1.0 circle
67.2 0 1.6 1.0 NULL
68.8 1 2.0 1.0 line
70.8 0 1.2 1.0 NULL
72.0 3 2.0 1.0 circle
74.0 0 1.1 1.0 NULL
75.1 2 2.0 1.0 square
77.1 0 1.3 1.0 NULL
78.39999999999999 2 2.0 1.0 square
80.39999999999999 0 2.0 1.0 NULL
82.39999999999999 1 2.0 1.0 line
84.39999999999999 0 1.5 1.0 NULL
85.89999999999999 4 2.0 1.0 triangle
87.89999999999999 0 1.0 1.0 NULL
88.89999999999999 4 2.0 1.0 triangle
90.9 0 1.5 1.0 NULL
92.4 2 2.0 1.0 square
94.4 0 1.1 1.0 NULL
95.5 1 2.0 1.0 line
97.5 0 1.0 1.0 NULL
98.5 1 2.0 1.0 line
100.5 0 1.8 1.0 NULL
102.3 2 2.0 1.0 square
104.30000000000001 0 1.3 1.0 NULL
105.60000000000001 1 2.0 1.0 line
107.60000000000001 0 1.4 1.0 NULL
109.00000000000001 3 2.0 1.0 circle
111.00000000000001 0 1.3 1.0 NULL
112.30000000000001 3 2.0 1.0 circle
114.30000000000001 0 1.1 1.0 NULL
115.4 4 2.0 1.0 triangle
117.4 0 1.0 1.0 NULL
118.4 1 2.0 1.0 line
120.4 0 1.0 1.0 NULL
121.4 2 2.0 1.0 square
123.4 0 1.8 1.0 NULL
125.2 4 2.0 1.0 triangle
127.2 0 1.0 1.0 NULL
128.2 3 2.0 1.0 circle
130.20000000000002 0 1.4 1.0 NULL
