0.0 0 1.0 1.0 NULL
1.0 4 2.0 1.0 triangle
3.0 0 1.1 1.0 NULL
4.1 1 2.0 1.0 line
6.1 0 1.4 1.0 NULL
7.5 1 2.0 1.0 line
9.5 0 1.0 1.0 NULL
10.5 2 2.0 1.0 square
12.5 0 1.1 1.0 NULL
13.6 2 2.0 1.0 square
15.6 0 1.3 1.0 NULL
16.9 1 2.0 1.0 line
18.9 0 1.6 1.0 NULL
20.5 1 2.0 1.0 line
22.5 0 1.1 1.0 NULL
23.6 2 2.0 1.0 square
25.6 0 1.1 1.0 NULL
26.700000000000003 1 2.0 1.0 line
28.700000000000003 0 1.6 1.0 NULL
30.300000000000004 2 2.0 1.0 square
32.300000000000004 0 1.0 1.0 NULL
33.300000000000004 4 2.0 1.0 triangle
35.300000000000004 0 1.4 1.0 NULL
36.7 4 2.0 1.0 triangle
38.7 0 1.0 1.0 NULL
39.7 4 2.0 1.0 triangle
41.7 0 1.0 1.0 NULL
42.7 3 2.0 1.0 circle
44.7 0 1.1 1.0 NULL
45.800000000000004 2 2.0 1.0 square
47.800000000000004 0 1.9 1.0 NULL
49.7 1 2.0 1.0 line
51.7 0 1.0 1.0 NULL
52.7 4 2.0 1.0 triangle
54.7 0 1.3 1.0 NULL
56.0 4 2.0 1.0 triangle
58.0 0 1.1 1.0 NULL
59.1 3 2.0 1.0 circle
61.1 0 1.2 1.0 NULL
62.300000000000004 3 2.0 1.0 circle
64.3 0 1.1 1.0 NULL
65.39999999999999 3 2.0 1.0 circle
67.39999999999999 0 1.0 1.0 NULL
68.39999999999999 1 2.0 1.0 line
70.39999999999999 0 1.0 1.0 NULL
71.39999999999999 3 2.0 1.0 circle
73.39999999999999 0 2.0 1.0 NULL
75.39999999999999 2 2.0 1.0 square
77.4 0 1.0 1.0 NULL
78.4 3 2.0 1.0 circle
80.4 0 1.6 1.0 NULL
82.0 2 2.0 1.0 square
84.0 0 1.3 1.0 NULL
85.3 3 2.0 1.0 circle
87.3 0 1.0 1.0 NULL
88.3 1 2.0 1.0 line
90.30000000000001 0 1.1 1.0 NULL
91.4 4 2.0 1.0 triangle
93.4 0 1.3 1.0 NULL
94.7 3 2.0 1.0 circle
96.7 0 1.1 1.0 NULL
97.8 1 2.0 1.0 line
99.8 0 1.2 1.0 NULL
101.0 3 2.0 1.0 circle
103.0 0 1.9 1.0 NULL
104.9 4 2.0 1.0 triangle
106.9 0 1.0 1.0 NULL
107.9 2 2.0 1.0 square
109.9 0 1.0 1.0 NULL
110.9 2 2.0 1.0 square
112.9 0 1.5 1.0 NULL
114.4 3 2.0 1.0 circle
116.4 0 1.0 1.0 NULL
117.4 4 2.0 1.0 triangle
119.4 0 1.6 1.0 NULL
121.0 2 2.0 1.0 square
123.0 0 1.3 1.0 NULL
124.3 1 2.0 1.0 line
126.3 0 1.0 1.0 NULL
127.3 4 2.0 1.0 triangle
129.29999999999998 0 1.7 1.0 NULL
