0.0 0 1.3 1.0 NULL
1.3 2 2.0 1.0 square
3.3 0 1.0 1.0 NULL
4.3 1 2.0 1.0 line
6.3 0 1.3 1.0 NULL
7.6 1 2.0 1.0 line
9.6 0 1.0 1.0 NULL
10.6 2 2.0 1.0 square
12.6 0 1.1 1.0 NULL
13.7 1 2.0 1.0 line
15.7 0 1.0 1.0 NULL
16.7 1 2.0 1.0 line
18.7 0 1.0 1.0 NULL
19.7 2 2.0 1.0 square
21.7 0 1.9 1.0 NULL
23.599999999999998 4 2.0 1.0 triangle
25.6 0 1.3 1.0 NULL
26.900000000000002 3 2.0 1.0 circle
28.900000000000002 0 1.7 1.0 NULL
30.6 2 2.0 1.0 square
32.6 0 1.2 1.0 NULL
33.800000000000004 2 2.0 1.0 square
35.800000000000004 0 1.5 1.0 NULL
37.300000000000004 2 2.0 1.0 square
39.3 0 1.0 1.0 NULL
40.3 2 2.0 1.0 square
42.3 0 1.2 1.0 NULL
43.5 4 2.0 1.0 triangle
45.5 0 1.7 1.0 NULL
47.2 2 2.0 1.0 square
49.2 0 1.3 1.0 NULL
50.5 3 2.0 1.0 circle
52.5 0 1.0 1.0 NULL
53.5 4 2.0 1.0 triangle
55.5 0 1.3 1.0 NULL
56.8 1 2.0 1.0 line
58.8 0 1.1 1.0 NULL
59.9 4 2.0 1.0 triangle
61.9 0 1.1 1.0 NULL
63.0 4 2.0 1.0 triangle
65.0 0 1.2 1.0 NULL
66.2 1 2.0 1.0 line
68.2 0 1.3 1.0 NULL
69.5 3 2.0 1.0 circle
71.5 0 1.3 1.0 NULL
72.8 3 2.0 1.0 circle
74.8 0 1.1 1.0 NULL
75.89999999999999 2 2.0 1.0 square
77.9 0 1.0 1.0 NULL
78.9 4 2.0 1.0 triangle
80.9 0 1.6 1.0 NULL
82.5 4 2.0 1.0 triangle
84.5 0 1.0 1.0 NULL
85.5 1 2.0 1.0 line
87.5 0 1.1 1.0 NULL
88.6 3 2.0 1.0 circle
90.6 0 2.0 1.0 NULL
92.6 1 2.0 1.0 line
94.6 0 1.3 1.0 NULL
95.89999999999999 4 2.0 1.0 triangle
97.89999999999999 0 1.3 1.0 NULL
99.19999999999999 3 2.0 1.0 circle
101.19999999999999 0 1.3 1.0 NULL
102.49999999999999 3 2.0 1.0 circle
104.5 0 1.5 1.0 NULL
106.0 3 2.0 1.0 circle
108.0 0 1.1 1.0 NULL
109.1 3 2.0 1.0 circle
111.1 0 1.4 1.0 NULL
112.5 2 2.0 1.0 square
114.5 0 1.0 1.0 NULL
115.5 1 2.0 1.0 line
117.5 0 1.2 1.0 NULL
118.7 1 2.0 1.0 line
120.7 0 1.2 1.0 NULL
121.9 4 2.0 1.0 triangle
123.9 0 1.2 1.0 NULL
125.10000000000001 4 2.0 1.0 triangle
127.10000000000001 0 1.0 1.0 NULL
128.10000000000002 3 2.0 1.0 circle
130.10000000000002 0 1.2 1.0 NULL
