0.0 0 1.0 1.0 NULL
1.0 4 2.0 1.0 triangle
3.0 0 1.1 1.0 NULL
4.1 3 2.0 1.0 circle
6.1 0 1.2 1.0 NULL
7.3 2 2.0 1.0 square
9.3 0 1.5 1.0 NULL
10.8 4 2.0 1.0 triangle
12.8 0 1.5 1.0 NULL
14.3 1 2.0 1.0 line
16.3 0 1.3 1.0 NULL
17.6 2 2.0 1.0 square
19.6 0 1.0 1.0 NULL
20.6 2 2.0 1.0 square
22.6 0 1.7 1.0 NULL
24.3 3 2.0 1.0 circle
26.3 0 1.0 1.0 NULL
27.3 4 2.0 1.0 triangle
29.3 0 1.0 1.0 NULL
30.3 4 2.0 1.0 triangle
32.3 0 1.4 1.0 NULL
33.699999999999996 2 2.0 1.0 square
35.699999999999996 0 1.1 1.0 NULL
36.8 3 2.0 1.0 circle
38.8 0 1.4 1.0 NULL
40.199999999999996 2 2.0 1.0 square
42.199999999999996 0 1.1 1.0 NULL
43.3 2 2.0 1.0 square
45.3 0 1.0 1.0 NULL
46.3 1 2.0 1.0 line
48.3 0 1.0 1.0 NULL
49.3 1 2.0 1.0 line
51.3 0 1.0 1.0 NULL
52.3 3 2.0 1.0 circle
54.3 0 1.0 1.0 NULL
55.3 4 2.0 1.0 triangle
57.3 0 1.0 1.0 NULL
58.3 3 2.0 1.0 circle
60.3 0 1.7 1.0 NULL
62.0 2 2.0 1.0 square
64.0 0 1.2 1.0 NULL
65.2 4 2.0 1.0 triangle
67.2 0 1.0 1.0 NULL
68.2 3 2.0 1.0 circle
70.2 0 1.2 1.0 NULL
71.4 1 2.0 1.0 line
73.4 0 1.0 1.0 NULL
74.4 4 2.0 1.0 triangle
76.4 0 1.7 1.0 NULL
78.10000000000001 4 2.0 1.0 triangle
80.10000000000001 0 1.0 1.0 NULL
81.10000000000001 3 2.0 1.0 circle
83.10000000000001 0 1.6 1.0 NULL
84.7 3 2.0 1.0 circle
86.7 0 1.0 1.0 NULL
87.7 2 2.0 1.0 square
89.69999999999999 0 1.9 1.0 NULL
91.6 1 2.0 1.0 line
93.6 0 1.0 1.0 NULL
94.6 1 2.0 1.0 line
96.6 0 1.1 1.0 NULL
97.69999999999999 1 2.0 1.0 line
99.69999999999999 0 1.4 1.0 NULL
101.1 2 2.0 1.0 square
103.1 0 1.4 1.0 NULL
104.5 4 2.0 1.0 triangle
106.5 0 1.0 1.0 NULL
107.5 1 2.0 1.0 line
109.5 0 1.0 1.0 NULL
110.5 4 2.0 1.0 triangle
112.5 0 2.0 1.0 NULL
114.5 1 2.0 1.0 line
116.5 0 1.2 1.0 NULL
117.7 2 2.0 1.0 square
119.7 0 1.2 1.0 NULL
120.9 1 2.0 1.0 line
122.9 0 1.6 1.0 NULL
124.5 3 2.0 1.0 circle
126.5 0 1.1 1.0 NULL
127.6 3 2.0 1.0 circle
129.6 0 1.4 1.0 NULL
