0.0 0 1.3 1.0 NULL
1.3 2 2.0 1.0 square
3.3 0 1.1 1.0 NULL
4.4 2 2.0 1.0 square
6.4 0 1.6 1.0 NULL
8.0 2 2.0 1.0 square
10.0 0 1.1 1.0 NULL
11.1 4 2.0 1.0 triangle
13.100000000000001 0 1.3 1.0 NULL
14.400000000000002 1 2.0 1.0 line
16.400000000000002 0 1.2 1.0 NULL
17.6 2 2.0 1.0 square
19.6 0 1.1 1.0 NULL
20.700000000000003 4 2.0 1.0 triangle
22.700000000000003 0 1.6 1.0 NULL
24.300000000000004 1 2.0 1.0 line
26.299999999999997 0 1.3 1.0 NULL
27.599999999999998 3 2.0 1.0 circle
29.599999999999998 0 1.2 1.0 NULL
30.799999999999997 1 2.0 1.0 line
32.8 0 1.1 1.0 NULL
33.9 4 2.0 1.0 triangle
35.9 0 2.0 1.0 NULL
37.9 2 2.0 1.0 square
39.9 0 1.0 1.0 NULL
40.9 4 2.0 1.0 triangle
42.9 0 1.1 1.0 NULL
44.0 1 2.0 1.0 line
46.0 0 1.5 1.0 NULL
47.5 4 2.0 1.0 triangle
49.5 0 1.1 1.0 NULL
50.6 3 2.0 1.0 circle
52.6 0 1.3 1.0 NULL
53.9 3 2.0 1.0 circle
55.9 0 1.0 1.0 NULL
56.9 2 2.0 1.0 square
58.9 0 1.0 1.0 NULL
59.9 2 2.0 1.0 square
61.9 0 1.3 1.0 NULL
63.199999999999996 1 2.0 1.0 line
65.2 0 1.0 1.0 NULL
66.2 2 2.0 1.0 square
68.2 0 1.3 1.0 NULL
69.5 1 2.0 1.0 line
71.5 0 1.2 1.0 NULL
72.7 3 2.0 1.0 circle
74.7 0 1.5 1.0 NULL
76.2 2 2.0 1.0 square
78.19999999999999 0 1.6 1.0 NULL
79.79999999999998 1 2.0 1.0 line
81.79999999999998 0 1.2 1.0 NULL
82.99999999999999 3 2.0 1.0 circle
84.99999999999999 0 1.0 1.0 NULL
85.99999999999999 3 2.0 1.0 circle
87.99999999999999 0 1.1 1.0 NULL
89.09999999999998 1 2.0 1.0 line
91.10000000000001 0 1.6 1.0 NULL
92.7 4 2.0 1.0 triangle
94.7 0 1.0 1.0 NULL
95.7 4 2.0 1.0 triangle
97.7 0 1.9 1.0 NULL
99.60000000000001 3 2.0 1.0 circle
101.60000000000001 0 1.1 1.0 NULL
102.7 3 2.0 1.0 circle
104.7 0 1.0 1.0 NULL
105.7 4 2.0 1.0 triangle
107.7 0 1.3 1.0 NULL
109.0 4 2.0 1.0 triangle
111.0 0 1.3 1.0 NULL
112.3 3 2.0 1.0 circle
114.3 0 1.2 1.0 NULL
115.5 4 2.0 1.0 triangle
117.5 0 1.0 1.0 NULL
118.5 1 2.0 1.0 line
120.5 0 1.0 1.0 NULL
121.5 1 2.0 1.0 line
123.5 0 1.2 1.0 NULL
124.7 2 2.0 1.0 square
126.7 0 1.5 1.0 NULL
128.2 3 2.0 1.0 circle
130.2 0 1.1 1.0 NULL
