0.0 0 1.0 1.0 NULL
1.0 2 2.0 1.0 square
3.0 0 1.1 1.0 NULL
4.1 4 2.0 1.0 triangle
6.1 0 1.0 1.0 NULL
7.1 2 2.0 1.0 square
9.1 0 1.9 1.0 NULL
11.0 2 2.0 1.0 square
13.0 0 1.2 1.0 NULL
14.2 1 2.0 1.0 line
16.2 0 1.2 1.0 NULL
17.4 4 2.0 1.0 triangle
19.4 0 1.1 1.0 NULL
20.5 1 2.0 1.0 line
22.5 0 1.5 1.0 NULL
24.0 3 2.0 1.0 circle
26.0 0 1.0 1.0 NULL
27.0 2 2.0 1.0 square
29.0 0 1.1 1.0 NULL
30.1 2 2.0 1.0 square
32.1 0 1.6 1.0 NULL
33.7 3 2.0 1.0 circle
35.7 0 1.1 1.0 NULL
36.800000000000004 4 2.0 1.0 triangle
38.8 0 1.3 1.0 NULL
40.099999999999994 4 2.0 1.0 triangle
42.099999999999994 0 1.0 1.0 NULL
43.099999999999994 4 2.0 1.0 triangle
45.099999999999994 0 1.0 1.0 NULL
46.099999999999994 4 2.0 1.0 triangle
48.099999999999994 0 2.0 1.0 NULL
50.099999999999994 1 2.0 1.0 line
52.099999999999994 0 1.1 1.0 NULL
53.199999999999996 3 2.0 1.0 circle
55.199999999999996 0 1.5 1.0 NULL
56.699999999999996 2 2.0 1.0 square
58.699999999999996 0 1.3 1.0 NULL
59.99999999999999 3 2.0 1.0 circle
61.99999999999999 0 1.6 1.0 NULL
63.599999999999994 3 2.0 1.0 circle
65.6 0 1.3 1.0 NULL
66.89999999999999 1 2.0 1.0 line
68.89999999999999 0 1.0 1.0 NULL
69.89999999999999 4 2.0 1.0 triangle
71.89999999999999 0 1.6 1.0 NULL
73.49999999999999 3 2.0 1.0 circle
75.49999999999999 0 1.1 1.0 NULL
76.59999999999998 2 2.0 1.0 square
78.6 0 1.1 1.0 NULL
79.69999999999999 1 2.0 1.0 line
81.69999999999999 0 1.2 1.0 NULL
82.89999999999999 1 2.0 1.0 line
84.89999999999999 0 1.3 1.0 NULL
86.19999999999999 1 2.0 1.0 line
88.19999999999999 0 1.0 1.0 NULL
89.19999999999999 1 2.0 1.0 line
91.19999999999999 0 1.9 1.0 NULL
93.1 1 2.0 1.0 line
95.1 0 1.0 1.0 NULL
96.1 3 2.0 1.0 circle
98.1 0 1.0 1.0 NULL
99.1 2 2.0 1.0 square
101.1 0 1.2 1.0 NULL
102.3 2 2.0 1.0 square
104.3 0 1.0 1.0 NULL
105.3 1 2.0 1.0 line
107.3 0 1.3 1.0 NULL
108.6 2 2.0 1.0 square
110.6 0 1.2 1.0 NULL
111.8 4 2.0 1.0 triangle
113.8 0 1.0 1.0 NULL
114.8 3 2.0 1.0 circle
116.8 0 1.0 1.0 NULL
117.8 4 2.0 1.0 triangle
119.8 0 1.1 1.0 NULL
120.89999999999999 4 2.0 1.0 triangle
122.89999999999999 0 1.0 1.0 NULL
123.89999999999999 3 2.0 1.0 circle
125.89999999999999 0 1.1 1.0 NULL
126.99999999999999 3 2.0 1.0 circle
129.0 0 2.0 1.0 NULL
