0.0 0 1.7 1.0 NULL
1.7 2 2.0 1.0 square
3.7 0 1.0 1.0 NULL
4.7 4 2.0 1.0 triangle
6.7 0 1.3 1.0 NULL
8.0 2 2.0 1.0 square
10.0 0 1.0 1.0 NULL
11.0 1 2.0 1.0 line
13.0 0 2.0 1.0 NULL
15.0 1 2.0 1.0 line
17.0 0 1.3 1.0 NULL
18.3 1 2.0 1.0 line
20.3 0 1.2 1.0 NULL
21.5 3 2.0 1.0 circle
23.5 0 1.8 1.0 NULL
25.3 3 2.0 1.0 circle
27.3 0 1.0 1.0 NULL
28.3 2 2.0 1.0 square
30.3 0 1.1 1.0 NULL
31.400000000000002 3 2.0 1.0 circle
33.400000000000006 0 1.3 1.0 NULL
34.7 3 2.0 1.0 circle
36.7 0 1.0 1.0 NULL
37.7 4 2.0 1.0 triangle
39.7 0 1.3 1.0 NULL
41.0 1 2.0 1.0 line
43.0 0 1.0 1.0 NULL
44.0 4 2.0 1.0 triangle
46.0 0 2.0 1.0 NULL
48.0 2 2.0 1.0 square
50.0 0 1.0 1.0 NULL
51.0 4 2.0 1.0 triangle
53.0 0 1.0 1.0 NULL
54.0 2 2.0 1.0 square
56.0 0 1.0 1.0 NULL
57.0 3 2.0 1.0 circle
59.0 0 1.3 1.0 NULL
60.3 1 2.0 1.0 line
62.3 0 1.7 1.0 NULL
64.0 3 2.0 1.0 circle
66.0 0 1.8 1.0 NULL
67.8 4 2.0 1.0 triangle
69.8 0 1.7 1.0 NULL
71.5 4 2.0 1.0 triangle
73.5 0 1.2 1.0 NULL
74.7 1 2.0 1.0 line
76.7 0 1.0 1.0 NULL
77.7 1 2.0 1.0 line
79.7 0 1.6 1.0 NULL
81.3 4 2.0 1.0 triangle
83.3 0 1.0 1.0 NULL
84.3 2 2.0 1.0 square
86.3 0 1.0 1.0 NULL
87.3 4 2.0 1.0 triangle
89.3 0 1.1 1.0 NULL
90.39999999999999 3 2.0 1.0 circle
92.4 0 1.2 1.0 NULL
93.60000000000001 3 2.0 1.0 circle
95.60000000000001 0 1.4 1.0 NULL
97.00000000000001 2 2.0 1.0 square
99.00000000000001 0 1.1 1.0 NULL
100.10000000000001 3 2.0 1.0 circle
102.10000000000001 0 1.0 1.0 NULL
103.10000000000001 1 2.0 1.0 line
105.1 0 1.4 1.0 NULL
106.5 4 2.0 1.0 triangle
108.5 0 1.0 1.0 NULL
109.5 2 2.0 1.0 square
111.5 0 1.0 1.0 NULL
112.5 2 2.0 1.0 square
114.5 0 1.3 1.0 NULL
115.8 2 2.0 1.0 square
117.8 0 1.1 1.0 NULL
118.89999999999999 1 2.0 1.0 line
120.89999999999999 0 1.0 1.0 NULL
121.89999999999999 3 2.0 1.0 circle
123.89999999999999 0 1.1 1.0 NULL
124.99999999999999 4 2.0 1.0 triangle
126.99999999999999 0 1.3 1.0 NULL
128.29999999999998 1 2.0 1.0 line
130.3 0 1.4 1.0 NULL
