0.0 0 1.1 1.0 NULL
1.1 4 2.0 1.0 triangle
3.1 0 1.0 1.0 NULL
4.1 1 2.0 1.0 line
6.1 0 1.2 1.0 NULL
7.3 2 2.0 1.0 square
9.3 0 1.5 1.0 NULL
10.8 1 2.0 1.0 line
12.8 0 1.2 1.0 NULL
14.0 3 2.0 1.0 circle
16.0 0 1.6 1.0 NULL
17.6 3 2.0 1.0 circle
19.6 0 1.2 1.0 NULL
20.8 2 2.0 1.0 square
22.8 0 1.1 1.0 NULL
23.900000000000002 3 2.0 1.0 circle
25.9 0 1.2 1.0 NULL
27.099999999999998 1 2.0 1.0 line
29.099999999999998 0 1.0 1.0 NULL
30.099999999999998 3 2.0 1.0 circle
32.099999999999994 0 1.2 1.0 NULL
33.3 2 2.0 1.0 square
35.3 0 1.8 1.0 NULL
37.099999999999994 3 2.0 1.0 circle
39.1 0 1.0 1.0 NULL
40.1 2 2.0 1.0 square
42.1 0 1.1 1.0 NULL
43.2 4 2.0 1.0 triangle
45.2 0 1.3 1.0 NULL
46.5 2 2.0 1.0 square
48.5 0 1.0 1.0 NULL
49.5 4 2.0 1.0 triangle
51.5 0 1.1 1.0 NULL
52.6 2 2.0 1.0 square
54.6 0 1.2 1.0 NULL
55.800000000000004 4 2.0 1.0 triangle
57.800000000000004 0 1.0 1.0 NULL
58.800000000000004 2 2.0 1.0 square
60.800000000000004 0 1.2 1.0 NULL
62.00000000000001 1 2.0 1.0 line
64.0 0 1.6 1.0 NULL
65.6 3 2.0 1.0 circle
67.6 0 1.1 1.0 NULL
68.69999999999999 2 2.0 1.0 square
70.69999999999999 0 1.1 1.0 NULL
71.79999999999998 2 2.0 1.0 square
73.79999999999998 0 1.0 1.0 NULL
74.79999999999998 1 2.0 1.0 line
76.80000000000001 0 1.4 1.0 NULL
78.20000000000002 4 2.0 1.0 triangle
80.20000000000002 0 1.7 1.0 NULL
81.90000000000002 1 2.0 1.0 line
83.90000000000002 0 1.0 1.0 NULL
84.90000000000002 2 2.0 1.0 square
86.90000000000002 0 1.9 1.0 NULL
88.80000000000003 1 2.0 1.0 line
90.8 0 1.0 1.0 NULL
91.8 1 2.0 1.0 line
93.8 0 1.0 1.0 NULL
94.8 3 2.0 1.0 circle
96.8 0 1.0 1.0 NULL
97.8 3 2.0 1.0 circle
99.8 0 1.8 1.0 NULL
101.6 4 2.0 1.0 triangle
103.6 0 1.1 1.0 NULL
104.69999999999999 3 2.0 1.0 circle
106.69999999999999 0 1.9 1.0 NULL
108.6 1 2.0 1.0 line
110.6 0 1.1 1.0 NULL
111.69999999999999 3 2.0 1.0 circle
113.69999999999999 0 1.5 1.0 NULL
115.19999999999999 4 2.0 1.0 triangle
117.2 0 1.4 1.0 NULL
118.60000000000001 4 2.0 1.0 triangle
120.60000000000001 0 1.3 1.0 NULL
121.9 4 2.0 1.0 triangle
123.9 0 1.1 1.0 NULL
125.0 1 2.0 1.0 line
127.0 0 1.1 1.0 NULL
128.1 4 2.0 1.0 triangle
130.1 0 1.0 1.0 NULL
