0.0 0 1.6 1.0 NULL
1.6 4 2.0 1.0 triangle
3.6 0 1.1 1.0 NULL
4.7 1 2.0 1.0 line
6.7 0 1.0 1.0 NULL
7.7 4 2.0 1.0 triangle
9.7 0 1.8 1.0 NULL
11.5 1 2.0 1.0 line
13.5 0 1.1 1.0 NULL
14.6 2 2.0 1.0 square
16.6 0 1.0 1.0 NULL
17.6 1 2.0 1.0 line
19.6 0 1.1 1.0 NULL
20.700000000000003 1 2.0 1.0 line
22.700000000000003 0 1.0 1.0 NULL
23.700000000000003 2 2.0 1.0 square
25.7 0 1.0 1.0 NULL
26.7 3 2.0 1.0 circle
28.7 0 1.6 1.0 NULL
30.3 3 2.0 1.0 circle
32.3 0 1.0 1.0 NULL
33.3 1 2.0 1.0 line
35.3 0 1.5 1.0 NULL
36.8 2 2.0 1.0 square
38.8 0 1.7 1.0 NULL
40.5 3 2.0 1.0 circle
42.5 0 1.0 1.0 NULL
43.5 2 2.0 1.0 square
45.5 0 1.8 1.0 NULL
47.3 3 2.0 1.0 circle
49.3 0 1.1 1.0 NULL
50.4 2 2.0 1.0 square
52.400000000000006 0 1.2 1.0 NULL
53.60000000000001 3 2.0 1.0 circle
55.60000000000001 0 1.5 1.0 NULL
57.10000000000001 1 2.0 1.0 line
59.10000000000001 0 1.0 1.0 NULL
60.10000000000001 3 2.0 1.0 circle
62.10000000000001 0 1.2 1.0 NULL
63.30000000000001 4 2.0 1.0 triangle
65.3 0 1.2 1.0 NULL
66.5 1 2.0 1.0 line
68.5 0 1.6 1.0 NULL
70.1 4 2.0 1.0 triangle
72.1 0 1.3 1.0 NULL
73.39999999999999 4 2.0 1.0 triangle
75.39999999999999 0 1.1 1.0 NULL
76.49999999999999 2 2.0 1.0 square
78.5 0 1.1 1.0 NULL
79.6 4 2.0 1.0 triangle
81.6 0 1.8 1.0 NULL
83.39999999999999 3 2.0 1.0 circle
85.39999999999999 0 1.1 1.0 NULL
86.49999999999999 3 2.0 1.0 circle
88.49999999999999 0 1.7 1.0 NULL
90.19999999999999 1 2.0 1.0 line
92.2 0 1.3 1.0 NULL
93.5 4 2.0 1.0 triangle
95.5 0 1.1 1.0 NULL
96.6 4 2.0 1.0 triangle
98.6 0 1.9 1.0 NULL
100.5 4 2.0 1.0 triangle
102.5 0 1.0 1.0 NULL
103.5 4 2.0 1.0 triangle
105.5 0 1.0 1.0 NULL
106.5 3 2.0 1.0 circle
108.5 0 1.3 1.0 NULL
109.8 2 2.0 1.0 square
111.8 0 1.2 1.0 NULL
113.0 1 2.0 1.0 line
115.0 0 1.0 1.0 NULL
116.0 3 2.0 1.0 circle
118.0 0 1.1 1.0 NULL
119.1 2 2.0 1.0 square
121.1 0 1.0 1.0 NULL
122.1 2 2.0 1.0 square
124.1 0 1.1 1.0 NULL
125.19999999999999 1 2.0 1.0 line
127.19999999999999 0 1.2 1.0 NULL
128.39999999999998 2 2.0 1.0 square
130.39999999999998 0 1.2 1.0 NULL
