0.0 0 1.0 1.0 NULL
1.0 1 2.0 1.0 line
3.0 0 1.1 1.0 NULL
4.1 1 2.0 1.0 line
6.1 0 1.5 1.0 NULL
7.6 4 2.0 1.0 triangle
9.6 0 1.1 1.0 NULL
10.7 2 2.0 1.0 square
12.7 0 1.4 1.0 NULL
14.1 2 2.0 1.0 square
16.1 0 1.7 1.0 NULL
17.8 2 2.0 1.0 square
19.8 0 1.0 1.0 NULL
20.8 1 2.0 1.0 line
22.8 0 1.0 1.0 NULL
23.8 4 2.0 1.0 triangle
25.799999999999997 0 1.0 1.0 NULL
26.799999999999997 3 2.0 1.0 circle
28.799999999999997 0 1.2 1.0 NULL
29.999999999999996 3 2.0 1.0 circle
31.999999999999996 0 1.3 1.0 NULL
33.3 2 2.0 1.0 square
35.3 0 1.1 1.0 NULL
36.4 3 2.0 1.0 circle
38.4 0 1.2 1.0 NULL
39.6 1 2.0 1.0 line
41.6 0 1.4 1.0 NULL
43.0 2 2.0 1.0 square
45.0 0 1.2 1.0 NULL
46.2 3 2.0 1.0 circle
48.2 0 1.3 1.0 NULL
49.5 4 2.0 1.0 triangle
51.5 0 1.4 1.0 NULL
52.9 4 2.0 1.0 triangle
54.9 0 1.0 1.0 NULL
55.9 4 2.0 1.0 triangle
57.9 0 1.0 1.0 NULL
58.9 3 2.0 1.0 circle
60.9 0 1.4 1.0 NULL
62.3 3 2.0 1.0 circle
64.3 0 1.1 1.0 NULL
65.39999999999999 3 2.0 1.0 circle
67.39999999999999 0 1.0 1.0 NULL
68.39999999999999 2 2.0 1.0 square
70.39999999999999 0 1.2 1.0 NULL
71.6 2 2.0 1.0 square
73.6 0 1.6 1.0 NULL
75.19999999999999 2 2.0 1.0 square
77.2 0 1.0 1.0 NULL
78.2 4 2.0 1.0 triangle
80.2 0 1.2 1.0 NULL
81.4 3 2.0 1.0 circle
83.4 0 1.1 1.0 NULL
84.5 4 2.0 1.0 triangle
86.5 0 2.0 1.0 NULL
88.5 3 2.0 1.0 circle
90.5 0 1.0 1.0 NULL
91.5 2 2.0 1.0 square
93.5 0 1.0 1.0 NULL
94.5 3 2.0 1.0 circle
96.5 0 1.1 1.0 NULL
97.6 1 2.0 1.0 line
99.6 0 1.2 1.0 NULL
100.8 1 2.0 1.0 line
102.8 0 1.6 1.0 NULL
104.39999999999999 2 2.0 1.0 square
106.39999999999999 0 1.1 1.0 NULL
107.49999999999999 1 2.0 1.0 line
109.49999999999999 0 1.0 1.0 NULL
110.49999999999999 4 2.0 1.0 triangle
112.49999999999999 0 1.3 1.0 NULL
113.79999999999998 1 2.0 1.0 line
115.8 0 1.5 1.0 NULL
117.3 1 2.0 1.0 line
119.3 0 1.0 1.0 NULL
120.3 4 2.0 1.0 triangle
122.3 0 2.0 1.0 NULL
124.3 1 2.0 1.0 line
126.3 0 1.5 1.0 NULL
127.8 4 2.0 1.0 triangle
129.8 0 1.2 1.0 NULL
