0.0 0 1.2 1.0 NULL
1.2 4 2.0 1.0 triangle
3.2 0 1.2 1.0 NULL
4.4 1 2.0 1.0 line
6.4 0 1.0 1.0 NULL
7.4 4 2.0 1.0 triangle
9.4 0 1.2 1.0 NULL
10.6 2 2.0 1.0 square
12.600000000000001 0 1.0 1.0 NULL
13.600000000000001 2 2.0 1.0 square
15.600000000000001 0 1.2 1.0 NULL
16.8 1 2.0 1.0 line
18.8 0 1.3 1.0 NULL
20.1 3 2.0 1.0 circle
22.1 0 1.0 1.0 NULL
23.1 1 2.0 1.0 line
25.1 0 1.0 1.0 NULL
26.1 3 2.0 1.0 circle
28.1 0 1.4 1.0 NULL
29.5 3 2.0 1.0 circle
31.5 0 1.1 1.0 NULL
32.6 1 2.0 1.0 line
34.6 0 1.2 1.0 NULL
35.800000000000004 4 2.0 1.0 triangle
37.8 0 1.5 1.0 NULL
39.3 2 2.0 1.0 square
41.3 0 1.5 1.0 NULL
42.8 1 2.0 1.0 line
44.8 0 1.1 1.0 NULL
45.9 2 2.0 1.0 square
47.9 0 1.0 1.0 NULL
48.9 1 2.0 1.0 line
50.9 0 1.3 1.0 NULL
52.199999999999996 3 2.0 1.0 circle
54.199999999999996 0 1.2 1.0 NULL
55.4 4 2.0 1.0 triangle
57.4 0 1.5 1.0 NULL
58.9 2 2.0 1.0 square
60.9 0 1.0 1.0 NULL
61.9 3 2.0 1.0 circle
63.9 0 1.0 1.0 NULL
64.9 3 2.0 1.0 circle
66.9 0 1.2 1.0 NULL
68.10000000000001 3 2.0 1.0 circle
70.10000000000001 0 1.2 1.0 NULL
71.30000000000001 4 2.0 1.0 triangle
73.30000000000001 0 1.3 1.0 NULL
74.60000000000001 4 2.0 1.0 triangle
76.6 0 1.1 1.0 NULL
77.69999999999999 2 2.0 1.0 square
79.69999999999999 0 1.8 1.0 NULL
81.49999999999999 1 2.0 1.0 line
83.49999999999999 0 1.0 1.0 NULL
84.49999999999999 1 2.0 1.0 line
86.49999999999999 0 1.0 1.0 NULL
87.49999999999999 2 2.0 1.0 square
89.5 0 1.0 1.0 NULL
90.5 4 2.0 1.0 triangle
92.5 0 1.9 1.0 NULL
94.4 1 2.0 1.0 line
96.4 0 1.4 1.0 NULL
97.80000000000001 2 2.0 1.0 square
99.80000000000001 0 1.6 1.0 NULL
101.4 4 2.0 1.0 triangle
103.4 0 1.4 1.0 NULL
104.80000000000001 4 2.0 1.0 triangle
106.80000000000001 0 1.0 1.0 NULL
107.80000000000001 3 2.0 1.0 circle
109.80000000000001 0 1.9 1.0 NULL
111.70000000000002 3 2.0 1.0 circle
113.70000000000002 0 1.1 1.0 NULL
114.80000000000001 4 2.0 1.0 triangle
116.8 0 1.1 1.0 NULL
117.89999999999999 2 2.0 1.0 square
119.89999999999999 0 1.0 1.0 NULL
120.89999999999999 2 2.0 1.0 square
122.89999999999999 0 1.1 1.0 NULL
123.99999999999999 3 2.0 1.0 circle
125.99999999999999 0 1.2 1.0 NULL
127.19999999999999 1 2.0 1.0 line
129.2 0 2.0 1.0 NULL
