0.0 0 1.7 1.0 NULL
1.7 2 2.0 1.0 square
3.7 0 1.0 1.0 NULL
4.7 2 2.0 1.0 square
6.7 0 1.1 1.0 NULL
7.800000000000001 2 2.0 1.0 square
9.8 0 1.0 1.0 NULL
10.8 3 2.0 1.0 circle
12.8 0 1.4 1.0 NULL
14.200000000000001 3 2.0 1.0 circle
16.200000000000003 0 1.8 1.0 NULL
18.000000000000004 4 2.0 1.0 triangle
20.000000000000004 0 2.0 1.0 NULL
22.000000000000004 2 2.0 1.0 square
24.000000000000004 0 1.8 1.0 NULL
25.800000000000004 3 2.0 1.0 circle
27.799999999999997 0 1.0 1.0 NULL
28.799999999999997 4 2.0 1.0 triangle
30.799999999999997 0 1.0 1.0 NULL
31.799999999999997 2 2.0 1.0 square
33.8 0 1.6 1.0 NULL
35.4 4 2.0 1.0 triangle
37.4 0 1.0 1.0 NULL
38.4 3 2.0 1.0 circle
40.4 0 1.4 1.0 NULL
41.8 2 2.0 1.0 square
43.8 0 1.1 1.0 NULL
44.9 2 2.0 1.0 square
46.9 0 1.3 1.0 NULL
48.199999999999996 2 2.0 1.0 square
50.199999999999996 0 1.3 1.0 NULL
51.49999999999999 3 2.0 1.0 circle
53.5 0 1.5 1.0 NULL
55.0 2 2.0 1.0 square
57.0 0 1.1 1.0 NULL
58.1 4 2.0 1.0 triangle
60.1 0 1.3 1.0 NULL
61.4 1 2.0 1.0 line
63.4 0 1.0 1.0 NULL
64.4 1 2.0 1.0 line
66.4 0 1.5 1.0 NULL
67.9 1 2.0 1.0 line
69.9 0 1.7 1.0 NULL
71.60000000000001 3 2.0 1.0 circle
73.60000000000001 0 1.1 1.0 NULL
74.7 4 2.0 1.0 triangle
76.7 0 1.0 1.0 NULL
77.7 4 2.0 1.0 triangle
79.7 0 2.0 1.0 NULL
81.7 1 2.0 1.0 line
83.7 0 1.0 1.0 NULL
84.7 1 2.0 1.0 line
86.7 0 1.1 1.0 NULL
87.8 1 2.0 1.0 line
89.8 0 1.1 1.0 NULL
90.89999999999999 4 2.0 1.0 triangle
92.9 0 1.1 1.0 NULL
94.0 4 2.0 1.0 triangle
96.0 0 1.0 1.0 NULL
97.0 1 2.0 1.0 line
99.0 0 1.2 1.0 NULL
100.2 4 2.0 1.0 triangle
102.2 0 1.0 1.0 NULL
103.2 3 2.0 1.0 circle
105.19999999999999 0 1.0 1.0 NULL
106.19999999999999 1 2.0 1.0 line
108.19999999999999 0 1.0 1.0 NULL
109.19999999999999 1 2.0 1.0 line
111.19999999999999 0 1.3 1.0 NULL
112.49999999999999 3 2.0 1.0 circle
114.49999999999999 0 1.0 1.0 NULL
115.49999999999999 2 2.0 1.0 square
117.5 0 1.8 1.0 NULL
119.3 4 2.0 1.0 triangle
121.3 0 1.1 1.0 NULL
122.39999999999999 1 2.0 1.0 line
124.39999999999999 0 1.0 1.0 NULL
125.39999999999999 3 2.0 1.0 circle
127.39999999999999 0 1.2 1.0 NULL
128.6 3 2.0 1.0 circle
130.6 0 1.1 1.0 NULL
