0.0 0 1.0 1.0 NULL
1.0 2 2.0 1.0 square
3.0 0 1.1 1.0 NULL
4.1 1 2.0 1.0 line
6.1 0 1.2 1.0 NULL
7.3 3 2.0 1.0 circle
9.3 0 2.0 1.0 NULL
11.3 1 2.0 1.0 line
13.3 0 1.1 1.0 NULL
14.4 1 2.0 1.0 line
16.4 0 1.2 1.0 NULL
17.599999999999998 2 2.0 1.0 square
19.599999999999998 0 1.0 1.0 NULL
20.599999999999998 4 2.0 1.0 triangle
22.599999999999998 0 1.5 1.0 NULL
24.099999999999998 2 2.0 1.0 square
26.099999999999998 0 1.6 1.0 NULL
27.7 2 2.0 1.0 square
29.7 0 1.9 1.0 NULL
31.599999999999998 4 2.0 1.0 triangle
33.599999999999994 0 1.2 1.0 NULL
34.8 4 2.0 1.0 triangle
36.8 0 1.4 1.0 NULL
38.199999999999996 1 2.0 1.0 line
40.2 0 1.0 1.0 NULL
41.2 1 2.0 1.0 line
43.2 0 1.7 1.0 NULL
44.900000000000006 3 2.0 1.0 circle
46.900000000000006 0 1.3 1.0 NULL
48.2 1 2.0 1.0 line
50.2 0 1.4 1.0 NULL
51.6 2 2.0 1.0 square
53.599999999999994 0 1.0 1.0 NULL
54.599999999999994 3 2.0 1.0 circle
56.599999999999994 0 1.0 1.0 NULL
57.599999999999994 4 2.0 1.0 triangle
59.599999999999994 0 1.0 1.0 NULL
60.599999999999994 1 2.0 1.0 line
62.599999999999994 0 1.3 1.0 NULL
63.89999999999999 2 2.0 1.0 square
65.89999999999999 0 1.0 1.0 NULL
66.89999999999999 4 2.0 1.0 triangle
68.89999999999999 0 1.0 1.0 NULL
69.89999999999999 2 2.0 1.0 square
71.89999999999999 0 1.5 1.0 NULL
73.39999999999999 2 2.0 1.0 square
75.39999999999999 0 1.5 1.0 NULL
76.89999999999999 4 2.0 1.0 triangle
78.89999999999999 0 1.1 1.0 NULL
79.99999999999999 4 2.0 1.0 triangle
81.99999999999999 0 1.7 1.0 NULL
83.69999999999999 4 2.0 1.0 triangle
85.69999999999999 0 1.0 1.0 NULL
86.69999999999999 3 2.0 1.0 circle
88.69999999999999 0 1.2 1.0 NULL
89.89999999999999 1 2.0 1.0 line
91.9 0 1.6 1.0 NULL
93.5 3 2.0 1.0 circle
95.5 0 1.4 1.0 NULL
96.9 3 2.0 1.0 circle
98.9 0 1.0 1.0 NULL
99.9 3 2.0 1.0 circle
101.9 0 1.6 1.0 NULL
103.5 1 2.0 1.0 line
105.5 0 1.0 1.0 NULL
106.5 2 2.0 1.0 square
108.5 0 1.0 1.0 NULL
109.5 2 2.0 1.0 square
111.5 0 1.0 1.0 NULL
112.5 3 2.0 1.0 circle
114.5 0 1.0 1.0 NULL
115.5 1 2.0 1.0 line
117.5 0 1.1 1.0 NULL
118.6 3 2.0 1.0 circle
120.6 0 1.0 1.0 NULL
121.6 4 2.0 1.0 triangle
123.6 0 1.3 1.0 NULL
124.89999999999999 4 2.0 1.0 triangle
126.89999999999999 0 1.1 1.0 NULL
127.99999999999999 3 2.0 1.0 circle
130.0 0 1.0 1.0 NULL
