0.0 0 1.8 1.0 NULL
1.8 4 2.0 1.0 triangle
3.8 0 1.1 1.0 NULL
4.9 1 2.0 1.0 line
6.9 0 1.5 1.0 NULL
8.4 2 2.0 1.0 square
10.4 0 1.1 1.0 NULL
11.5 4 2.0 1.0 triangle
13.5 0 1.6 1.0 NULL
15.1 3 2.0 1.0 circle
17.1 0 1.3 1.0 NULL
18.400000000000002 4 2.0 1.0 triangle
20.400000000000002 0 1.0 1.0 NULL
21.400000000000002 2 2.0 1.0 square
23.400000000000002 0 1.4 1.0 NULL
24.8 2 2.0 1.0 square
26.8 0 1.0 1.0 NULL
27.8 2 2.0 1.0 square
29.8 0 1.8 1.0 NULL
31.6 1 2.0 1.0 line
33.6 0 1.1 1.0 NULL
34.7 2 2.0 1.0 square
36.7 0 1.3 1.0 NULL
38.0 3 2.0 1.0 circle
40.0 0 1.1 1.0 NULL
41.1 4 2.0 1.0 triangle
43.1 0 1.3 1.0 NULL
44.4 1 2.0 1.0 line
46.4 0 1.6 1.0 NULL
48.0 4 2.0 1.0 triangle
50.0 0 1.3 1.0 NULL
51.3 3 2.0 1.0 circle
53.3 0 1.1 1.0 NULL
54.4 1 2.0 1.0 line
56.4 0 1.2 1.0 NULL
57.6 4 2.0 1.0 triangle
59.6 0 1.1 1.0 NULL
60.7 4 2.0 1.0 triangle
62.7 0 1.0 1.0 NULL
63.7 1 2.0 1.0 line
65.7 0 1.0 1.0 NULL
66.7 4 2.0 1.0 triangle
68.7 0 1.8 1.0 NULL
70.5 2 2.0 1.0 square
72.5 0 1.2 1.0 NULL
73.7 3 2.0 1.0 circle
75.7 0 1.0 1.0 NULL
76.7 1 2.0 1.0 line
78.7 0 1.8 1.0 NULL
80.5 2 2.0 1.0 square
82.5 0 1.1 1.0 NULL
83.6 1 2.0 1.0 line
85.6 0 1.2 1.0 NULL
86.8 3 2.0 1.0 circle
88.8 0 1.0 1.0 NULL
89.8 2 2.0 1.0 square
91.80000000000001 0 1.7 1.0 NULL
93.50000000000001 4 2.0 1.0 triangle
95.50000000000001 0 1.4 1.0 NULL
96.90000000000002 3 2.0 1.0 circle
98.90000000000002 0 1.2 1.0 NULL
100.10000000000002 4 2.0 1.0 triangle
102.10000000000002 0 1.0 1.0 NULL
103.10000000000002 1 2.0 1.0 line
105.1 0 1.3 1.0 NULL
106.39999999999999 1 2.0 1.0 line
108.39999999999999 0 1.3 1.0 NULL
109.69999999999999 2 2.0 1.0 square
111.69999999999999 0 1.1 1.0 NULL
112.79999999999998 3 2.0 1.0 circle
114.79999999999998 0 1.2 1.0 NULL
115.99999999999999 3 2.0 1.0 circle
118.0 0 1.2 1.0 NULL
119.2 3 2.0 1.0 circle
121.2 0 1.0 1.0 NULL
122.2 2 2.0 1.0 square
124.2 0 1.3 1.0 NULL
125.5 1 2.0 1.0 line
127.5 0 1.2 1.0 NULL
128.7 3 2.0 1.0 circle
130.7 0 1.1 1.0 NULL
