0.0 0 1.4 1.0 NULL
1.4 2 2.0 1.0 square
3.4 0 1.8 1.0 NULL
5.2 3 2.0 1.0 circle
7.2 0 1.2 1.0 NULL
8.4 2 2.0 1.0 square
10.4 0 1.0 1.0 NULL
11.4 2 2.0 1.0 square
13.399999999999999 0 1.3 1.0 NULL
14.7 3 2.0 1.0 circle
16.7 0 1.1 1.0 NULL
17.8 1 2.0 1.0 line
19.8 0 1.7 1.0 NULL
21.5 2 2.0 1.0 square
23.5 0 1.1 1.0 NULL
24.6 4 2.0 1.0 triangle
26.6 0 1.5 1.0 NULL
28.1 4 2.0 1.0 triangle
30.1 0 1.0 1.0 NULL
31.1 4 2.0 1.0 triangle
33.1 0 1.6 1.0 NULL
34.7 3 2.0 1.0 circle
36.7 0 1.1 1.0 NULL
37.800000000000004 2 2.0 1.0 square
39.8 0 1.0 1.0 NULL
40.8 1 2.0 1.0 line
42.8 0 1.0 1.0 NULL
43.8 4 2.0 1.0 triangle
45.8 0 1.7 1.0 NULL
47.5 1 2.0 1.0 line
49.5 0 1.0 1.0 NULL
50.5 3 2.0 1.0 circle
52.5 0 1.5 1.0 NULL
54.0 2 2.0 1.0 square
56.0 0 1.0 1.0 NULL
57.0 4 2.0 1.0 triangle
59.0 0 1.2 1.0 NULL
60.2 3 2.0 1.0 circle
62.2 0 1.0 1.0 NULL
63.2 2 2.0 1.0 square
65.19999999999999 0 1.6 1.0 NULL
66.79999999999998 3 2.0 1.0 circle
68.79999999999998 0 1.4 1.0 NULL
70.19999999999999 3 2.0 1.0 circle
72.19999999999999 0 1.0 1.0 NULL
73.19999999999999 1 2.0 1.0 line
75.19999999999999 0 1.8 1.0 NULL
76.99999999999999 1 2.0 1.0 line
79.0 0 1.0 1.0 NULL
80.0 2 2.0 1.0 square
82.0 0 1.4 1.0 NULL
83.4 3 2.0 1.0 circle
85.4 0 1.4 1.0 NULL
86.80000000000001 1 2.0 1.0 line
88.80000000000001 0 1.3 1.0 NULL
90.10000000000001 4 2.0 1.0 triangle
92.1 0 1.1 1.0 NULL
93.19999999999999 1 2.0 1.0 line
95.19999999999999 0 1.0 1.0 NULL
96.19999999999999 4 2.0 1.0 triangle
98.19999999999999 0 1.2 1.0 NULL
99.39999999999999 3 2.0 1.0 circle
101.39999999999999 0 1.6 1.0 NULL
102.99999999999999 4 2.0 1.0 triangle
105.0 0 1.0 1.0 NULL
106.0 4 2.0 1.0 triangle
108.0 0 1.0 1.0 NULL
109.0 1 2.0 1.0 line
111.0 0 1.3 1.0 NULL
112.3 1 2.0 1.0 line
114.3 0 1.0 1.0 NULL
115.3 1 2.0 1.0 line
117.30000000000001 0 1.2 1.0 NULL
118.50000000000001 2 2.0 1.0 square
120.50000000000001 0 1.1 1.0 NULL
121.60000000000001 2 2.0 1.0 square
123.60000000000001 0 1.1 1.0 NULL
124.7 4 2.0 1.0 triangle
126.7 0 1.1 1.0 NULL
127.8 3 2.0 1.0 circle
129.8 0 1.6 1.0 NULL
