0.0 0 1.0 1.0 NULL
1.0 3 2.0 1.0 circle
3.0 0 1.0 1.0 NULL
4.0 4 2.0 1.0 triangle
6.0 0 1.3 1.0 NULL
7.3 2 2.0 1.0 square
9.3 0 1.0 1.0 NULL
10.3 4 2.0 1.0 triangle
12.3 0 1.5 1.0 NULL
13.8 3 2.0 1.0 circle
15.8 0 1.5 1.0 NULL
17.3 1 2.0 1.0 line
19.3 0 1.1 1.0 NULL
20.400000000000002 4 2.0 1.0 triangle
22.400000000000002 0 1.0 1.0 NULL
23.400000000000002 2 2.0 1.0 square
25.4 0 1.2 1.0 NULL
26.599999999999998 4 2.0 1.0 triangle
28.599999999999998 0 1.0 1.0 NULL
29.599999999999998 4 2.0 1.0 triangle
31.599999999999998 0 1.1 1.0 NULL
32.699999999999996 2 2.0 1.0 square
34.699999999999996 0 1.2 1.0 NULL
35.9 3 2.0 1.0 circle
37.9 0 1.2 1.0 NULL
39.1 2 2.0 1.0 square
41.1 0 1.0 1.0 NULL
42.1 1 2.0 1.0 line
44.1 0 1.9 1.0 NULL
46.0 4 2.0 1.0 triangle
48.0 0 1.0 1.0 NULL
49.0 2 2.0 1.0 square
51.0 0 1.0 1.0 NULL
52.0 2 2.0 1.0 square
54.0 0 1.8 1.0 NULL
55.8 2 2.0 1.0 square
57.8 0 1.5 1.0 NULL
59.3 3 2.0 1.0 circle
61.3 0 1.0 1.0 NULL
62.3 2 2.0 1.0 square
64.3 0 1.2 1.0 NULL
65.5 1 2.0 1.0 line
67.5 0 1.0 1.0 NULL
68.5 3 2.0 1.0 circle
70.5 0 1.1 1.0 NULL
71.6 3 2.0 1.0 circle
73.6 0 1.9 1.0 NULL
75.5 1 2.0 1.0 line
77.5 0 1.1 1.0 NULL
78.6 4 2.0 1.0 triangle
80.6 0 1.8 1.0 NULL
82.39999999999999 2 2.0 1.0 square
84.39999999999999 0 1.1 1.0 NULL
85.49999999999999 2 2.0 1.0 square
87.49999999999999 0 1.3 1.0 NULL
88.79999999999998 1 2.0 1.0 line
90.80000000000001 0 1.0 1.0 NULL
91.80000000000001 4 2.0 1.0 triangle
93.80000000000001 0 1.6 1.0 NULL
95.4 3 2.0 1.0 circle
97.4 0 1.0 1.0 NULL
98.4 1 2.0 1.0 line
100.4 0 1.2 1.0 NULL
101.60000000000001 3 2.0 1.0 circle
103.60000000000001 0 1.1 1.0 NULL
104.7 3 2.0 1.0 circle
106.7 0 1.6 1.0 NULL
108.3 4 2.0 1.0 triangle
110.3 0 1.1 1.0 NULL
111.39999999999999 4 2.0 1.0 triangle
113.39999999999999 0 1.4 1.0 NULL
114.8 3 2.0 1.0 circle
116.8 0 1.3 1.0 NULL
118.1 1 2.0 1.0 line
120.1 0 1.6 1.0 NULL
121.69999999999999 1 2.0 1.0 line
123.69999999999999 0 1.0 1.0 NULL
124.69999999999999 1 2.0 1.0 line
126.69999999999999 0 1.3 1.0 NULL
127.99999999999999 1 2.0 1.0 line
130.0 0 1.0 1.0 NULL
