0.0 0 1.3 1.0 NULL
1.3 2 2.0 1.0 square
3.3 0 1.0 1.0 NULL
4.3 3 2.0 1.0 circle
6.3 0 1.5 1.0 NULL
7.8 4 2.0 1.0 triangle
9.8 0 1.5 1.0 NULL
11.3 3 2.0 1.0 circle
13.3 0 1.0 1.0 NULL
14.3 2 2.0 1.0 square
16.3 0 1.7 1.0 NULL
18.0 1 2.0 1.0 line
20.0 0 1.0 1.0 NULL
21.0 3 2.0 1.0 circle
23.0 0 1.7 1.0 NULL
24.7 4 2.0 1.0 triangle
26.7 0 1.0 1.0 NULL
27.7 2 2.0 1.0 square
29.7 0 1.2 1.0 NULL
30.9 3 2.0 1.0 circle
32.9 0 1.4 1.0 NULL
34.3 1 2.0 1.0 line
36.3 0 1.0 1.0 NULL
37.3 4 2.0 1.0 triangle
39.300000000000004 0 1.6 1.0 NULL
40.900000000000006 1 2.0 1.0 line
42.900000000000006 0 1.5 1.0 NULL
44.400000000000006 2 2.0 1.0 square
46.400000000000006 0 1.0 1.0 NULL
47.400000000000006 2 2.0 1.0 square
49.400000000000006 0 1.1 1.0 NULL
50.50000000000001 3 2.0 1.0 circle
52.5 0 1.0 1.0 NULL
53.5 4 2.0 1.0 triangle
55.5 0 1.1 1.0 NULL
56.6 4 2.0 1.0 triangle
58.6 0 1.1 1.0 NULL
59.7 4 2.0 1.0 triangle
61.7 0 1.0 1.0 NULL
62.7 1 2.0 1.0 line
64.69999999999999 0 1.0 1.0 NULL
65.69999999999999 2 2.0 1.0 square
67.69999999999999 0 1.3 1.0 NULL
68.99999999999999 4 2.0 1.0 triangle
70.99999999999999 0 1.1 1.0 NULL
72.09999999999998 1 2.0 1.0 line
74.09999999999998 0 1.3 1.0 NULL
75.39999999999998 3 2.0 1.0 circle
77.4 0 1.1 1.0 NULL
78.5 3 2.0 1.0 circle
80.5 0 1.0 1.0 NULL
81.5 3 2.0 1.0 circle
83.5 0 1.4 1.0 NULL
84.9 2 2.0 1.0 square
86.9 0 1.6 1.0 NULL
88.5 4 2.0 1.0 triangle
90.5 0 1.1 1.0 NULL
91.6 3 2.0 1.0 circle
93.6 0 1.2 1.0 NULL
94.8 1 2.0 1.0 line
96.8 0 1.3 1.0 NULL
98.1 1 2.0 1.0 line
100.1 0 1.1 1.0 NULL
101.19999999999999 2 2.0 1.0 square
103.2 0 1.2 1.0 NULL
104.4 2 2.0 1.0 square
106.4 0 2.0 1.0 NULL
108.4 4 2.0 1.0 triangle
110.4 0 1.0 1.0 NULL
111.4 4 2.0 1.0 triangle
113.4 0 1.8 1.0 NULL
115.2 3 2.0 1.0 circle
117.2 0 1.0 1.0 NULL
118.2 1 2.0 1.0 line
120.2 0 1.7 1.0 NULL
121.9 1 2.0 1.0 line
123.9 0 1.1 1.0 NULL
125.0 2 2.0 1.0 square
127.0 0 1.3 1.0 NULL
128.3 1 2.0 1.0 line
130.3 0 1.0 1.0 NULL
