0.0 0 1.4 1.0 NULL
1.4 3 2.0 1.0 circle
3.4 0 1.4 1.0 NULL
4.8 1 2.0 1.0 line
6.8 0 1.0 1.0 NULL
7.8 1 2.0 1.0 line
9.8 0 1.8 1.0 NULL
11.600000000000001 4 2.0 1.0 triangle
13.6 0 1.6 1.0 NULL
15.2 4 2.0 1.0 triangle
17.2 0 1.3 1.0 NULL
18.5 1 2.0 1.0 line
20.5 0 1.1 1.0 NULL
21.6 2 2.0 1.0 square
23.6 0 1.8 1.0 NULL
25.400000000000002 4 2.0 1.0 triangle
27.4 0 1.1 1.0 NULL
28.5 3 2.0 1.0 circle
30.5 0 1.0 1.0 NULL
31.5 2 2.0 1.0 square
33.5 0 1.2 1.0 NULL
34.7 3 2.0 1.0 circle
36.7 0 1.1 1.0 NULL
37.800000000000004 3 2.0 1.0 circle
39.8 0 1.0 1.0 NULL
40.8 3 2.0 1.0 circle
42.8 0 1.5 1.0 NULL
44.3 1 2.0 1.0 line
46.3 0 1.9 1.0 NULL
48.199999999999996 4 2.0 1.0 triangle
50.199999999999996 0 1.0 1.0 NULL
51.199999999999996 2 2.0 1.0 square
53.199999999999996 0 1.0 1.0 NULL
54.199999999999996 1 2.0 1.0 line
56.199999999999996 0 1.2 1.0 NULL
57.4 3 2.0 1.0 circle
59.4 0 1.0 1.0 NULL
60.4 1 2.0 1.0 line
62.4 0 1.8 1.0 NULL
64.2 1 2.0 1.0 line
66.2 0 1.0 1.0 NULL
67.2 4 2.0 1.0 triangle
69.2 0 1.4 1.0 NULL
70.60000000000001 4 2.0 1.0 triangle
72.60000000000001 0 1.0 1.0 NULL
73.60000000000001 2 2.0 1.0 square
75.60000000000001 0 1.6 1.0 NULL
77.2 2 2.0 1.0 square
79.2 0 1.4 1.0 NULL
80.60000000000001 1 2.0 1.0 line
82.60000000000001 0 1.4 1.0 NULL
84.00000000000001 4 2.0 1.0 triangle
86.00000000000001 0 1.0 1.0 NULL
87.00000000000001 3 2.0 1.0 circle
89.00000000000001 0 1.3 1.0 NULL
90.30000000000001 2 2.0 1.0 square
92.3 0 1.0 1.0 NULL
93.3 2 2.0 1.0 square
95.3 0 1.1 1.0 NULL
96.39999999999999 2 2.0 1.0 square
98.39999999999999 0 1.3 1.0 NULL
99.69999999999999 2 2.0 1.0 square
101.69999999999999 0 1.4 1.0 NULL
103.1 3 2.0 1.0 circle
105.1 0 1.6 1.0 NULL
106.69999999999999 2 2.0 1.0 square
108.69999999999999 0 1.2 1.0 NULL
109.89999999999999 4 2.0 1.0 triangle
111.89999999999999 0 1.0 1.0 NULL
112.89999999999999 4 2.0 1.0 triangle
114.89999999999999 0 1.2 1.0 NULL
116.1 1 2.0 1.0 line
118.1 0 1.0 1.0 NULL
119.1 3 2.0 1.0 circle
121.1 0 1.1 1.0 NULL
122.19999999999999 3 2.0 1.0 circle
124.19999999999999 0 1.0 1.0 NULL
125.19999999999999 4 2.0 1.0 triangle
127.19999999999999 0 1.1 1.0 NULL
128.29999999999998 1 2.0 1.0 line
130.3 0 1.1 1.0 NULL
