0.0 0 1.1 1.0 NULL
1.1 1 2.0 1.0 line
3.1 0 1.1 1.0 NULL
4.2 3 2.0 1.0 circle
6.2 0 1.5 1.0 NULL
7.7 1 2.0 1.0 line
9.7 0 1.1 1.0 NULL
10.799999999999999 2 2.0 1.0 square
12.8 0 1.0 1.0 NULL
13.8 4 2.0 1.0 triangle
15.8 0 1.2 1.0 NULL
17.0 3 2.0 1.0 circle
19.0 0 1.1 1.0 NULL
20.1 1 2.0 1.0 line
22.1 0 1.4 1.0 NULL
23.5 3 2.0 1.0 circle
25.5 0 1.0 1.0 NULL
26.5 3 2.0 1.0 circle
28.5 0 1.1 1.0 NULL
29.6 2 2.0 1.0 square
31.6 0 1.0 1.0 NULL
32.6 2 2.0 1.0 square
34.6 0 1.3 1.0 NULL
35.9 2 2.0 1.0 square
37.9 0 1.2 1.0 NULL
39.1 3 2.0 1.0 circle
41.1 0 1.3 1.0 NULL
42.4 1 2.0 1.0 line
44.4 0 1.3 1.0 NULL
45.699999999999996 1 2.0 1.0 line
47.699999999999996 0 1.3 1.0 NULL
48.99999999999999 2 2.0 1.0 square
51.0 0 1.9 1.0 NULL
52.9 3 2.0 1.0 circle
54.9 0 1.0 1.0 NULL
55.9 1 2.0 1.0 line
57.9 0 1.0 1.0 NULL
58.9 3 2.0 1.0 circle
60.9 0 1.5 1.0 NULL
62.4 4 2.0 1.0 triangle
64.4 0 1.0 1.0 NULL
65.4 4 2.0 1.0 triangle
67.4 0 1.1 1.0 NULL
68.5 1 2.0 1.0 line
70.5 0 1.0 1.0 NULL
71.5 4 2.0 1.0 triangle
73.5 0 2.0 1.0 NULL
75.5 4 2.0 1.0 triangle
77.5 0 1.1 1.0 NULL
78.6 4 2.0 1.0 triangle
80.6 0 1.0 1.0 NULL
81.6 1 2.0 1.0 line
83.6 0 1.4 1.0 NULL
85.0 2 2.0 1.0 square
87.0 0 1.2 1.0 NULL
88.2 4 2.0 1.0 triangle
90.19999999999999 0 1.6 1.0 NULL
91.79999999999998 3 2.0 1.0 circle
93.79999999999998 0 1.9 1.0 NULL
95.69999999999999 4 2.0 1.0 triangle
97.69999999999999 0 1.2 1.0 NULL
98.89999999999999 2 2.0 1.0 square
100.89999999999999 0 1.6 1.0 NULL
102.49999999999999 3 2.0 1.0 circle
104.5 0 1.0 1.0 NULL
105.5 3 2.0 1.0 circle
107.5 0 1.1 1.0 NULL
108.6 4 2.0 1.0 triangle
110.6 0 1.1 1.0 NULL
111.69999999999999 2 2.0 1.0 square
113.69999999999999 0 1.9 1.0 NULL
115.6 2 2.0 1.0 square
117.6 0 1.3 1.0 NULL
118.89999999999999 2 2.0 1.0 square
120.89999999999999 0 1.0 1.0 NULL
121.89999999999999 1 2.0 1.0 line
123.89999999999999 0 1.1 1.0 NULL
124.99999999999999 4 2.0 1.0 triangle
126.99999999999999 0 1.1 1.0 NULL
128.1 1 2.0 1.0 line
130.1 0 1.0 1.0 NULL
