0.0 0 1.2 1.0 NULL
1.2 1 2.0 1.0 line
3.2 0 1.0 1.0 NULL
4.2 2 2.0 1.0 square
6.2 0 1.4 1.0 NULL
7.6 1 2.0 1.0 line
9.6 0 1.3 1.0 NULL
10.9 4 2.0 1.0 triangle
12.899999999999999 0 1.0 1.0 NULL
13.899999999999999 2 2.0 1.0 square
15.899999999999999 0 1.9 1.0 NULL
17.799999999999997 2 2.0 1.0 square
19.799999999999997 0 1.3 1.0 NULL
21.099999999999998 1 2.0 1.0 line
23.099999999999998 0 1.0 1.0 NULL
24.099999999999998 4 2.0 1.0 triangle
26.1 0 1.5 1.0 NULL
27.6 3 2.0 1.0 circle
29.6 0 1.0 1.0 NULL
30.6 2 2.0 1.0 square
32.6 0 1.1 1.0 NULL
33.7 3 2.0 1.0 circle
35.7 0 1.6 1.0 NULL
37.300000000000004 1 2.0 1.0 line
39.300000000000004 0 1.4 1.0 NULL
40.7 3 2.0 1.0 circle
42.7 0 1.3 1.0 NULL
44.0 2 2.0 1.0 square
46.0 0 1.1 1.0 NULL
47.1 1 2.0 1.0 line
49.1 0 1.1 1.0 NULL
50.2 4 2.0 1.0 triangle
52.199999999999996 0 1.0 1.0 NULL
53.199999999999996 3 2.0 1.0 circle
55.199999999999996 0 1.1 1.0 NULL
56.3 1 2.0 1.0 line
58.3 0 1.0 1.0 NULL
59.3 2 2.0 1.0 square
61.3 0 1.3 1.0 NULL
62.599999999999994 3 2.0 1.0 circle
64.60000000000001 0 1.3 1.0 NULL
65.9 3 2.0 1.0 circle
67.9 0 1.2 1.0 NULL
69.10000000000001 4 2.0 1.0 triangle
71.10000000000001 0 1.1 1.0 NULL
72.2 4 2.0 1.0 triangle
74.2 0 1.0 1.0 NULL
75.2 2 2.0 1.0 square
77.19999999999999 0 1.0 1.0 NULL
78.19999999999999 3 2.0 1.0 circle
80.19999999999999 0 1.9 1.0 NULL
82.1 3 2.0 1.0 circle
84.1 0 1.1 1.0 NULL
85.19999999999999 2 2.0 1.0 square
87.19999999999999 0 1.0 1.0 NULL
88.19999999999999 1 2.0 1.0 line
90.2 0 1.1 1.0 NULL
91.3 2 2.0 1.0 square
93.3 0 1.2 1.0 NULL
94.5 3 2.0 1.0 circle
96.5 0 1.6 1.0 NULL
98.1 4 2.0 1.0 triangle
100.1 0 1.8 1.0 NULL
101.89999999999999 4 2.0 1.0 triangle
103.9 0 1.3 1.0 NULL
105.2 2 2.0 1.0 square
107.2 0 1.1 1.0 NULL
108.3 4 2.0 1.0 triangle
110.3 0 1.3 1.0 NULL
111.6 3 2.0 1.0 circle
113.6 0 1.0 1.0 NULL
114.6 1 2.0 1.0 line
116.6 0 1.5 1.0 NULL
118.1 1 2.0 1.0 line
120.1 0 1.0 1.0 NULL
121.1 1 2.0 1.0 line
123.1 0 1.7 1.0 NULL
124.8 4 2.0 1.0 triangle
126.8 0 1.0 1.0 NULL
127.8 4 2.0 1.0 triangle
129.8 0 1.4 1.0 NULL
