0.0 0 2.0 1.0 NULL
2.0 2 2.0 1.0 square
4.0 0 1.0 1.0 NULL
5.0 1 2.0 1.0 line
7.0 0 1.4 1.0 NULL
8.4 2 2.0 1.0 square
10.4 0 1.2 1.0 NULL
11.6 1 2.0 1.0 line
13.6 0 1.5 1.0 NULL
15.1 1 2.0 1.0 line
17.1 0 1.0 1.0 NULL
18.1 1 2.0 1.0 line
20.1 0 1.1 1.0 NULL
21.200000000000003 1 2.0 1.0 line
23.200000000000003 0 1.0 1.0 NULL
24.200000000000003 3 2.0 1.0 circle
26.2 0 1.5 1.0 NULL
27.7 3 2.0 1.0 circle
29.7 0 1.1 1.0 NULL
30.8 4 2.0 1.0 triangle
32.8 0 1.3 1.0 NULL
34.099999999999994 4 2.0 1.0 triangle
36.099999999999994 0 1.0 1.0 NULL
37.099999999999994 4 2.0 1.0 triangle
39.1 0 2.0 1.0 NULL
41.1 3 2.0 1.0 circle
43.1 0 1.3 1.0 NULL
44.4 2 2.0 1.0 square
46.4 0 1.1 1.0 NULL
47.5 2 2.0 1.0 square
49.5 0 1.4 1.0 NULL
50.9 3 2.0 1.0 circle
52.9 0 1.2 1.0 NULL
54.1 2 2.0 1.0 square
56.1 0 1.5 1.0 NULL
57.6 2 2.0 1.0 square
59.6 0 1.9 1.0 NULL
61.5 4 2.0 1.0 triangle
63.5 0 1.1 1.0 NULL
64.6 4 2.0 1.0 triangle
66.6 0 1.1 1.0 NULL
67.69999999999999 2 2.0 1.0 square
69.69999999999999 0 2.0 1.0 NULL
71.69999999999999 4 2.0 1.0 triangle
73.69999999999999 0 1.0 1.0 NULL
74.69999999999999 3 2.0 1.0 circle
76.69999999999999 0 1.6 1.0 NULL
78.29999999999998 4 2.0 1.0 triangle
80.29999999999998 0 1.2 1.0 NULL
81.49999999999999 3 2.0 1.0 circle
83.49999999999999 0 1.1 1.0 NULL
84.59999999999998 1 2.0 1.0 line
86.59999999999998 0 1.3 1.0 NULL
87.89999999999998 2 2.0 1.0 square
89.89999999999998 0 1.1 1.0 NULL
90.99999999999997 3 2.0 1.0 circle
93.0 0 1.0 1.0 NULL
94.0 4 2.0 1.0 triangle
96.0 0 1.5 1.0 NULL
97.5 3 2.0 1.0 circle
99.5 0 1.0 1.0 NULL
100.5 1 2.0 1.0 line
102.5 0 1.4 1.0 NULL
103.9 4 2.0 1.0 triangle
105.9 0 1.4 1.0 NULL
107.30000000000001 4 2.0 1.0 triangle
109.30000000000001 0 1.1 1.0 NULL
110.4 1 2.0 1.0 line
112.4 0 1.1 1.0 NULL
113.5 3 2.0 1.0 circle
115.5 0 1.5 1.0 NULL
117.0 1 2.0 1.0 line
119.0 0 1.0 1.0 NULL
120.0 3 2.0 1.0 circle
122.0 0 1.0 1.0 NULL
123.0 2 2.0 1.0 square
125.0 0 1.0 1.0 NULL
126.0 2 2.0 1.0 square
128.0 0 1.0 1.0 NULL
129.0 1 2.0 1.0 line
131.0 0 1.0 1.0 NULL
