0.0 0 1.1 1.0 NULL
1.1 4 2.0 1.0 triangle
3.1 0 1.1 1.0 NULL
4.2 1 2.0 1.0 line
6.2 0 1.7 1.0 NULL
7.9 3 2.0 1.0 circle
9.9 0 1.0 1.0 NULL
10.9 1 2.0 1.0 line
12.9 0 1.4 1.0 NULL
14.3 2 2.0 1.0 square
16.3 0 1.0 1.0 NULL
17.3 2 2.0 1.0 square
19.3 0 1.2 1.0 NULL
20.5 1 2.0 1.0 line
22.5 0 1.2 1.0 NULL
23.7 2 2.0 1.0 square
25.700000000000003 0 1.0 1.0 NULL
26.700000000000003 3 2.0 1.0 circle
28.700000000000003 0 1.5 1.0 NULL
30.200000000000003 4 2.0 1.0 triangle
32.2 0 1.2 1.0 NULL
33.400000000000006 2 2.0 1.0 square
35.400000000000006 0 1.1 1.0 NULL
36.50000000000001 2 2.0 1.0 square
38.5 0 1.4 1.0 NULL
39.9 4 2.0 1.0 triangle
41.9 0 1.0 1.0 NULL
42.9 3 2.0 1.0 circle
44.9 0 1.4 1.0 NULL
46.3 2 2.0 1.0 square
48.3 0 1.0 1.0 NULL
49.3 1 2.0 1.0 line
51.3 0 1.0 1.0 NULL
52.3 3 2.0 1.0 circle
54.3 0 1.0 1.0 NULL
55.3 4 2.0 1.0 triangle
57.3 0 1.0 1.0 NULL
58.3 3 2.0 1.0 circle
60.3 0 1.1 1.0 NULL
61.4 4 2.0 1.0 triangle
63.4 0 1.9 1.0 NULL
65.3 1 2.0 1.0 line
67.3 0 1.1 1.0 NULL
68.39999999999999 3 2.0 1.0 circle
70.39999999999999 0 1.3 1.0 NULL
71.69999999999999 4 2.0 1.0 triangle
73.69999999999999 0 1.5 1.0 NULL
75.19999999999999 4 2.0 1.0 triangle
77.2 0 1.0 1.0 NULL
78.2 1 2.0 1.0 line
80.2 0 1.0 1.0 NULL
81.2 2 2.0 1.0 square
83.2 0 1.8 1.0 NULL
85.0 3 2.0 1.0 circle
87.0 0 2.0 1.0 NULL
89.0 1 2.0 1.0 line
91.0 0 1.5 1.0 NULL
92.5 3 2.0 1.0 circle
94.5 0 1.3 1.0 NULL
95.8 1 2.0 1.0 line
97.8 0 1.0 1.0 NULL
98.8 3 2.0 1.0 circle
100.8 0 1.7 1.0 NULL
102.5 4 2.0 1.0 triangle
104.5 0 1.1 1.0 NULL
105.6 1 2.0 1.0 line
107.6 0 1.7 1.0 NULL
109.3 1 2.0 1.0 line
111.3 0 1.1 1.0 NULL
112.39999999999999 2 2.0 1.0 square
114.39999999999999 0 1.1 1.0 NULL
115.49999999999999 2 2.0 1.0 square
117.5 0 1.2 1.0 NULL
118.7 3 2.0 1.0 circle
120.7 0 1.1 1.0 NULL
121.8 2 2.0 1.0 square
123.8 0 1.0 1.0 NULL
124.8 4 2.0 1.0 triangle
126.8 0 1.2 1.0 NULL
128.0 4 2.0 1.0 triangle
130.0 0 1.1 1.0 NULL
