0.0 0 1.1 1.0 NULL
1.1 1 2.0 1.0 line
3.1 0 1.4 1.0 NULL
4.5 1 2.0 1.0 line
6.5 0 1.1 1.0 NULL
7.6 2 2.0 1.0 square
9.6 0 1.1 1.0 NULL
10.7 1 2.0 1.0 line
12.7 0 1.1 1.0 NULL
13.799999999999999 1 2.0 1.0 line
15.799999999999999 0 1.0 1.0 NULL
16.799999999999997 2 2.0 1.0 square
18.799999999999997 0 1.7 1.0 NULL
20.499999999999996 4 2.0 1.0 triangle
22.499999999999996 0 1.7 1.0 NULL
24.199999999999996 4 2.0 1.0 triangle
26.200000000000003 0 1.0 1.0 NULL
27.200000000000003 2 2.0 1.0 square
29.200000000000003 0 2.0 1.0 NULL
31.200000000000003 1 2.0 1.0 line
33.2 0 1.0 1.0 NULL
34.2 4 2.0 1.0 triangle
36.2 0 1.1 1.0 NULL
37.300000000000004 1 2.0 1.0 line
39.300000000000004 0 1.0 1.0 NULL
40.300000000000004 2 2.0 1.0 square
42.300000000000004 0 1.0 1.0 NULL
43.300000000000004 1 2.0 1.0 line
45.300000000000004 0 1.0 1.0 NULL
46.300000000000004 2 2.0 1.0 square
48.300000000000004 0 1.1 1.0 NULL
49.400000000000006 2 2.0 1.0 square
51.400000000000006 0 1.0 1.0 NULL
52.400000000000006 1 2.0 1.0 line
54.400000000000006 0 1.4 1.0 NULL
55.800000000000004 4 2.0 1.0 triangle
57.800000000000004 0 1.8 1.0 NULL
59.6 3 2.0 1.0 circle
61.6 0 1.3 1.0 NULL
62.9 2 2.0 1.0 square
64.9 0 1.0 1.0 NULL
65.9 3 2.0 1.0 circle
67.9 0 1.1 1.0 NULL
69.0 3 2.0 1.0 circle
71.0 0 1.2 1.0 NULL
72.2 4 2.0 1.0 triangle
74.2 0 1.0 1.0 NULL
75.2 3 2.0 1.0 circle
77.19999999999999 0 1.1 1.0 NULL
78.29999999999998 4 2.0 1.0 triangle
80.29999999999998 0 1.2 1.0 NULL
81.49999999999999 1 2.0 1.0 line
83.49999999999999 0 1.2 1.0 NULL
84.69999999999999 3 2.0 1.0 circle
86.69999999999999 0 1.0 1.0 NULL
87.69999999999999 4 2.0 1.0 triangle
89.7 0 1.0 1.0 NULL
90.7 3 2.0 1.0 circle
92.7 0 1.4 1.0 NULL
94.10000000000001 4 2.0 1.0 triangle
96.10000000000001 0 1.1 1.0 NULL
97.2 3 2.0 1.0 circle
99.2 0 1.5 1.0 NULL
100.7 4 2.0 1.0 triangle
102.7 0 1.2 1.0 NULL
103.9 3 2.0 1.0 circle
105.9 0 1.3 1.0 NULL
107.2 3 2.0 1.0 circle
109.2 0 1.6 1.0 NULL
110.8 4 2.0 1.0 triangle
112.8 0 1.5 1.0 NULL
114.3 2 2.0 1.0 square
116.3 0 1.1 1.0 NULL
117.39999999999999 1 2.0 1.0 line
119.39999999999999 0 2.0 1.0 NULL
121.39999999999999 2 2.0 1.0 square
123.39999999999999 0 1.1 1.0 NULL
124.49999999999999 2 2.0 1.0 square
126.49999999999999 0 1.1 1.0 NULL
127.59999999999998 3 2.0 1.0 circle
129.6 0 1.5 1.0 NULL
