0.0 0 1.1 1.0 NULL
1.1 1 2.0 1.0 line
3.1 0 1.2 1.0 NULL
4.3 3 2.0 1.0 circle
6.3 0 1.1 1.0 NULL
7.4 1 2.0 1.0 line
9.4 0 1.1 1.0 NULL
10.5 3 2.0 1.0 circle
12.5 0 1.1 1.0 NULL
13.6 3 2.0 1.0 circle
15.6 0 1.0 1.0 NULL
16.6 2 2.0 1.0 square
18.6 0 1.1 1.0 NULL
19.700000000000003 1 2.0 1.0 line
21.700000000000003 0 1.0 1.0 NULL
22.700000000000003 3 2.0 1.0 circle
24.700000000000003 0 1.9 1.0 NULL
26.6 3 2.0 1.0 circle
28.6 0 1.0 1.0 NULL
29.6 4 2.0 1.0 triangle
31.6 0 1.0 1.0 NULL
32.6 2 2.0 1.0 square
34.6 0 1.0 1.0 NULL
35.6 2 2.0 1.0 square
37.599999999999994 0 1.2 1.0 NULL
38.8 3 2.0 1.0 circle
40.8 0 1.3 1.0 NULL
42.099999999999994 3 2.0 1.0 circle
44.099999999999994 0 1.6 1.0 NULL
45.699999999999996 2 2.0 1.0 square
47.699999999999996 0 1.6 1.0 NULL
49.3 4 2.0 1.0 triangle
51.3 0 1.5 1.0 NULL
52.8 2 2.0 1.0 square
54.8 0 1.0 1.0 NULL
55.8 4 2.0 1.0 triangle
57.8 0 1.1 1.0 NULL
58.9 2 2.0 1.0 square
60.9 0 1.0 1.0 NULL
61.9 4 2.0 1.0 triangle
63.9 0 1.0 1.0 NULL
64.9 1 2.0 1.0 line
66.9 0 1.1 1.0 NULL
68.0 2 2.0 1.0 square
70.0 0 1.0 1.0 NULL
71.0 1 2.0 1.0 line
73.0 0 1.1 1.0 NULL
74.1 4 2.0 1.0 triangle
76.10000000000001 0 1.1 1.0 NULL
77.2 3 2.0 1.0 circle
79.2 0 1.3 1.0 NULL
80.5 4 2.0 1.0 triangle
82.5 0 1.1 1.0 NULL
83.6 2 2.0 1.0 square
85.6 0 1.2 1.0 NULL
86.8 3 2.0 1.0 circle
88.8 0 1.2 1.0 NULL
90.0 1 2.0 1.0 line
92.0 0 1.9 1.0 NULL
93.9 4 2.0 1.0 triangle
95.9 0 1.1 1.0 NULL
97.0 4 2.0 1.0 triangle
99.0 0 1.8 1.0 NULL
100.8 1 2.0 1.0 line
102.80000000000001 0 1.0 1.0 NULL
103.80000000000001 2 2.0 1.0 square
105.80000000000001 0 1.5 1.0 NULL
107.30000000000001 4 2.0 1.0 triangle
109.30000000000001 0 1.2 1.0 NULL
110.50000000000001 3 2.0 1.0 circle
112.50000000000001 0 1.0 1.0 NULL
113.50000000000001 1 2.0 1.0 line
115.5 0 1.5 1.0 NULL
117.0 1 2.0 1.0 line
119.0 0 1.1 1.0 NULL
120.1 1 2.0 1.0 line
122.1 0 2.0 1.0 NULL
124.1 4 2.0 1.0 triangle
126.1 0 1.0 1.0 NULL
127.1 2 2.0 1.0 square
129.1 0 2.0 1.0 NULL
