0.0 0 1.1 1.0 NULL
1.1 1 2.0 1.0 line
3.1 0 1.0 1.0 NULL
4.1 1 2.0 1.0 line
6.1 0 1.1 1.0 NULL
7.199999999999999 1 2.0 1.0 line
9.2 0 1.1 1.0 NULL
10.299999999999999 3 2.0 1.0 circle
12.3 0 1.1 1.0 NULL
13.4 1 2.0 1.0 line
15.4 0 1.2 1.0 NULL
16.6 1 2.0 1.0 line
18.6 0 1.1 1.0 NULL
19.700000000000003 4 2.0 1.0 triangle
21.700000000000003 0 2.0 1.0 NULL
23.700000000000003 4 2.0 1.0 triangle
25.700000000000003 0 1.1 1.0 NULL
26.800000000000004 4 2.0 1.0 triangle
28.800000000000004 0 1.2 1.0 NULL
30.000000000000004 4 2.0 1.0 triangle
32.0 0 1.0 1.0 NULL
33.0 3 2.0 1.0 circle
35.0 0 1.0 1.0 NULL
36.0 4 2.0 1.0 triangle
38.0 0 1.4 1.0 NULL
39.4 3 2.0 1.0 circle
41.4 0 1.0 1.0 NULL
42.4 2 2.0 1.0 square
44.4 0 1.0 1.0 NULL
45.4 2 2.0 1.0 square
47.4 0 1.1 1.0 NULL
48.5 3 2.0 1.0 circle
50.5 0 1.4 1.0 NULL
51.9 3 2.0 1.0 circle
53.9 0 1.7 1.0 NULL
55.6 2 2.0 1.0 square
57.6 0 1.0 1.0 NULL
58.6 1 2.0 1.0 line
60.6 0 1.8 1.0 NULL
62.4 2 2.0 1.0 square
64.4 0 1.3 1.0 NULL
65.7 3 2.0 1.0 circle
67.7 0 1.1 1.0 NULL
68.8 3 2.0 1.0 circle
70.8 0 1.5 1.0 NULL
72.3 4 2.0 1.0 triangle
74.3 0 1.0 1.0 NULL
75.3 4 2.0 1.0 triangle
77.30000000000001 0 1.2 1.0 NULL
78.50000000000001 4 2.0 1.0 triangle
80.50000000000001 0 1.0 1.0 NULL
81.50000000000001 1 2.0 1.0 line
83.50000000000001 0 1.6 1.0 NULL
85.10000000000001 3 2.0 1.0 circle
87.10000000000001 0 2.0 1.0 NULL
89.10000000000001 4 2.0 1.0 triangle
91.1 0 1.0 1.0 NULL
92.1 3 2.0 1.0 circle
94.1 0 1.0 1.0 NULL
95.1 4 2.0 1.0 triangle
97.1 0 1.0 1.0 NULL
98.1 2 2.0 1.0 square
100.1 0 1.7 1.0 NULL
101.8 2 2.0 1.0 square
103.80000000000001 0 1.1 1.0 NULL
104.9 2 2.0 1.0 square
106.9 0 1.3 1.0 NULL
108.2 2 2.0 1.0 square
110.2 0 1.1 1.0 NULL
111.3 2 2.0 1.0 square
113.3 0 1.1 1.0 NULL
114.39999999999999 1 2.0 1.0 line
116.4 0 1.5 1.0 NULL
117.9 1 2.0 1.0 line
119.9 0 1.0 1.0 NULL
120.9 2 2.0 1.0 square
122.9 0 1.3 1.0 NULL
124.2 3 2.0 1.0 circle
126.2 0 1.6 1.0 NULL
127.8 1 2.0 1.0 line
129.8 0 1.3 1.0 NULL
