0.0 0 1.8 1.0 NULL
1.8 4 2.0 1.0 triangle
3.8 0 1.0 1.0 NULL
4.8 3 2.0 1.0 circle
6.8 0 1.2 1.0 NULL
8.0 2 2.0 1.0 square
10.0 0 1.0 1.0 NULL
11.0 1 2.0 1.0 line
13.0 0 1.0 1.0 NULL
14.0 2 2.0 1.0 square
16.0 0 1.3 1.0 NULL
17.3 1 2.0 1.0 line
19.3 0 1.1 1.0 NULL
20.400000000000002 2 2.0 1.0 square
22.400000000000002 0 1.1 1.0 NULL
23.500000000000004 4 2.0 1.0 triangle
25.5 0 1.5 1.0 NULL
27.0 2 2.0 1.0 square
29.0 0 1.0 1.0 NULL
30.0 2 2.0 1.0 square
32.0 0 1.5 1.0 NULL
33.5 2 2.0 1.0 square
35.5 0 2.0 1.0 NULL
37.5 2 2.0 1.0 square
39.5 0 1.0 1.0 NULL
40.5 4 2.0 1.0 triangle
42.5 0 1.2 1.0 NULL
43.7 2 2.0 1.0 square
45.7 0 1.0 1.0 NULL
46.7 3 2.0 1.0 circle
48.7 0 1.2 1.0 NULL
49.900000000000006 3 2.0 1.0 circle
51.900000000000006 0 1.2 1.0 NULL
53.10000000000001 1 2.0 1.0 line
55.10000000000001 0 1.1 1.0 NULL
56.20000000000001 3 2.0 1.0 circle
58.20000000000001 0 1.0 1.0 NULL
59.20000000000001 4 2.0 1.0 triangle
61.20000000000001 0 1.2 1.0 NULL
62.40000000000001 4 2.0 1.0 triangle
64.4 0 1.5 1.0 NULL
65.9 3 2.0 1.0 circle
67.9 0 1.8 1.0 NULL
69.7 1 2.0 1.0 line
71.7 0 1.0 1.0 NULL
72.7 3 2.0 1.0 circle
74.7 0 1.1 1.0 NULL
75.8 4 2.0 1.0 triangle
77.80000000000001 0 2.0 1.0 NULL
79.80000000000001 3 2.0 1.0 circle
81.80000000000001 0 1.0 1.0 NULL
82.80000000000001 1 2.0 1.0 line
84.80000000000001 0 1.9 1.0 NULL
86.70000000000002 1 2.0 1.0 line
88.70000000000002 0 1.0 1.0 NULL
89.70000000000002 3 2.0 1.0 circle
91.69999999999999 0 1.0 1.0 NULL
92.69999999999999 1 2.0 1.0 line
94.69999999999999 0 1.5 1.0 NULL
96.19999999999999 1 2.0 1.0 line
98.19999999999999 0 1.2 1.0 NULL
99.39999999999999 4 2.0 1.0 triangle
101.39999999999999 0 1.3 1.0 NULL
102.69999999999999 4 2.0 1.0 triangle
104.69999999999999 0 1.0 1.0 NULL
105.69999999999999 3 2.0 1.0 circle
107.69999999999999 0 1.5 1.0 NULL
109.19999999999999 4 2.0 1.0 triangle
111.19999999999999 0 1.0 1.0 NULL
112.19999999999999 1 2.0 1.0 line
114.19999999999999 0 1.4 1.0 NULL
115.6 4 2.0 1.0 triangle
117.6 0 1.0 1.0 NULL
118.6 2 2.0 1.0 square
120.6 0 1.7 1.0 NULL
122.3 3 2.0 1.0 circle
124.3 0 1.5 1.0 NULL
125.8 2 2.0 1.0 square
127.8 0 1.0 1.0 NULL
128.8 1 2.0 1.0 line
130.79999999999998 0 1.0 1.0 NULL
