0.0 0 1.0 1.0 NULL
1.0 3 2.0 1.0 circle
3.0 0 1.3 1.0 NULL
4.3 4 2.0 1.0 triangle
6.3 0 1.1 1.0 NULL
7.4 4 2.0 1.0 triangle
9.4 0 1.0 1.0 NULL
10.4 2 2.0 1.0 square
12.399999999999999 0 1.3 1.0 NULL
13.7 3 2.0 1.0 circle
15.7 0 1.0 1.0 NULL
16.7 2 2.0 1.0 square
18.7 0 1.6 1.0 NULL
20.3 1 2.0 1.0 line
22.3 0 1.3 1.0 NULL
23.6 4 2.0 1.0 triangle
25.6 0 1.1 1.0 NULL
26.700000000000003 2 2.0 1.0 square
28.700000000000003 0 1.0 1.0 NULL
29.700000000000003 1 2.0 1.0 line
31.700000000000003 0 1.2 1.0 NULL
32.900000000000006 3 2.0 1.0 circle
34.900000000000006 0 1.1 1.0 NULL
36.00000000000001 2 2.0 1.0 square
38.0 0 1.1 1.0 NULL
39.1 3 2.0 1.0 circle
41.1 0 1.1 1.0 NULL
42.2 1 2.0 1.0 line
44.2 0 1.1 1.0 NULL
45.300000000000004 3 2.0 1.0 circle
47.300000000000004 0 1.5 1.0 NULL
48.800000000000004 4 2.0 1.0 triangle
50.8 0 1.2 1.0 NULL
52.0 2 2.0 1.0 square
54.0 0 1.6 1.0 NULL
55.6 3 2.0 1.0 circle
57.6 0 1.1 1.0 NULL
58.7 2 2.0 1.0 square
60.7 0 1.2 1.0 NULL
61.900000000000006 4 2.0 1.0 triangle
63.900000000000006 0 1.2 1.0 NULL
65.10000000000001 3 2.0 1.0 circle
67.10000000000001 0 1.0 1.0 NULL
68.10000000000001 4 2.0 1.0 triangle
70.10000000000001 0 1.3 1.0 NULL
71.4 1 2.0 1.0 line
73.4 0 1.0 1.0 NULL
74.4 3 2.0 1.0 circle
76.4 0 1.1 1.0 NULL
77.5 2 2.0 1.0 square
79.5 0 2.0 1.0 NULL
81.5 4 2.0 1.0 triangle
83.5 0 1.1 1.0 NULL
84.6 1 2.0 1.0 line
86.6 0 1.1 1.0 NULL
87.69999999999999 1 2.0 1.0 line
89.7 0 1.7 1.0 NULL
91.4 1 2.0 1.0 line
93.4 0 1.0 1.0 NULL
94.4 2 2.0 1.0 square
96.4 0 1.1 1.0 NULL
97.5 1 2.0 1.0 line
99.5 0 1.1 1.0 NULL
100.6 4 2.0 1.0 triangle
102.60000000000001 0 1.5 1.0 NULL
104.10000000000001 2 2.0 1.0 square
106.10000000000001 0 1.0 1.0 NULL
107.10000000000001 3 2.0 1.0 circle
109.10000000000001 0 2.0 1.0 NULL
111.10000000000001 2 2.0 1.0 square
113.10000000000001 0 1.0 1.0 NULL
114.10000000000001 4 2.0 1.0 triangle
116.10000000000001 0 1.9 1.0 NULL
118.00000000000001 4 2.0 1.0 triangle
120.00000000000001 0 1.0 1.0 NULL
121.00000000000001 3 2.0 1.0 circle
123.00000000000001 0 1.0 1.0 NULL
124.00000000000001 1 2.0 1.0 line
126.00000000000001 0 1.7 1.0 NULL
127.70000000000002 1 2.0 1.0 line
129.7 0 1.3 1.0 NULL
