0.0 0 1.0 1.0 NULL
1.0 1 2.0 1.0 line
3.0 0 1.1 1.0 NULL
4.1 2 2.0 1.0 square
6.1 0 1.0 1.0 NULL
7.1 3 2.0 1.0 circle
9.1 0 1.2 1.0 NULL
10.299999999999999 2 2.0 1.0 square
12.3 0 1.3 1.0 NULL
13.600000000000001 3 2.0 1.0 circle
15.600000000000001 0 1.4 1.0 NULL
17.0 2 2.0 1.0 square
19.0 0 1.2 1.0 NULL
20.2 4 2.0 1.0 triangle
22.2 0 1.0 1.0 NULL
23.2 1 2.0 1.0 line
25.200000000000003 0 1.5 1.0 NULL
26.700000000000003 4 2.0 1.0 triangle
28.700000000000003 0 1.4 1.0 NULL
30.1 1 2.0 1.0 line
32.1 0 2.0 1.0 NULL
34.1 4 2.0 1.0 triangle
36.1 0 1.1 1.0 NULL
37.2 2 2.0 1.0 square
39.2 0 1.0 1.0 NULL
40.2 1 2.0 1.0 line
42.2 0 1.1 1.0 NULL
43.300000000000004 1 2.0 1.0 line
45.300000000000004 0 2.0 1.0 NULL
47.300000000000004 3 2.0 1.0 circle
49.300000000000004 0 1.1 1.0 NULL
50.400000000000006 4 2.0 1.0 triangle
52.400000000000006 0 1.2 1.0 NULL
53.60000000000001 4 2.0 1.0 triangle
55.60000000000001 0 1.0 1.0 NULL
56.60000000000001 2 2.0 1.0 square
58.60000000000001 0 1.7 1.0 NULL
60.30000000000001 4 2.0 1.0 triangle
62.30000000000001 0 1.1 1.0 NULL
63.40000000000001 4 2.0 1.0 triangle
65.4 0 1.1 1.0 NULL
66.5 1 2.0 1.0 line
68.5 0 1.0 1.0 NULL
69.5 4 2.0 1.0 triangle
71.5 0 2.0 1.0 NULL
73.5 4 2.0 1.0 triangle
75.5 0 1.7 1.0 NULL
77.2 3 2.0 1.0 circle
79.19999999999999 0 1.1 1.0 NULL
80.29999999999998 3 2.0 1.0 circle
82.29999999999998 0 1.0 1.0 NULL
83.29999999999998 3 2.0 1.0 circle
85.29999999999998 0 1.0 1.0 NULL
86.29999999999998 1 2.0 1.0 line
88.29999999999998 0 1.2 1.0 NULL
89.49999999999999 3 2.0 1.0 circle
91.5 0 1.0 1.0 NULL
92.5 3 2.0 1.0 circle
94.5 0 1.1 1.0 NULL
95.6 2 2.0 1.0 square
97.6 0 1.2 1.0 NULL
98.8 3 2.0 1.0 circle
100.8 0 1.4 1.0 NULL
102.2 2 2.0 1.0 square
104.2 0 1.2 1.0 NULL
105.4 1 2.0 1.0 line
107.4 0 1.0 1.0 NULL
108.4 2 2.0 1.0 square
110.4 0 1.0 1.0 NULL
111.4 2 2.0 1.0 square
113.4 0 1.5 1.0 NULL
114.9 2 2.0 1.0 square
116.9 0 1.1 1.0 NULL
118.0 1 2.0 1.0 line
120.0 0 1.6 1.0 NULL
121.6 3 2.0 1.0 circle
123.6 0 1.0 1.0 NULL
124.6 4 2.0 1.0 triangle
126.6 0 1.1 1.0 NULL
127.69999999999999 1 2.0 1.0 line
129.7 0 1.3 1.0 NULL
