0.0 0 1.2 1.0 NULL
1.2 1 2.0 1.0 line
3.2 0 1.1 1.0 NULL
4.300000000000001 4 2.0 1.0 triangle
6.300000000000001 0 1.2 1.0 NULL
7.500000000000001 4 2.0 1.0 triangle
9.5 0 1.6 1.0 NULL
11.1 3 2.0 1.0 circle
13.100000000000001 0 1.0 1.0 NULL
14.100000000000001 1 2.0 1.0 line
16.1 0 1.5 1.0 NULL
17.6 1 2.0 1.0 line
19.6 0 1.2 1.0 NULL
20.8 1 2.0 1.0 line
22.8 0 1.0 1.0 NULL
23.8 2 2.0 1.0 square
25.8 0 1.0 1.0 NULL
26.8 3 2.0 1.0 circle
28.8 0 1.3 1.0 NULL
30.1 1 2.0 1.0 line
32.1 0 1.0 1.0 NULL
33.1 3 2.0 1.0 circle
35.1 0 1.4 1.0 NULL
36.5 3 2.0 1.0 circle
38.5 0 1.0 1.0 NULL
39.5 4 2.0 1.0 triangle
41.5 0 1.0 1.0 NULL
42.5 2 2.0 1.0 square
44.5 0 1.5 1.0 NULL
46.0 4 2.0 1.0 triangle
48.0 0 1.0 1.0 NULL
49.0 1 2.0 1.0 line
51.0 0 1.0 1.0 NULL
52.0 3 2.0 1.0 circle
54.0 0 1.4 1.0 NULL
55.4 2 2.0 1.0 square
57.4 0 1.3 1.0 NULL
58.699999999999996 1 2.0 1.0 line
60.699999999999996 0 2.0 1.0 NULL
62.699999999999996 4 2.0 1.0 triangle
64.7 0 1.1 1.0 NULL
65.8 3 2.0 1.0 circle
67.8 0 1.2 1.0 NULL
69.0 3 2.0 1.0 circle
71.0 0 1.1 1.0 NULL
72.1 4 2.0 1.0 triangle
74.1 0 1.0 1.0 NULL
75.1 4 2.0 1.0 triangle
77.1 0 1.0 1.0 NULL
78.1 2 2.0 1.0 square
80.1 0 2.0 1.0 NULL
82.1 1 2.0 1.0 line
84.1 0 1.2 1.0 NULL
85.3 4 2.0 1.0 triangle
87.3 0 1.1 1.0 NULL
88.39999999999999 1 2.0 1.0 line
90.4 0 1.9 1.0 NULL
92.30000000000001 4 2.0 1.0 triangle
94.30000000000001 0 1.3 1.0 NULL
95.60000000000001 4 2.0 1.0 triangle
97.60000000000001 0 1.2 1.0 NULL
98.80000000000001 3 2.0 1.0 circle
100.80000000000001 0 1.1 1.0 NULL
101.9 1 2.0 1.0 line
103.9 0 1.3 1.0 NULL
105.2 2 2.0 1.0 square
107.2 0 1.3 1.0 NULL
108.5 2 2.0 1.0 square
110.5 0 1.2 1.0 NULL
111.7 3 2.0 1.0 circle
113.7 0 1.1 1.0 NULL
114.8 2 2.0 1.0 square
116.8 0 1.0 1.0 NULL
117.8 2 2.0 1.0 square
119.8 0 1.1 1.0 NULL
120.89999999999999 2 2.0 1.0 square
122.89999999999999 0 1.6 1.0 NULL
124.49999999999999 3 2.0 1.0 circle
126.49999999999999 0 1.2 1.0 NULL
127.69999999999999 2 2.0 1.0 square
129.7 0 1.5 1.0 NULL
