0.0 0 1.0 1.0 NULL
1.0 3 2.0 1.0 circle
3.0 0 1.3 1.0 NULL
4.3 2 2.0 1.0 square
6.3 0 1.2 1.0 NULL
7.5 2 2.0 1.0 square
9.5 0 1.6 1.0 NULL
11.1 2 2.0 1.0 square
13.100000000000001 0 1.0 1.0 NULL
14.100000000000001 2 2.0 1.0 square
16.1 0 1.0 1.0 NULL
17.1 3 2.0 1.0 circle
19.1 0 1.0 1.0 NULL
20.1 1 2.0 1.0 line
22.1 0 1.1 1.0 NULL
23.200000000000003 3 2.0 1.0 circle
25.200000000000003 0 1.3 1.0 NULL
26.500000000000004 1 2.0 1.0 line
28.500000000000004 0 1.1 1.0 NULL
29.600000000000005 1 2.0 1.0 line
31.600000000000005 0 1.7 1.0 NULL
33.300000000000004 3 2.0 1.0 circle
35.300000000000004 0 1.6 1.0 NULL
36.900000000000006 3 2.0 1.0 circle
38.900000000000006 0 1.1 1.0 NULL
40.00000000000001 4 2.0 1.0 triangle
42.00000000000001 0 1.0 1.0 NULL
43.00000000000001 2 2.0 1.0 square
45.00000000000001 0 2.0 1.0 NULL
47.00000000000001 2 2.0 1.0 square
49.00000000000001 0 1.0 1.0 NULL
50.00000000000001 1 2.0 1.0 line
52.0 0 1.3 1.0 NULL
53.3 1 2.0 1.0 line
55.3 0 1.1 1.0 NULL
56.4 2 2.0 1.0 square
58.4 0 1.3 1.0 NULL
59.699999999999996 2 2.0 1.0 square
61.699999999999996 0 1.2 1.0 NULL
62.9 4 2.0 1.0 triangle
64.9 0 1.0 1.0 NULL
65.9 4 2.0 1.0 triangle
67.9 0 1.0 1.0 NULL
68.9 4 2.0 1.0 triangle
70.9 0 1.2 1.0 NULL
72.10000000000001 1 2.0 1.0 line
74.10000000000001 0 1.4 1.0 NULL
75.50000000000001 4 2.0 1.0 triangle
77.5 0 1.4 1.0 NULL
78.9 2 2.0 1.0 square
80.9 0 1.1 1.0 NULL
82.0 3 2.0 1.0 circle
84.0 0 1.0 1.0 NULL
85.0 3 2.0 1.0 circle
87.0 0 1.0 1.0 NULL
88.0 4 2.0 1.0 triangle
90.0 0 1.1 1.0 NULL
91.1 1 2.0 1.0 line
93.1 0 1.0 1.0 NULL
94.1 3 2.0 1.0 circle
96.1 0 1.4 1.0 NULL
97.5 4 2.0 1.0 triangle
99.5 0 2.0 1.0 NULL
101.5 3 2.0 1.0 circle
103.5 0 2.0 1.0 NULL
105.5 1 2.0 1.0 line
107.5 0 1.0 1.0 NULL
108.5 1 2.0 1.0 line
110.5 0 1.2 1.0 NULL
111.7 4 2.0 1.0 triangle
113.7 0 1.1 1.0 NULL
114.8 3 2.0 1.0 circle
116.8 0 1.2 1.0 NULL
118.0 2 2.0 1.0 square
120.0 0 1.8 1.0 NULL
121.8 4 2.0 1.0 triangle
123.8 0 1.0 1.0 NULL
124.8 1 2.0 1.0 line
126.8 0 1.2 1.0 NULL
128.0 4 2.0 1.0 triangle
130.0 0 1.0 1.0 NULL
