0.0 0 1.0 1.0 NULL
1.0 1 2.0 1.0 line
3.0 0 1.1 1.0 NULL
4.1 2 2.0 1.0 square
6.1 0 1.8 1.0 NULL
7.8999999999999995 1 2.0 1.0 line
9.899999999999999 0 1.0 1.0 NULL
10.899999999999999 2 2.0 1.0 square
12.899999999999999 0 1.0 1.0 NULL
13.899999999999999 2 2.0 1.0 square
15.899999999999999 0 1.2 1.0 NULL
17.099999999999998 4 2.0 1.0 triangle
19.099999999999998 0 1.0 1.0 NULL
20.099999999999998 4 2.0 1.0 triangle
22.099999999999998 0 1.6 1.0 NULL
23.7 2 2.0 1.0 square
25.7 0 1.1 1.0 NULL
26.8 2 2.0 1.0 square
28.8 0 1.2 1.0 NULL
30.0 4 2.0 1.0 triangle
32.0 0 1.0 1.0 NULL
33.0 3 2.0 1.0 circle
35.0 0 1.5 1.0 NULL
36.5 4 2.0 1.0 triangle
38.5 0 1.5 1.0 NULL
40.0 4 2.0 1.0 triangle
42.0 0 2.0 1.0 NULL
44.0 3 2.0 1.0 circle
46.0 0 1.0 1.0 NULL
47.0 1 2.0 1.0 line
49.0 0 1.1 1.0 NULL
50.1 4 2.0 1.0 triangle
52.1 0 1.2 1.0 NULL
53.300000000000004 1 2.0 1.0 line
55.300000000000004 0 1.0 1.0 NULL
56.300000000000004 3 2.0 1.0 circle
58.300000000000004 0 1.2 1.0 NULL
59.50000000000001 3 2.0 1.0 circle
61.50000000000001 0 1.0 1.0 NULL
62.50000000000001 4 2.0 1.0 triangle
64.5 0 1.4 1.0 NULL
65.9 2 2.0 1.0 square
67.9 0 1.0 1.0 NULL
68.9 1 2.0 1.0 line
70.9 0 1.1 1.0 NULL
72.0 1 2.0 1.0 line
74.0 0 1.0 1.0 NULL
75.0 4 2.0 1.0 triangle
77.0 0 1.1 1.0 NULL
78.1 1 2.0 1.0 line
80.1 0 1.3 1.0 NULL
81.39999999999999 1 2.0 1.0 line
83.39999999999999 0 2.0 1.0 NULL
85.39999999999999 3 2.0 1.0 circle
87.39999999999999 0 1.0 1.0 NULL
88.39999999999999 2 2.0 1.0 square
90.39999999999999 0 1.3 1.0 NULL
91.69999999999999 3 2.0 1.0 circle
93.69999999999999 0 1.7 1.0 NULL
95.39999999999999 4 2.0 1.0 triangle
97.39999999999999 0 1.0 1.0 NULL
98.39999999999999 3 2.0 1.0 circle
100.39999999999999 0 1.2 1.0 NULL
101.6 2 2.0 1.0 square
103.6 0 1.2 1.0 NULL
104.8 1 2.0 1.0 line
106.8 0 1.6 1.0 NULL
108.39999999999999 1 2.0 1.0 line
110.39999999999999 0 1.3 1.0 NULL
111.69999999999999 2 2.0 1.0 square
113.69999999999999 0 1.0 1.0 NULL
114.69999999999999 3 2.0 1.0 circle
116.69999999999999 0 1.0 1.0 NULL
117.69999999999999 3 2.0 1.0 circle
119.69999999999999 0 1.6 1.0 NULL
121.29999999999998 2 2.0 1.0 square
123.29999999999998 0 1.1 1.0 NULL
124.39999999999998 4 2.0 1.0 triangle
126.39999999999998 0 1.1 1.0 NULL
127.49999999999997 3 2.0 1.0 circle
129.5 0 1.5 1.0 NULL
