0.0 0 1.3 1.0 NULL
1.3 4 2.0 1.0 triangle
3.3 0 1.0 1.0 NULL
4.3 3 2.0 1.0 circle
6.3 0 1.1 1.0 NULL
7.4 1 2.0 1.0 line
9.4 0 1.2 1.0 NULL
10.6 2 2.0 1.0 square
12.600000000000001 0 1.6 1.0 NULL
14.200000000000001 4 2.0 1.0 triangle
16.200000000000003 0 1.0 1.0 NULL
17.200000000000003 1 2.0 1.0 line
19.200000000000003 0 1.1 1.0 NULL
20.300000000000004 2 2.0 1.0 square
22.300000000000004 0 2.0 1.0 NULL
24.300000000000004 3 2.0 1.0 circle
26.3 0 1.0 1.0 NULL
27.3 1 2.0 1.0 line
29.3 0 1.0 1.0 NULL
30.3 1 2.0 1.0 line
32.3 0 1.6 1.0 NULL
33.9 2 2.0 1.0 square
35.9 0 1.0 1.0 NULL
36.9 4 2.0 1.0 triangle
38.9 0 1.1 1.0 NULL
40.0 2 2.0 1.0 square
42.0 0 1.7 1.0 NULL
43.7 1 2.0 1.0 line
45.7 0 1.3 1.0 NULL
47.0 1 2.0 1.0 line
49.0 0 1.1 1.0 NULL
50.1 3 2.0 1.0 circle
52.1 0 1.0 1.0 NULL
53.1 1 2.0 1.0 line
55.1 0 1.6 1.0 NULL
56.7 4 2.0 1.0 triangle
58.7 0 1.1 1.0 NULL
59.800000000000004 4 2.0 1.0 triangle
61.800000000000004 0 1.8 1.0 NULL
63.6 4 2.0 1.0 triangle
65.6 0 1.0 1.0 NULL
66.6 3 2.0 1.0 circle
68.6 0 1.3 1.0 NULL
69.89999999999999 4 2.0 1.0 triangle
71.89999999999999 0 1.1 1.0 NULL
72.99999999999999 3 2.0 1.0 circle
74.99999999999999 0 1.2 1.0 NULL
76.19999999999999 1 2.0 1.0 line
78.2 0 1.4 1.0 NULL
79.60000000000001 1 2.0 1.0 line
81.60000000000001 0 1.7 1.0 NULL
83.30000000000001 3 2.0 1.0 circle
85.30000000000001 0 1.0 1.0 NULL
86.30000000000001 3 2.0 1.0 circle
88.30000000000001 0 1.1 1.0 NULL
89.4 3 2.0 1.0 circle
91.4 0 1.6 1.0 NULL
93.0 3 2.0 1.0 circle
95.0 0 1.4 1.0 NULL
96.4 2 2.0 1.0 square
98.4 0 1.2 1.0 NULL
99.60000000000001 3 2.0 1.0 circle
101.60000000000001 0 1.0 1.0 NULL
102.60000000000001 4 2.0 1.0 triangle
104.6 0 1.0 1.0 NULL
105.6 2 2.0 1.0 square
107.6 0 1.0 1.0 NULL
108.6 2 2.0 1.0 square
110.6 0 1.1 1.0 NULL
111.69999999999999 2 2.0 1.0 square
113.69999999999999 0 1.3 1.0 NULL
114.99999999999999 4 2.0 1.0 triangle
117.0 0 1.6 1.0 NULL
118.6 2 2.0 1.0 square
120.6 0 1.4 1.0 NULL
122.0 4 2.0 1.0 triangle
124.0 0 1.1 1.0 NULL
125.1 2 2.0 1.0 square
127.1 0 1.0 1.0 NULL
128.1 1 2.0 1.0 line
130.10000000000002 0 1.2 1.0 NULL
