0.0 0 1.0 1.0 NULL
1.0 3 2.0 1.0 circle
3.0 0 1.1 1.0 NULL
4.1 1 2.0 1.0 line
6.1 0 1.2 1.0 NULL
7.3 4 2.0 1.0 triangle
9.3 0 1.0 1.0 NULL
10.3 2 2.0 1.0 square
12.3 0 1.2 1.0 NULL
13.5 4 2.0 1.0 triangle
15.5 0 1.2 1.0 NULL
16.7 1 2.0 1.0 line
18.7 0 1.2 1.0 NULL
19.9 2 2.0 1.0 square
21.9 0 1.1 1.0 NULL
23.0 2 2.0 1.0 square
25.0 0 1.2 1.0 NULL
26.2 4 2.0 1.0 triangle
28.2 0 1.4 1.0 NULL
29.599999999999998 4 2.0 1.0 triangle
31.599999999999998 0 1.4 1.0 NULL
33.0 1 2.0 1.0 line
35.0 0 1.1 1.0 NULL
36.1 2 2.0 1.0 square
38.1 0 1.7 1.0 NULL
39.800000000000004 2 2.0 1.0 square
41.800000000000004 0 1.4 1.0 NULL
43.2 2 2.0 1.0 square
45.2 0 1.3 1.0 NULL
46.5 4 2.0 1.0 triangle
48.5 0 1.0 1.0 NULL
49.5 1 2.0 1.0 line
51.5 0 2.0 1.0 NULL
53.5 1 2.0 1.0 line
55.5 0 1.1 1.0 NULL
56.6 3 2.0 1.0 circle
58.6 0 1.0 1.0 NULL
59.6 3 2.0 1.0 circle
61.6 0 1.2 1.0 NULL
62.800000000000004 4 2.0 1.0 triangle
64.8 0 1.9 1.0 NULL
66.7 2 2.0 1.0 square
68.7 0 1.0 1.0 NULL
69.7 3 2.0 1.0 circle
71.7 0 1.3 1.0 NULL
73.0 4 2.0 1.0 triangle
75.0 0 1.0 1.0 NULL
76.0 2 2.0 1.0 square
78.0 0 1.2 1.0 NULL
79.2 2 2.0 1.0 square
81.2 0 1.4 1.0 NULL
82.60000000000001 1 2.0 1.0 line
84.60000000000001 0 1.2 1.0 NULL
85.80000000000001 1 2.0 1.0 line
87.80000000000001 0 1.1 1.0 NULL
88.9 4 2.0 1.0 triangle
90.9 0 1.4 1.0 NULL
92.30000000000001 3 2.0 1.0 circle
94.30000000000001 0 1.0 1.0 NULL
95.30000000000001 1 2.0 1.0 line
97.30000000000001 0 1.0 1.0 NULL
98.30000000000001 3 2.0 1.0 circle
100.30000000000001 0 1.3 1.0 NULL
101.60000000000001 3 2.0 1.0 circle
103.60000000000001 0 1.7 1.0 NULL
105.30000000000001 4 2.0 1.0 triangle
107.30000000000001 0 1.4 1.0 NULL
108.70000000000002 1 2.0 1.0 line
110.70000000000002 0 1.6 1.0 NULL
112.30000000000001 3 2.0 1.0 circle
114.30000000000001 0 1.0 1.0 NULL
115.30000000000001 4 2.0 1.0 triangle
117.3 0 1.2 1.0 NULL
118.5 3 2.0 1.0 circle
120.5 0 1.0 1.0 NULL
121.5 1 2.0 1.0 line
123.5 0 1.2 1.0 NULL
124.7 2 2.0 1.0 square
126.7 0 1.2 1.0 NULL
127.9 3 2.0 1.0 circle
129.9 0 1.1 1.0 NULL
