0.0 0 1.1 1.0 NULL
1.1 2 2.0 1.0 square
3.1 0 1.0 1.0 NULL
4.1 1 2.0 1.0 line
6.1 0 2.0 1.0 NULL
8.1 3 2.0 1.0 circle
10.1 0 1.0 1.0 NULL
11.1 1 2.0 1.0 line
13.1 0 1.5 1.0 NULL
14.6 3 2.0 1.0 circle
16.6 0 1.2 1.0 NULL
17.8 4 2.0 1.0 triangle
19.8 0 1.3 1.0 NULL
21.1 2 2.0 1.0 square
23.1 0 1.0 1.0 NULL
24.1 3 2.0 1.0 circle
26.1 0 1.0 1.0 NULL
27.1 2 2.0 1.0 square
29.1 0 1.1 1.0 NULL
30.200000000000003 4 2.0 1.0 triangle
32.2 0 1.3 1.0 NULL
33.5 3 2.0 1.0 circle
35.5 0 1.3 1.0 NULL
36.8 3 2.0 1.0 circle
38.8 0 1.2 1.0 NULL
40.0 4 2.0 1.0 triangle
42.0 0 1.0 1.0 NULL
43.0 3 2.0 1.0 circle
45.0 0 1.3 1.0 NULL
46.3 1 2.0 1.0 line
48.3 0 1.9 1.0 NULL
50.199999999999996 4 2.0 1.0 triangle
52.2 0 1.1 1.0 NULL
53.300000000000004 3 2.0 1.0 circle
55.300000000000004 0 1.3 1.0 NULL
56.6 4 2.0 1.0 triangle
58.6 0 1.6 1.0 NULL
60.2 4 2.0 1.0 triangle
62.2 0 1.0 1.0 NULL
63.2 2 2.0 1.0 square
65.2 0 1.0 1.0 NULL
66.2 4 2.0 1.0 triangle
68.2 0 1.1 1.0 NULL
69.3 4 2.0 1.0 triangle
71.3 0 1.5 1.0 NULL
72.8 3 2.0 1.0 circle
74.8 0 1.5 1.0 NULL
76.3 2 2.0 1.0 square
78.30000000000001 0 1.6 1.0 NULL
79.9 1 2.0 1.0 line
81.9 0 1.0 1.0 NULL
82.9 1 2.0 1.0 line
84.9 0 1.4 1.0 NULL
86.30000000000001 2 2.0 1.0 square
88.30000000000001 0 1.1 1.0 NULL
89.4 2 2.0 1.0 square
91.4 0 1.2 1.0 NULL
92.60000000000001 1 2.0 1.0 line
94.60000000000001 0 1.1 1.0 NULL
95.7 1 2.0 1.0 line
97.7 0 1.4 1.0 NULL
99.10000000000001 1 2.0 1.0 line
101.10000000000001 0 1.0 1.0 NULL
102.10000000000001 1 2.0 1.0 line
104.1 0 1.5 1.0 NULL
105.6 4 2.0 1.0 triangle
107.6 0 1.9 1.0 NULL
109.5 3 2.0 1.0 circle
111.5 0 1.0 1.0 NULL
112.5 3 2.0 1.0 circle
114.5 0 1.1 1.0 NULL
115.6 1 2.0 1.0 line
117.60000000000001 0 1.1 1.0 NULL
118.7 2 2.0 1.0 square
120.7 0 1.0 1.0 NULL
121.7 4 2.0 1.0 triangle
123.7 0 1.1 1.0 NULL
124.8 2 2.0 1.0 square
126.8 0 1.1 1.0 NULL
127.89999999999999 2 2.0 1.0 square
129.9 0 1.2 1.0 NULL
