0.0 0 2.0 1.0 NULL
2.0 1 2.0 1.0 line
4.0 0 1.6 1.0 NULL
5.6 2 2.0 1.0 square
7.6 0 1.5 1.0 NULL
9.1 4 2.0 1.0 triangle
11.1 0 1.0 1.0 NULL
12.1 2 2.0 1.0 square
14.1 0 1.0 1.0 NULL
15.1 4 2.0 1.0 triangle
17.1 0 1.2 1.0 NULL
18.3 4 2.0 1.0 triangle
20.3 0 1.2 1.0 NULL
21.5 1 2.0 1.0 line
23.5 0 1.0 1.0 NULL
24.5 3 2.0 1.0 circle
26.5 0 1.4 1.0 NULL
27.9 4 2.0 1.0 triangle
29.9 0 1.4 1.0 NULL
31.299999999999997 3 2.0 1.0 circle
33.3 0 1.1 1.0 NULL
34.4 4 2.0 1.0 triangle
36.4 0 1.0 1.0 NULL
37.4 3 2.0 1.0 circle
39.400000000000006 0 1.8 1.0 NULL
41.2 1 2.0 1.0 line
43.2 0 1.2 1.0 NULL
44.400000000000006 1 2.0 1.0 line
46.400000000000006 0 1.2 1.0 NULL
47.60000000000001 4 2.0 1.0 triangle
49.60000000000001 0 1.0 1.0 NULL
50.60000000000001 1 2.0 1.0 line
52.599999999999994 0 1.0 1.0 NULL
53.599999999999994 2 2.0 1.0 square
55.599999999999994 0 1.1 1.0 NULL
56.699999999999996 4 2.0 1.0 triangle
58.699999999999996 0 1.2 1.0 NULL
59.9 3 2.0 1.0 circle
61.9 0 1.4 1.0 NULL
63.3 1 2.0 1.0 line
65.30000000000001 0 1.1 1.0 NULL
66.4 3 2.0 1.0 circle
68.4 0 2.0 1.0 NULL
70.4 2 2.0 1.0 square
72.4 0 1.1 1.0 NULL
73.5 2 2.0 1.0 square
75.5 0 1.0 1.0 NULL
76.5 2 2.0 1.0 square
78.5 0 1.4 1.0 NULL
79.9 2 2.0 1.0 square
81.9 0 1.1 1.0 NULL
83.0 4 2.0 1.0 triangle
85.0 0 1.9 1.0 NULL
86.9 3 2.0 1.0 circle
88.9 0 1.0 1.0 NULL
89.9 4 2.0 1.0 triangle
91.9 0 1.7 1.0 NULL
93.60000000000001 2 2.0 1.0 square
95.60000000000001 0 1.5 1.0 NULL
97.10000000000001 4 2.0 1.0 triangle
99.10000000000001 0 1.0 1.0 NULL
100.10000000000001 3 2.0 1.0 circle
102.10000000000001 0 1.2 1.0 NULL
103.30000000000001 1 2.0 1.0 line
105.30000000000001 0 1.0 1.0 NULL
106.30000000000001 3 2.0 1.0 circle
108.30000000000001 0 1.1 1.0 NULL
109.4 1 2.0 1.0 line
111.4 0 1.5 1.0 NULL
112.9 2 2.0 1.0 square
114.9 0 1.0 1.0 NULL
115.9 3 2.0 1.0 circle
117.9 0 1.3 1.0 NULL
119.2 2 2.0 1.0 square
121.2 0 1.2 1.0 NULL
122.4 1 2.0 1.0 line
124.4 0 1.0 1.0 NULL
125.4 3 2.0 1.0 circle
127.4 0 1.6 1.0 NULL
129.0 1 2.0 1.0 line
131.0 0 1.0 1.0 NULL
