0.0 0 1.0 1.0 NULL
1.0 1 2.0 1.0 line
3.0 0 1.0 1.0 NULL
4.0 4 2.0 1.0 triangle
6.0 0 1.0 1.0 NULL
7.0 3 2.0 1.0 circle
9.0 0 1.1 1.0 NULL
10.1 1 2.0 1.0 line
12.1 0 1.7 1.0 NULL
13.799999999999999 3 2.0 1.0 circle
15.799999999999999 0 1.4 1.0 NULL
17.2 2 2.0 1.0 square
19.2 0 1.4 1.0 NULL
20.599999999999998 2 2.0 1.0 square
22.599999999999998 0 1.1 1.0 NULL
23.7 1 2.0 1.0 line
25.700000000000003 0 1.7 1.0 NULL
27.400000000000002 2 2.0 1.0 square
29.400000000000002 0 1.7 1.0 NULL
31.1 2 2.0 1.0 square
33.1 0 1.1 1.0 NULL
34.2 4 2.0 1.0 triangle
36.2 0 1.5 1.0 NULL
37.7 2 2.0 1.0 square
39.7 0 1.1 1.0 NULL
40.800000000000004 3 2.0 1.0 circle
42.800000000000004 0 1.0 1.0 NULL
43.800000000000004 2 2.0 1.0 square
45.800000000000004 0 1.8 1.0 NULL
47.6 2 2.0 1.0 square
49.6 0 1.1 1.0 NULL
50.7 2 2.0 1.0 square
52.7 0 1.0 1.0 NULL
53.7 1 2.0 1.0 line
55.7 0 1.2 1.0 NULL
56.900000000000006 3 2.0 1.0 circle
58.900000000000006 0 1.3 1.0 NULL
60.2 4 2.0 1.0 triangle
62.2 0 1.1 1.0 NULL
63.300000000000004 1 2.0 1.0 line
65.3 0 1.9 1.0 NULL
67.2 3 2.0 1.0 circle
69.2 0 1.0 1.0 NULL
70.2 3 2.0 1.0 circle
72.2 0 1.0 1.0 NULL
73.2 4 2.0 1.0 triangle
75.2 0 1.0 1.0 NULL
76.2 2 2.0 1.0 square
78.2 0 1.0 1.0 NULL
79.2 4 2.0 1.0 triangle
81.2 0 1.4 1.0 NULL
82.60000000000001 1 2.0 1.0 line
84.60000000000001 0 1.0 1.0 NULL
85.60000000000001 3 2.0 1.0 circle
87.60000000000001 0 1.0 1.0 NULL
88.60000000000001 1 2.0 1.0 line
90.6 0 1.5 1.0 NULL
92.1 4 2.0 1.0 triangle
94.1 0 1.3 1.0 NULL
95.39999999999999 1 2.0 1.0 line
97.39999999999999 0 1.1 1.0 NULL
98.49999999999999 2 2.0 1.0 square
100.49999999999999 0 1.0 1.0 NULL
101.49999999999999 4 2.0 1.0 triangle
103.5 0 1.9 1.0 NULL
105.4 1 2.0 1.0 line
107.4 0 1.1 1.0 NULL
108.5 1 2.0 1.0 line
110.5 0 1.3 1.0 NULL
111.8 3 2.0 1.0 circle
113.8 0 1.4 1.0 NULL
115.2 4 2.0 1.0 triangle
117.2 0 1.1 1.0 NULL
118.3 3 2.0 1.0 circle
120.3 0 1.0 1.0 NULL
121.3 4 2.0 1.0 triangle
123.3 0 1.2 1.0 NULL
124.5 3 2.0 1.0 circle
126.5 0 1.3 1.0 NULL
127.8 4 2.0 1.0 triangle
129.8 0 1.2 1.0 NULL
