0.0 0 1.1 1.0 NULL
1.1 3 2.0 1.0 circle
3.1 0 1.0 1.0 NULL
4.1 1 2.0 1.0 line
6.1 0 1.2 1.0 NULL
7.3 3 2.0 1.0 circle
9.3 0 1.4 1.0 NULL
10.700000000000001 2 2.0 1.0 square
12.7 0 1.1 1.0 NULL
13.799999999999999 4 2.0 1.0 triangle
15.799999999999999 0 1.2 1.0 NULL
17.0 1 2.0 1.0 line
19.0 0 1.0 1.0 NULL
20.0 2 2.0 1.0 square
22.0 0 1.0 1.0 NULL
23.0 4 2.0 1.0 triangle
25.0 0 1.2 1.0 NULL
26.2 4 2.0 1.0 triangle
28.2 0 1.9 1.0 NULL
30.099999999999998 2 2.0 1.0 square
32.099999999999994 0 1.2 1.0 NULL
33.3 3 2.0 1.0 circle
35.3 0 1.5 1.0 NULL
36.8 2 2.0 1.0 square
38.8 0 1.4 1.0 NULL
40.199999999999996 2 2.0 1.0 square
42.199999999999996 0 1.0 1.0 NULL
43.199999999999996 2 2.0 1.0 square
45.199999999999996 0 1.1 1.0 NULL
46.3 4 2.0 1.0 triangle
48.3 0 1.6 1.0 NULL
49.9 1 2.0 1.0 line
51.9 0 1.3 1.0 NULL
53.199999999999996 4 2.0 1.0 triangle
55.199999999999996 0 1.4 1.0 NULL
56.599999999999994 2 2.0 1.0 square
58.599999999999994 0 1.2 1.0 NULL
59.8 3 2.0 1.0 circle
61.8 0 1.0 1.0 NULL
62.8 3 2.0 1.0 circle
64.80000000000001 0 2.0 1.0 NULL
66.80000000000001 1 2.0 1.0 line
68.80000000000001 0 1.1 1.0 NULL
69.9 2 2.0 1.0 square
71.9 0 1.3 1.0 NULL
73.2 4 2.0 1.0 triangle
75.2 0 1.0 1.0 NULL
76.2 4 2.0 1.0 triangle
78.2 0 1.2 1.0 NULL
79.4 2 2.0 1.0 square
81.4 0 1.1 1.0 NULL
82.5 2 2.0 1.0 square
84.5 0 1.7 1.0 NULL
86.2 4 2.0 1.0 triangle
88.2 0 1.1 1.0 NULL
89.3 1 2.0 1.0 line
91.3 0 1.3 1.0 NULL
92.6 1 2.0 1.0 line
94.6 0 1.0 1.0 NULL
95.6 3 2.0 1.0 circle
97.6 0 1.3 1.0 NULL
98.89999999999999 3 2.0 1.0 circle
100.89999999999999 0 1.2 1.0 NULL
102.1 1 2.0 1.0 line
104.1 0 1.0 1.0 NULL
105.1 1 2.0 1.0 line
107.1 0 1.1 1.0 NULL
108.19999999999999 1 2.0 1.0 line
110.19999999999999 0 1.1 1.0 NULL
111.29999999999998 3 2.0 1.0 circle
113.29999999999998 0 1.3 1.0 NULL
114.59999999999998 1 2.0 1.0 line
116.6 0 1.1 1.0 NULL
117.69999999999999 4 2.0 1.0 triangle
119.69999999999999 0 1.4 1.0 NULL
121.1 3 2.0 1.0 circle
123.1 0 1.2 1.0 NULL
124.3 3 2.0 1.0 circle
126.3 0 1.0 1.0 NULL
127.3 4 2.0 1.0 triangle
129.3 0 1.8 1.0 NULL
