0.0 0 1.6 1.0 NULL
1.6 3 2.0 1.0 circle
3.6 0 1.0 1.0 NULL
4.6 4 2.0 1.0 triangle
6.6 0 2.0 1.0 NULL
8.6 2 2.0 1.0 square
10.6 0 1.5 1.0 NULL
12.1 4 2.0 1.0 triangle
14.1 0 1.1 1.0 NULL
15.2 2 2.0 1.0 square
17.2 0 1.3 1.0 NULL
18.5 1 2.0 1.0 line
20.5 0 1.0 1.0 NULL
21.5 2 2.0 1.0 square
23.5 0 1.5 1.0 NULL
25.0 1 2.0 1.0 line
27.0 0 1.3 1.0 NULL
28.3 2 2.0 1.0 square
30.3 0 1.0 1.0 NULL
31.3 3 2.0 1.0 circle
33.3 0 1.5 1.0 NULL
34.8 4 2.0 1.0 triangle
36.8 0 1.0 1.0 NULL
37.8 1 2.0 1.0 line
39.8 0 1.1 1.0 NULL
40.9 3 2.0 1.0 circle
42.9 0 1.0 1.0 NULL
43.9 3 2.0 1.0 circle
45.9 0 1.2 1.0 NULL
47.1 1 2.0 1.0 line
49.1 0 1.5 1.0 NULL
50.6 2 2.0 1.0 square
52.599999999999994 0 1.0 1.0 NULL
53.599999999999994 3 2.0 1.0 circle
55.599999999999994 0 1.1 1.0 NULL
56.699999999999996 1 2.0 1.0 line
58.699999999999996 0 1.0 1.0 NULL
59.699999999999996 1 2.0 1.0 line
61.699999999999996 0 1.2 1.0 NULL
62.9 3 2.0 1.0 circle
64.9 0 1.4 1.0 NULL
66.30000000000001 4 2.0 1.0 triangle
68.30000000000001 0 1.6 1.0 NULL
69.9 3 2.0 1.0 circle
71.9 0 1.3 1.0 NULL
73.2 4 2.0 1.0 triangle
75.2 0 1.0 1.0 NULL
76.2 2 2.0 1.0 square
78.2 0 1.1 1.0 NULL
79.3 4 2.0 1.0 triangle
81.3 0 1.6 1.0 NULL
82.89999999999999 1 2.0 1.0 line
84.89999999999999 0 1.1 1.0 NULL
85.99999999999999 4 2.0 1.0 triangle
87.99999999999999 0 1.2 1.0 NULL
89.19999999999999 3 2.0 1.0 circle
91.2 0 1.1 1.0 NULL
92.3 1 2.0 1.0 line
94.3 0 1.0 1.0 NULL
95.3 1 2.0 1.0 line
97.3 0 1.6 1.0 NULL
98.89999999999999 3 2.0 1.0 circle
100.89999999999999 0 1.2 1.0 NULL
102.1 2 2.0 1.0 square
104.1 0 1.9 1.0 NULL
106.0 4 2.0 1.0 triangle
108.0 0 1.0 1.0 NULL
109.0 4 2.0 1.0 triangle
111.0 0 1.2 1.0 NULL
112.2 2 2.0 1.0 square
114.2 0 1.8 1.0 NULL
116.0 2 2.0 1.0 square
118.0 0 1.0 1.0 NULL
119.0 3 2.0 1.0 circle
121.0 0 1.3 1.0 NULL
122.3 1 2.0 1.0 line
124.3 0 1.0 1.0 NULL
125.3 4 2.0 1.0 triangle
127.3 0 1.2 1.0 NULL
128.5 2 2.0 1.0 square
130.5 0 1.1 1.0 NULL
