0.0 0 1.4 1.0 NULL
1.4 2 2.0 1.0 square
3.4 0 1.3 1.0 NULL
4.7 1 2.0 1.0 line
6.7 0 1.0 1.0 NULL
7.7 2 2.0 1.0 square
9.7 0 1.2 1.0 NULL
10.899999999999999 4 2.0 1.0 triangle
12.899999999999999 0 1.0 1.0 NULL
13.899999999999999 3 2.0 1.0 circle
15.899999999999999 0 1.0 1.0 NULL
16.9 1 2.0 1.0 line
18.9 0 1.9 1.0 NULL
20.799999999999997 1 2.0 1.0 line
22.799999999999997 0 1.0 1.0 NULL
23.799999999999997 1 2.0 1.0 line
25.8 0 1.1 1.0 NULL
26.900000000000002 2 2.0 1.0 square
28.900000000000002 0 1.9 1.0 NULL
30.8 2 2.0 1.0 square
32.8 0 1.2 1.0 NULL
34.0 3 2.0 1.0 circle
36.0 0 1.6 1.0 NULL
37.6 4 2.0 1.0 triangle
39.599999999999994 0 1.3 1.0 NULL
40.89999999999999 4 2.0 1.0 triangle
42.89999999999999 0 1.2 1.0 NULL
44.099999999999994 4 2.0 1.0 triangle
46.099999999999994 0 1.1 1.0 NULL
47.199999999999996 3 2.0 1.0 circle
49.199999999999996 0 1.0 1.0 NULL
50.199999999999996 3 2.0 1.0 circle
52.2 0 1.0 1.0 NULL
53.2 2 2.0 1.0 square
55.2 0 1.0 1.0 NULL
56.2 1 2.0 1.0 line
58.2 0 1.4 1.0 NULL
59.6 1 2.0 1.0 line
61.6 0 1.2 1.0 NULL
62.800000000000004 2 2.0 1.0 square
64.80000000000001 0 1.1 1.0 NULL
65.9 3 2.0 1.0 circle
67.9 0 1.4 1.0 NULL
69.30000000000001 4 2.0 1.0 triangle
71.30000000000001 0 1.0 1.0 NULL
72.30000000000001 4 2.0 1.0 triangle
74.30000000000001 0 1.4 1.0 NULL
75.70000000000002 4 2.0 1.0 triangle
77.69999999999999 0 1.2 1.0 NULL
78.89999999999999 2 2.0 1.0 square
80.89999999999999 0 1.6 1.0 NULL
82.49999999999999 3 2.0 1.0 circle
84.49999999999999 0 1.1 1.0 NULL
85.59999999999998 2 2.0 1.0 square
87.59999999999998 0 1.0 1.0 NULL
88.59999999999998 1 2.0 1.0 line
90.6 0 1.0 1.0 NULL
91.6 4 2.0 1.0 triangle
93.6 0 1.5 1.0 NULL
95.1 1 2.0 1.0 line
97.1 0 1.0 1.0 NULL
98.1 3 2.0 1.0 circle
100.1 0 1.3 1.0 NULL
101.39999999999999 2 2.0 1.0 square
103.4 0 1.3 1.0 NULL
104.7 4 2.0 1.0 triangle
106.7 0 1.5 1.0 NULL
108.2 2 2.0 1.0 square
110.2 0 1.2 1.0 NULL
111.4 3 2.0 1.0 circle
113.4 0 1.0 1.0 NULL
114.4 1 2.0 1.0 line
116.4 0 1.2 1.0 NULL
117.60000000000001 3 2.0 1.0 circle
119.60000000000001 0 1.2 1.0 NULL
120.80000000000001 3 2.0 1.0 circle
122.80000000000001 0 1.9 1.0 NULL
124.70000000000002 4 2.0 1.0 triangle
126.70000000000002 0 1.2 1.0 NULL
127.90000000000002 1 2.0 1.0 line
129.89999999999998 0 1.5 1.0 NULL
