0.0 0 1.0 1.0 NULL
1.0 4 2.0 1.0 triangle
3.0 0 1.0 1.0 NULL
4.0 2 2.0 1.0 square
6.0 0 1.1 1.0 NULL
7.1 4 2.0 1.0 triangle
9.1 0 1.2 1.0 NULL
10.299999999999999 1 2.0 1.0 line
12.3 0 1.5 1.0 NULL
13.8 3 2.0 1.0 circle
15.8 0 1.9 1.0 NULL
17.7 3 2.0 1.0 circle
19.7 0 1.1 1.0 NULL
20.8 1 2.0 1.0 line
22.8 0 2.0 1.0 NULL
24.8 2 2.0 1.0 square
26.8 0 1.0 1.0 NULL
27.8 3 2.0 1.0 circle
29.8 0 1.7 1.0 NULL
31.5 4 2.0 1.0 triangle
33.5 0 1.0 1.0 NULL
34.5 1 2.0 1.0 line
36.5 0 1.0 1.0 NULL
37.5 3 2.0 1.0 circle
39.5 0 1.6 1.0 NULL
41.1 4 2.0 1.0 triangle
43.1 0 1.0 1.0 NULL
44.1 2 2.0 1.0 square
46.1 0 1.2 1.0 NULL
47.300000000000004 3 2.0 1.0 circle
49.300000000000004 0 1.0 1.0 NULL
50.300000000000004 4 2.0 1.0 triangle
52.3 0 1.2 1.0 NULL
53.5 4 2.0 1.0 triangle
55.5 0 1.3 1.0 NULL
56.8 3 2.0 1.0 circle
58.8 0 1.0 1.0 NULL
59.8 1 2.0 1.0 line
61.8 0 1.0 1.0 NULL
62.8 1 2.0 1.0 line
64.80000000000001 0 1.6 1.0 NULL
66.4 2 2.0 1.0 square
68.4 0 1.0 1.0 NULL
69.4 2 2.0 1.0 square
71.4 0 1.0 1.0 NULL
72.4 4 2.0 1.0 triangle
74.4 0 1.0 1.0 NULL
75.4 3 2.0 1.0 circle
77.39999999999999 0 1.0 1.0 NULL
78.39999999999999 1 2.0 1.0 line
80.39999999999999 0 2.0 1.0 NULL
82.39999999999999 1 2.0 1.0 line
84.39999999999999 0 1.0 1.0 NULL
85.39999999999999 2 2.0 1.0 square
87.39999999999999 0 1.1 1.0 NULL
88.49999999999999 1 2.0 1.0 line
90.5 0 1.3 1.0 NULL
91.8 3 2.0 1.0 circle
93.8 0 1.0 1.0 NULL
94.8 3 2.0 1.0 circle
96.8 0 1.1 1.0 NULL
97.89999999999999 2 2.0 1.0 square
99.89999999999999 0 1.8 1.0 NULL
101.69999999999999 2 2.0 1.0 square
103.7 0 1.0 1.0 NULL
104.7 1 2.0 1.0 line
106.7 0 1.1 1.0 NULL
107.8 3 2.0 1.0 circle
109.8 0 1.1 1.0 NULL
110.89999999999999 4 2.0 1.0 triangle
112.89999999999999 0 1.1 1.0 NULL
113.99999999999999 2 2.0 1.0 square
116.0 0 1.3 1.0 NULL
117.3 2 2.0 1.0 square
119.3 0 1.2 1.0 NULL
120.5 1 2.0 1.0 line
122.5 0 1.4 1.0 NULL
123.9 4 2.0 1.0 triangle
125.9 0 1.4 1.0 NULL
127.30000000000001 4 2.0 1.0 triangle
129.29999999999998 0 1.7 1.0 NULL
