0.0 0 1.2 1.0 NULL
1.2 2 2.0 1.0 square
3.2 0 1.5 1.0 NULL
4.7 2 2.0 1.0 square
6.7 0 1.1 1.0 NULL
7.800000000000001 1 2.0 1.0 line
9.8 0 1.2 1.0 NULL
11.0 1 2.0 1.0 line
13.0 0 1.2 1.0 NULL
14.2 4 2.0 1.0 triangle
16.2 0 1.9 1.0 NULL
18.099999999999998 1 2.0 1.0 line
20.099999999999998 0 1.3 1.0 NULL
21.4 1 2.0 1.0 line
23.4 0 1.0 1.0 NULL
24.4 2 2.0 1.0 square
26.400000000000002 0 2.0 1.0 NULL
28.400000000000002 2 2.0 1.0 square
30.400000000000002 0 1.2 1.0 NULL
31.6 1 2.0 1.0 line
33.6 0 1.4 1.0 NULL
35.0 4 2.0 1.0 triangle
37.0 0 1.2 1.0 NULL
38.2 3 2.0 1.0 circle
40.2 0 1.5 1.0 NULL
41.7 3 2.0 1.0 circle
43.7 0 1.8 1.0 NULL
45.5 4 2.0 1.0 triangle
47.5 0 1.0 1.0 NULL
48.5 2 2.0 1.0 square
50.5 0 1.4 1.0 NULL
51.9 1 2.0 1.0 line
53.9 0 1.3 1.0 NULL
55.199999999999996 4 2.0 1.0 triangle
57.199999999999996 0 1.1 1.0 NULL
58.3 1 2.0 1.0 line
60.3 0 1.1 1.0 NULL
61.4 2 2.0 1.0 square
63.4 0 1.1 1.0 NULL
64.5 3 2.0 1.0 circle
66.5 0 1.0 1.0 NULL
67.5 3 2.0 1.0 circle
69.5 0 1.2 1.0 NULL
70.7 2 2.0 1.0 square
72.7 0 1.0 1.0 NULL
73.7 2 2.0 1.0 square
75.7 0 1.0 1.0 NULL
76.7 1 2.0 1.0 line
78.69999999999999 0 1.0 1.0 NULL
79.69999999999999 3 2.0 1.0 circle
81.69999999999999 0 1.0 1.0 NULL
82.69999999999999 1 2.0 1.0 line
84.69999999999999 0 1.4 1.0 NULL
86.1 4 2.0 1.0 triangle
88.1 0 1.0 1.0 NULL
89.1 3 2.0 1.0 circle
91.1 0 1.6 1.0 NULL
92.69999999999999 3 2.0 1.0 circle
94.69999999999999 0 1.2 1.0 NULL
95.89999999999999 4 2.0 1.0 triangle
97.89999999999999 0 1.4 1.0 NULL
99.3 4 2.0 1.0 triangle
101.3 0 1.0 1.0 NULL
102.3 4 2.0 1.0 triangle
104.3 0 1.0 1.0 NULL
105.3 4 2.0 1.0 triangle
107.3 0 1.4 1.0 NULL
108.7 3 2.0 1.0 circle
110.7 0 1.4 1.0 NULL
112.10000000000001 2 2.0 1.0 square
114.10000000000001 0 1.0 1.0 NULL
115.10000000000001 3 2.0 1.0 circle
117.1 0 1.5 1.0 NULL
118.6 4 2.0 1.0 triangle
120.6 0 1.1 1.0 NULL
121.69999999999999 3 2.0 1.0 circle
123.69999999999999 0 1.1 1.0 NULL
124.79999999999998 1 2.0 1.0 line
126.79999999999998 0 1.0 1.0 NULL
127.79999999999998 2 2.0 1.0 square
129.79999999999998 0 1.4 1.0 NULL
