0.0 0 1.1 1.0 NULL
1.1 1 2.0 1.0 line
3.1 0 1.0 1.0 NULL
4.1 3 2.0 1.0 circle
6.1 0 1.0 1.0 NULL
7.1 3 2.0 1.0 circle
9.1 0 1.0 1.0 NULL
10.1 4 2.0 1.0 triangle
12.1 0 1.2 1.0 NULL
13.299999999999999 2 2.0 1.0 square
15.299999999999999 0 1.6 1.0 NULL
16.9 2 2.0 1.0 square
18.9 0 1.0 1.0 NULL
19.9 1 2.0 1.0 line
21.9 0 1.6 1.0 NULL
23.5 1 2.0 1.0 line
25.5 0 1.0 1.0 NULL
26.5 1 2.0 1.0 line
28.5 0 1.1 1.0 NULL
29.6 2 2.0 1.0 square
31.6 0 1.0 1.0 NULL
32.6 1 2.0 1.0 line
34.6 0 1.0 1.0 NULL
35.6 2 2.0 1.0 square
37.6 0 1.3 1.0 NULL
38.9 2 2.0 1.0 square
40.9 0 1.4 1.0 NULL
42.3 1 2.0 1.0 line
44.3 0 1.5 1.0 NULL
45.8 3 2.0 1.0 circle
47.8 0 1.1 1.0 NULL
48.9 3 2.0 1.0 circle
50.9 0 1.0 1.0 NULL
51.9 4 2.0 1.0 triangle
53.9 0 1.2 1.0 NULL
55.1 1 2.0 1.0 line
57.1 0 1.3 1.0 NULL
58.4 3 2.0 1.0 circle
60.4 0 1.7 1.0 NULL
62.1 4 2.0 1.0 triangle
64.1 0 1.3 1.0 NULL
65.39999999999999 4 2.0 1.0 triangle
67.39999999999999 0 1.1 1.0 NULL
68.49999999999999 4 2.0 1.0 triangle
70.49999999999999 0 1.0 1.0 NULL
71.49999999999999 3 2.0 1.0 circle
73.49999999999999 0 1.2 1.0 NULL
74.69999999999999 2 2.0 1.0 square
76.7 0 1.1 1.0 NULL
77.8 4 2.0 1.0 triangle
79.8 0 1.0 1.0 NULL
80.8 2 2.0 1.0 square
82.8 0 2.0 1.0 NULL
84.8 4 2.0 1.0 triangle
86.8 0 1.1 1.0 NULL
87.89999999999999 1 2.0 1.0 line
89.9 0 1.2 1.0 NULL
91.10000000000001 4 2.0 1.0 triangle
93.10000000000001 0 1.6 1.0 NULL
94.7 2 2.0 1.0 square
96.7 0 2.0 1.0 NULL
98.7 3 2.0 1.0 circle
100.7 0 1.1 1.0 NULL
101.8 3 2.0 1.0 circle
103.80000000000001 0 1.8 1.0 NULL
105.60000000000001 3 2.0 1.0 circle
107.60000000000001 0 1.0 1.0 NULL
108.60000000000001 4 2.0 1.0 triangle
110.60000000000001 0 1.0 1.0 NULL
111.60000000000001 1 2.0 1.0 line
113.60000000000001 0 1.1 1.0 NULL
114.7 2 2.0 1.0 square
116.7 0 1.5 1.0 NULL
118.2 4 2.0 1.0 triangle
120.2 0 1.0 1.0 NULL
121.2 3 2.0 1.0 circle
123.2 0 1.0 1.0 NULL
124.2 1 2.0 1.0 line
126.2 0 1.3 1.0 NULL
127.5 2 2.0 1.0 square
129.5 0 1.6 1.0 NULL
