0.0 0 1.3 1.0 NULL
1.3 1 2.0 1.0 line
3.3 0 1.2 1.0 NULL
4.5 3 2.0 1.0 circle
6.5 0 1.3 1.0 NULL
7.8 1 2.0 1.0 line
9.8 0 1.3 1.0 NULL
11.100000000000001 1 2.0 1.0 line
13.1 0 1.0 1.0 NULL
14.1 1 2.0 1.0 line
16.1 0 1.1 1.0 NULL
17.200000000000003 3 2.0 1.0 circle
19.200000000000003 0 1.9 1.0 NULL
21.1 4 2.0 1.0 triangle
23.1 0 1.5 1.0 NULL
24.6 1 2.0 1.0 line
26.6 0 1.7 1.0 NULL
28.3 4 2.0 1.0 triangle
30.3 0 1.0 1.0 NULL
31.3 3 2.0 1.0 circle
33.3 0 1.0 1.0 NULL
34.3 1 2.0 1.0 line
36.3 0 1.1 1.0 NULL
37.4 2 2.0 1.0 square
39.400000000000006 0 1.3 1.0 NULL
40.7 2 2.0 1.0 square
42.7 0 1.0 1.0 NULL
43.7 4 2.0 1.0 triangle
45.7 0 1.6 1.0 NULL
47.300000000000004 2 2.0 1.0 square
49.300000000000004 0 1.0 1.0 NULL
50.300000000000004 3 2.0 1.0 circle
52.300000000000004 0 1.4 1.0 NULL
53.7 1 2.0 1.0 line
55.7 0 1.0 1.0 NULL
56.7 3 2.0 1.0 circle
58.7 0 1.0 1.0 NULL
59.7 3 2.0 1.0 circle
61.7 0 1.1 1.0 NULL
62.800000000000004 1 2.0 1.0 line
64.8 0 1.8 1.0 NULL
66.6 3 2.0 1.0 circle
68.6 0 1.3 1.0 NULL
69.89999999999999 4 2.0 1.0 triangle
71.89999999999999 0 1.1 1.0 NULL
72.99999999999999 3 2.0 1.0 circle
74.99999999999999 0 1.2 1.0 NULL
76.19999999999999 3 2.0 1.0 circle
78.19999999999999 0 1.0 1.0 NULL
79.19999999999999 4 2.0 1.0 triangle
81.19999999999999 0 1.4 1.0 NULL
82.6 2 2.0 1.0 square
84.6 0 1.4 1.0 NULL
86.0 2 2.0 1.0 square
88.0 0 1.0 1.0 NULL
89.0 2 2.0 1.0 square
91.0 0 1.8 1.0 NULL
92.8 4 2.0 1.0 triangle
94.8 0 1.0 1.0 NULL
95.8 2 2.0 1.0 square
97.8 0 1.6 1.0 NULL
99.39999999999999 4 2.0 1.0 triangle
101.39999999999999 0 1.0 1.0 NULL
102.39999999999999 4 2.0 1.0 triangle
104.39999999999999 0 1.3 1.0 NULL
105.69999999999999 1 2.0 1.0 line
107.69999999999999 0 1.0 1.0 NULL
108.69999999999999 4 2.0 1.0 triangle
110.69999999999999 0 1.5 1.0 NULL
112.19999999999999 4 2.0 1.0 triangle
114.19999999999999 0 1.0 1.0 NULL
115.19999999999999 2 2.0 1.0 square
117.19999999999999 0 1.2 1.0 NULL
118.39999999999999 1 2.0 1.0 line
120.39999999999999 0 1.5 1.0 NULL
121.89999999999999 2 2.0 1.0 square
123.89999999999999 0 1.2 1.0 NULL
125.1 2 2.0 1.0 square
127.1 0 1.0 1.0 NULL
128.1 3 2.0 1.0 circle
130.1 0 1.2 1.0 NULL
