0.0 0 1.3 1.0 NULL
1.3 1 2.0 1.0 line
3.3 0 1.1 1.0 NULL
4.4 4 2.0 1.0 triangle
6.4 0 1.0 1.0 NULL
7.4 3 2.0 1.0 circle
9.4 0 1.3 1.0 NULL
10.700000000000001 4 2.0 1.0 triangle
12.7 0 1.0 1.0 NULL
13.7 2 2.0 1.0 square
15.7 0 1.0 1.0 NULL
16.7 1 2.0 1.0 line
18.7 0 1.7 1.0 NULL
20.4 4 2.0 1.0 triangle
22.4 0 1.6 1.0 NULL
24.0 4 2.0 1.0 triangle
26.0 0 1.1 1.0 NULL
27.1 3 2.0 1.0 circle
29.1 0 1.5 1.0 NULL
30.6 2 2.0 1.0 square
32.6 0 1.2 1.0 NULL
33.800000000000004 4 2.0 1.0 triangle
35.800000000000004 0 1.9 1.0 NULL
37.7 2 2.0 1.0 square
39.7 0 1.0 1.0 NULL
40.7 2 2.0 1.0 square
42.7 0 1.0 1.0 NULL
43.7 4 2.0 1.0 triangle
45.7 0 1.3 1.0 NULL
47.0 4 2.0 1.0 triangle
49.0 0 1.4 1.0 NULL
50.4 3 2.0 1.0 circle
52.4 0 1.0 1.0 NULL
53.4 3 2.0 1.0 circle
55.4 0 1.0 1.0 NULL
56.4 1 2.0 1.0 line
58.4 0 1.2 1.0 NULL
59.6 1 2.0 1.0 line
61.6 0 1.1 1.0 NULL
62.7 3 2.0 1.0 circle
64.7 0 1.2 1.0 NULL
65.9 2 2.0 1.0 square
67.9 0 1.3 1.0 NULL
69.2 2 2.0 1.0 square
71.2 0 1.2 1.0 NULL
72.4 2 2.0 1.0 square
74.4 0 1.0 1.0 NULL
75.4 2 2.0 1.0 square
77.4 0 1.6 1.0 NULL
79.0 1 2.0 1.0 line
81.0 0 1.7 1.0 NULL
82.7 3 2.0 1.0 circle
84.7 0 1.3 1.0 NULL
86.0 4 2.0 1.0 triangle
88.0 0 1.0 1.0 NULL
89.0 4 2.0 1.0 triangle
91.0 0 1.2 1.0 NULL
92.2 1 2.0 1.0 line
94.2 0 1.0 1.0 NULL
95.2 2 2.0 1.0 square
97.2 0 1.9 1.0 NULL
99.10000000000001 4 2.0 1.0 triangle
101.10000000000001 0 1.3 1.0 NULL
102.4 1 2.0 1.0 line
104.4 0 1.5 1.0 NULL
105.9 1 2.0 1.0 line
107.9 0 1.3 1.0 NULL
109.2 3 2.0 1.0 circle
111.2 0 1.1 1.0 NULL
112.3 3 2.0 1.0 circle
114.3 0 1.1 1.0 NULL
115.39999999999999 3 2.0 1.0 circle
117.4 0 1.1 1.0 NULL
118.5 2 2.0 1.0 square
120.5 0 1.0 1.0 NULL
121.5 3 2.0 1.0 circle
123.5 0 1.2 1.0 NULL
124.7 1 2.0 1.0 line
126.7 0 1.4 1.0 NULL
128.1 1 2.0 1.0 line
130.1 0 1.2 1.0 NULL
