0.0 0 1.0 1.0 NULL
1.0 1 2.0 1.0 line
3.0 0 1.0 1.0 NULL
4.0 2 2.0 1.0 square
6.0 0 1.7 1.0 NULL
7.7 2 2.0 1.0 square
9.7 0 1.0 1.0 NULL
10.7 4 2.0 1.0 triangle
12.7 0 1.2 1.0 NULL
13.899999999999999 3 2.0 1.0 circle
15.899999999999999 0 1.0 1.0 NULL
16.9 1 2.0 1.0 line
18.9 0 2.0 1.0 NULL
20.9 2 2.0 1.0 square
22.9 0 1.1 1.0 NULL
24.0 4 2.0 1.0 triangle
26.0 0 1.0 1.0 NULL
27.0 2 2.0 1.0 square
29.0 0 1.0 1.0 NULL
30.0 3 2.0 1.0 circle
32.0 0 1.1 1.0 NULL
33.1 2 2.0 1.0 square
35.1 0 1.0 1.0 NULL
36.1 1 2.0 1.0 line
38.099999999999994 0 1.2 1.0 NULL
39.3 1 2.0 1.0 line
41.3 0 1.4 1.0 NULL
42.699999999999996 1 2.0 1.0 line
44.699999999999996 0 1.6 1.0 NULL
46.3 1 2.0 1.0 line
48.3 0 1.3 1.0 NULL
49.599999999999994 2 2.0 1.0 square
51.6 0 1.0 1.0 NULL
52.6 4 2.0 1.0 triangle
54.6 0 1.4 1.0 NULL
56.0 2 2.0 1.0 square
58.0 0 1.0 1.0 NULL
59.0 3 2.0 1.0 circle
61.0 0 1.2 1.0 NULL
62.2 3 2.0 1.0 circle
64.2 0 1.7 1.0 NULL
65.9 1 2.0 1.0 line
67.9 0 1.0 1.0 NULL
68.9 1 2.0 1.0 line
70.9 0 1.6 1.0 NULL
72.5 3 2.0 1.0 circle
74.5 0 1.3 1.0 NULL
75.8 4 2.0 1.0 triangle
77.80000000000001 0 1.2 1.0 NULL
79.00000000000001 4 2.0 1.0 triangle
81.00000000000001 0 1.0 1.0 NULL
82.00000000000001 3 2.0 1.0 circle
84.00000000000001 0 1.6 1.0 NULL
85.60000000000001 1 2.0 1.0 line
87.60000000000001 0 1.0 1.0 NULL
88.60000000000001 2 2.0 1.0 square
90.6 0 1.1 1.0 NULL
91.69999999999999 4 2.0 1.0 triangle
93.69999999999999 0 1.0 1.0 NULL
94.69999999999999 3 2.0 1.0 circle
96.69999999999999 0 1.1 1.0 NULL
97.79999999999998 4 2.0 1.0 triangle
99.79999999999998 0 1.2 1.0 NULL
100.99999999999999 2 2.0 1.0 square
103.0 0 1.2 1.0 NULL
104.2 2 2.0 1.0 square
106.2 0 1.4 1.0 NULL
107.60000000000001 4 2.0 1.0 triangle
109.60000000000001 0 2.0 1.0 NULL
111.60000000000001 4 2.0 1.0 triangle
113.60000000000001 0 1.1 1.0 NULL
114.7 3 2.0 1.0 circle
116.7 0 1.1 1.0 NULL
117.8 1 2.0 1.0 line
119.8 0 1.3 1.0 NULL
121.1 4 2.0 1.0 triangle
123.1 0 1.8 1.0 NULL
124.89999999999999 3 2.0 1.0 circle
126.89999999999999 0 1.0 1.0 NULL
127.89999999999999 3 2.0 1.0 circle
129.9 0 1.1 1.0 NULL
