0.0 0 1.1 1.0 NULL
1.1 2 2.0 1.0 square
3.1 0 1.2 1.0 NULL
4.3 4 2.0 1.0 triangle
6.3 0 1.2 1.0 NULL
7.5 1 2.0 1.0 line
9.5 0 1.2 1.0 NULL
10.7 2 2.0 1.0 square
12.700000000000001 0 1.5 1.0 NULL
14.200000000000001 2 2.0 1.0 square
16.200000000000003 0 1.4 1.0 NULL
17.6 3 2.0 1.0 circle
19.6 0 1.0 1.0 NULL
20.6 3 2.0 1.0 circle
22.6 0 1.2 1.0 NULL
23.8 3 2.0 1.0 circle
25.8 0 1.0 1.0 NULL
26.8 1 2.0 1.0 line
28.8 0 1.3 1.0 NULL
30.1 1 2.0 1.0 line
32.1 0 2.0 1.0 NULL
34.1 4 2.0 1.0 triangle
36.1 0 1.2 1.0 NULL
37.300000000000004 2 2.0 1.0 square
39.3 0 1.0 1.0 NULL
40.3 3 2.0 1.0 circle
42.3 0 1.3 1.0 NULL
43.599999999999994 4 2.0 1.0 triangle
45.599999999999994 0 1.3 1.0 NULL
46.89999999999999 3 2.0 1.0 circle
48.89999999999999 0 1.7 1.0 NULL
50.599999999999994 2 2.0 1.0 square
52.599999999999994 0 1.0 1.0 NULL
53.599999999999994 4 2.0 1.0 triangle
55.599999999999994 0 1.1 1.0 NULL
56.699999999999996 2 2.0 1.0 square
58.699999999999996 0 1.1 1.0 NULL
59.8 1 2.0 1.0 line
61.8 0 1.0 1.0 NULL
62.8 3 2.0 1.0 circle
64.80000000000001 0 2.0 1.0 NULL
66.80000000000001 2 2.0 1.0 square
68.80000000000001 0 1.1 1.0 NULL
69.9 4 2.0 1.0 triangle
71.9 0 1.1 1.0 NULL
73.0 1 2.0 1.0 line
75.0 0 1.0 1.0 NULL
76.0 2 2.0 1.0 square
78.0 0 1.1 1.0 NULL
79.1 1 2.0 1.0 line
81.1 0 1.4 1.0 NULL
82.5 1 2.0 1.0 line
84.5 0 1.1 1.0 NULL
85.6 1 2.0 1.0 line
87.6 0 1.0 1.0 NULL
88.6 2 2.0 1.0 square
90.6 0 1.4 1.0 NULL
92.0 3 2.0 1.0 circle
94.0 0 1.1 1.0 NULL
95.1 4 2.0 1.0 triangle
97.1 0 1.0 1.0 NULL
98.1 4 2.0 1.0 triangle
100.1 0 1.6 1.0 NULL
101.69999999999999 4 2.0 1.0 triangle
103.69999999999999 0 1.0 1.0 NULL
104.69999999999999 1 2.0 1.0 line
106.69999999999999 0 1.1 1.0 NULL
107.79999999999998 4 2.0 1.0 triangle
109.79999999999998 0 1.1 1.0 NULL
110.89999999999998 4 2.0 1.0 triangle
112.89999999999998 0 1.5 1.0 NULL
114.39999999999998 2 2.0 1.0 square
116.4 0 1.1 1.0 NULL
117.5 3 2.0 1.0 circle
119.5 0 1.4 1.0 NULL
120.9 3 2.0 1.0 circle
122.9 0 1.2 1.0 NULL
124.10000000000001 1 2.0 1.0 line
126.10000000000001 0 1.6 1.0 NULL
127.7 3 2.0 1.0 circle
129.7 0 1.4 1.0 NULL
