0.0 0 1.3 1.0 NULL
1.3 1 2.0 1.0 line
3.3 0 1.3 1.0 NULL
4.6 3 2.0 1.0 circle
6.6 0 1.1 1.0 NULL
7.699999999999999 1 2.0 1.0 line
9.7 0 1.8 1.0 NULL
11.5 3 2.0 1.0 circle
13.5 0 1.2 1.0 NULL
14.7 3 2.0 1.0 circle
16.7 0 1.1 1.0 NULL
17.8 1 2.0 1.0 line
19.8 0 1.2 1.0 NULL
21.0 2 2.0 1.0 square
23.0 0 1.5 1.0 NULL
24.5 2 2.0 1.0 square
26.5 0 1.1 1.0 NULL
27.6 1 2.0 1.0 line
29.6 0 1.3 1.0 NULL
30.900000000000002 3 2.0 1.0 circle
32.900000000000006 0 1.1 1.0 NULL
34.00000000000001 3 2.0 1.0 circle
36.00000000000001 0 1.0 1.0 NULL
37.00000000000001 3 2.0 1.0 circle
39.0 0 1.1 1.0 NULL
40.1 2 2.0 1.0 square
42.1 0 1.4 1.0 NULL
43.5 4 2.0 1.0 triangle
45.5 0 1.2 1.0 NULL
46.7 2 2.0 1.0 square
48.7 0 1.0 1.0 NULL
49.7 4 2.0 1.0 triangle
51.699999999999996 0 1.5 1.0 NULL
53.199999999999996 1 2.0 1.0 line
55.199999999999996 0 1.2 1.0 NULL
56.4 4 2.0 1.0 triangle
58.4 0 1.1 1.0 NULL
59.5 4 2.0 1.0 triangle
61.5 0 1.3 1.0 NULL
62.8 2 2.0 1.0 square
64.8 0 1.3 1.0 NULL
66.1 3 2.0 1.0 circle
68.1 0 1.3 1.0 NULL
69.39999999999999 4 2.0 1.0 triangle
71.39999999999999 0 1.0 1.0 NULL
72.39999999999999 3 2.0 1.0 circle
74.39999999999999 0 1.2 1.0 NULL
75.6 1 2.0 1.0 line
77.6 0 1.2 1.0 NULL
78.8 3 2.0 1.0 circle
80.8 0 1.0 1.0 NULL
81.8 3 2.0 1.0 circle
83.8 0 1.0 1.0 NULL
84.8 2 2.0 1.0 square
86.8 0 1.0 1.0 NULL
87.8 4 2.0 1.0 triangle
89.8 0 1.2 1.0 NULL
91.0 4 2.0 1.0 triangle
93.0 0 2.0 1.0 NULL
95.0 4 2.0 1.0 triangle
97.0 0 1.0 1.0 NULL
98.0 2 2.0 1.0 square
100.0 0 1.0 1.0 NULL
101.0 2 2.0 1.0 square
103.0 0 1.3 1.0 NULL
104.3 1 2.0 1.0 line
106.3 0 1.1 1.0 NULL
107.39999999999999 2 2.0 1.0 square
109.39999999999999 0 1.8 1.0 NULL
111.19999999999999 4 2.0 1.0 triangle
113.19999999999999 0 1.4 1.0 NULL
114.6 2 2.0 1.0 square
116.6 0 1.2 1.0 NULL
117.8 4 2.0 1.0 triangle
119.8 0 1.0 1.0 NULL
120.8 1 2.0 1.0 line
122.8 0 1.9 1.0 NULL
124.7 1 2.0 1.0 line
126.7 0 1.2 1.0 NULL
127.9 1 2.0 1.0 line
129.89999999999998 0 1.4 1.0 NULL
