0.0 0 1.9 1.0 NULL
1.9 2 2.0 1.0 square
3.9 0 1.1 1.0 NULL
5.0 1 2.0 1.0 line
7.0 0 2.0 1.0 NULL
9.0 1 2.0 1.0 line
11.0 0 1.0 1.0 NULL
12.0 4 2.0 1.0 triangle
14.0 0 2.0 1.0 NULL
16.0 3 2.0 1.0 circle
18.0 0 1.1 1.0 NULL
19.1 4 2.0 1.0 triangle
21.1 0 1.1 1.0 NULL
22.200000000000003 3 2.0 1.0 circle
24.200000000000003 0 1.5 1.0 NULL
25.700000000000003 4 2.0 1.0 triangle
27.700000000000003 0 1.0 1.0 NULL
28.700000000000003 3 2.0 1.0 circle
30.700000000000003 0 1.5 1.0 NULL
32.2 2 2.0 1.0 square
34.2 0 1.2 1.0 NULL
35.400000000000006 1 2.0 1.0 line
37.400000000000006 0 1.2 1.0 NULL
38.60000000000001 4 2.0 1.0 triangle
40.6 0 1.9 1.0 NULL
42.5 1 2.0 1.0 line
44.5 0 1.3 1.0 NULL
45.8 2 2.0 1.0 square
47.8 0 1.1 1.0 NULL
48.9 2 2.0 1.0 square
50.9 0 1.7 1.0 NULL
52.6 2 2.0 1.0 square
54.6 0 1.2 1.0 NULL
55.800000000000004 3 2.0 1.0 circle
57.800000000000004 0 1.0 1.0 NULL
58.800000000000004 3 2.0 1.0 circle
60.800000000000004 0 1.0 1.0 NULL
61.800000000000004 4 2.0 1.0 triangle
63.800000000000004 0 1.6 1.0 NULL
65.4 4 2.0 1.0 triangle
67.4 0 1.4 1.0 NULL
68.80000000000001 2 2.0 1.0 square
70.80000000000001 0 1.9 1.0 NULL
72.70000000000002 4 2.0 1.0 triangle
74.70000000000002 0 1.0 1.0 NULL
75.70000000000002 3 2.0 1.0 circle
77.70000000000002 0 1.0 1.0 NULL
78.70000000000002 1 2.0 1.0 line
80.69999999999999 0 1.2 1.0 NULL
81.89999999999999 4 2.0 1.0 triangle
83.89999999999999 0 1.3 1.0 NULL
85.19999999999999 1 2.0 1.0 line
87.19999999999999 0 1.1 1.0 NULL
88.29999999999998 1 2.0 1.0 line
90.29999999999998 0 1.0 1.0 NULL
91.29999999999998 4 2.0 1.0 triangle
93.30000000000001 0 1.0 1.0 NULL
94.30000000000001 2 2.0 1.0 square
96.30000000000001 0 1.3 1.0 NULL
97.60000000000001 2 2.0 1.0 square
99.60000000000001 0 1.0 1.0 NULL
100.60000000000001 2 2.0 1.0 square
102.60000000000001 0 1.0 1.0 NULL
103.60000000000001 1 2.0 1.0 line
105.6 0 1.1 1.0 NULL
106.69999999999999 3 2.0 1.0 circle
108.69999999999999 0 1.1 1.0 NULL
109.79999999999998 1 2.0 1.0 line
111.79999999999998 0 1.0 1.0 NULL
112.79999999999998 3 2.0 1.0 circle
114.79999999999998 0 1.1 1.0 NULL
115.89999999999998 2 2.0 1.0 square
117.9 0 1.3 1.0 NULL
119.2 3 2.0 1.0 circle
121.2 0 1.0 1.0 NULL
122.2 4 2.0 1.0 triangle
124.2 0 1.6 1.0 NULL
125.8 3 2.0 1.0 circle
127.8 0 1.0 1.0 NULL
128.8 1 2.0 1.0 line
130.8 0 1.1 1.0 NULL
