0.0 0 1.2 1.0 NULL
1.2 2 2.0 1.0 square
3.2 0 1.4 1.0 NULL
4.6 1 2.0 1.0 line
6.6 0 1.4 1.0 NULL
8.0 3 2.0 1.0 circle
10.0 0 1.0 1.0 NULL
11.0 2 2.0 1.0 square
13.0 0 1.0 1.0 NULL
14.0 3 2.0 1.0 circle
16.0 0 1.8 1.0 NULL
17.8 4 2.0 1.0 triangle
19.8 0 1.1 1.0 NULL
20.900000000000002 2 2.0 1.0 square
22.900000000000002 0 1.5 1.0 NULL
24.400000000000002 1 2.0 1.0 line
26.4 0 1.0 1.0 NULL
27.4 3 2.0 1.0 circle
29.4 0 1.5 1.0 NULL
30.9 2 2.0 1.0 square
32.9 0 1.7 1.0 NULL
34.6 3 2.0 1.0 circle
36.6 0 1.4 1.0 NULL
38.0 1 2.0 1.0 line
40.0 0 1.0 1.0 NULL
41.0 4 2.0 1.0 triangle
43.0 0 1.5 1.0 NULL
44.5 2 2.0 1.0 square
46.5 0 1.1 1.0 NULL
47.6 3 2.0 1.0 circle
49.6 0 1.0 1.0 NULL
50.6 1 2.0 1.0 line
52.6 0 1.6 1.0 NULL
54.2 3 2.0 1.0 circle
56.2 0 1.0 1.0 NULL
57.2 3 2.0 1.0 circle
59.2 0 1.7 1.0 NULL
60.900000000000006 2 2.0 1.0 square
62.900000000000006 0 1.2 1.0 NULL
64.10000000000001 1 2.0 1.0 line
66.1 0 1.3 1.0 NULL
67.39999999999999 4 2.0 1.0 triangle
69.39999999999999 0 1.2 1.0 NULL
70.6 3 2.0 1.0 circle
72.6 0 1.0 1.0 NULL
73.6 1 2.0 1.0 line
75.6 0 1.1 1.0 NULL
76.69999999999999 4 2.0 1.0 triangle
78.7 0 1.0 1.0 NULL
79.7 4 2.0 1.0 triangle
81.7 0 1.4 1.0 NULL
83.10000000000001 2 2.0 1.0 square
85.10000000000001 0 1.1 1.0 NULL
86.2 3 2.0 1.0 circle
88.2 0 1.1 1.0 NULL
89.3 4 2.0 1.0 triangle
91.30000000000001 0 1.0 1.0 NULL
92.30000000000001 1 2.0 1.0 line
94.30000000000001 0 1.0 1.0 NULL
95.30000000000001 2 2.0 1.0 square
97.30000000000001 0 1.1 1.0 NULL
98.4 1 2.0 1.0 line
100.4 0 1.0 1.0 NULL
101.4 4 2.0 1.0 triangle
103.4 0 1.3 1.0 NULL
104.7 4 2.0 1.0 triangle
106.7 0 1.2 1.0 NULL
107.9 1 2.0 1.0 line
109.9 0 1.9 1.0 NULL
111.80000000000001 1 2.0 1.0 line
113.80000000000001 0 1.2 1.0 NULL
115.00000000000001 4 2.0 1.0 triangle
117.0 0 1.2 1.0 NULL
118.2 4 2.0 1.0 triangle
120.2 0 1.7 1.0 NULL
121.9 2 2.0 1.0 square
123.9 0 1.2 1.0 NULL
125.10000000000001 3 2.0 1.0 circle
127.10000000000001 0 1.1 1.0 NULL
128.20000000000002 2 2.0 1.0 square
130.20000000000002 0 1.0 1.0 NULL
