0.0 0 1.2 1.0 NULL
1.2 2 2.0 1.0 square
3.2 0 1.1 1.0 NULL
4.300000000000001 3 2.0 1.0 circle
6.300000000000001 0 1.0 1.0 NULL
7.300000000000001 1 2.0 1.0 line
9.3 0 1.0 1.0 NULL
10.3 1 2.0 1.0 line
12.3 0 1.3 1.0 NULL
13.600000000000001 4 2.0 1.0 triangle
15.600000000000001 0 1.3 1.0 NULL
16.900000000000002 2 2.0 1.0 square
18.900000000000002 0 1.5 1.0 NULL
20.400000000000002 4 2.0 1.0 triangle
22.400000000000002 0 1.1 1.0 NULL
23.500000000000004 2 2.0 1.0 square
25.5 0 1.0 1.0 NULL
26.5 2 2.0 1.0 square
28.5 0 1.0 1.0 NULL
29.5 3 2.0 1.0 circle
31.5 0 1.1 1.0 NULL
32.6 3 2.0 1.0 circle
34.6 0 1.1 1.0 NULL
35.7 3 2.0 1.0 circle
37.699999999999996 0 1.6 1.0 NULL
39.3 3 2.0 1.0 circle
41.3 0 1.7 1.0 NULL
43.0 4 2.0 1.0 triangle
45.0 0 2.0 1.0 NULL
47.0 3 2.0 1.0 circle
49.0 0 1.0 1.0 NULL
50.0 3 2.0 1.0 circle
52.0 0 1.8 1.0 NULL
53.8 4 2.0 1.0 triangle
55.8 0 1.1 1.0 NULL
56.9 1 2.0 1.0 line
58.9 0 1.1 1.0 NULL
60.0 3 2.0 1.0 circle
62.0 0 1.0 1.0 NULL
63.0 2 2.0 1.0 square
65.0 0 1.2 1.0 NULL
66.2 1 2.0 1.0 line
68.2 0 1.2 1.0 NULL
69.4 2 2.0 1.0 square
71.4 0 1.2 1.0 NULL
72.60000000000001 1 2.0 1.0 line
74.60000000000001 0 1.0 1.0 NULL
75.60000000000001 1 2.0 1.0 line
77.6 0 1.0 1.0 NULL
78.6 2 2.0 1.0 square
80.6 0 1.6 1.0 NULL
82.19999999999999 4 2.0 1.0 triangle
84.19999999999999 0 1.3 1.0 NULL
85.49999999999999 4 2.0 1.0 triangle
87.49999999999999 0 1.7 1.0 NULL
89.19999999999999 2 2.0 1.0 square
91.19999999999999 0 1.6 1.0 NULL
92.79999999999998 1 2.0 1.0 line
94.79999999999998 0 1.0 1.0 NULL
95.79999999999998 4 2.0 1.0 triangle
97.79999999999998 0 1.3 1.0 NULL
99.09999999999998 1 2.0 1.0 line
101.09999999999998 0 1.2 1.0 NULL
102.29999999999998 3 2.0 1.0 circle
104.30000000000001 0 1.2 1.0 NULL
105.50000000000001 2 2.0 1.0 square
107.50000000000001 0 1.1 1.0 NULL
108.60000000000001 4 2.0 1.0 triangle
110.60000000000001 0 1.1 1.0 NULL
111.7 3 2.0 1.0 circle
113.7 0 1.2 1.0 NULL
114.9 4 2.0 1.0 triangle
116.9 0 1.2 1.0 NULL
118.10000000000001 1 2.0 1.0 line
120.10000000000001 0 1.1 1.0 NULL
121.2 2 2.0 1.0 square
123.2 0 1.0 1.0 NULL
124.2 4 2.0 1.0 triangle
126.2 0 1.8 1.0 NULL
128.0 1 2.0 1.0 line
130.0 0 1.2 1.0 NULL
