0.0 0 1.6 1.0 NULL
1.6 1 2.0 1.0 line
3.6 0 1.0 1.0 NULL
4.6 1 2.0 1.0 line
6.6 0 1.0 1.0 NULL
7.6 2 2.0 1.0 square
9.6 0 1.2 1.0 NULL
10.799999999999999 2 2.0 1.0 square
12.8 0 1.1 1.0 NULL
13.9 2 2.0 1.0 square
15.9 0 1.0 1.0 NULL
16.9 1 2.0 1.0 line
18.9 0 1.4 1.0 NULL
20.299999999999997 2 2.0 1.0 square
22.299999999999997 0 1.3 1.0 NULL
23.599999999999998 2 2.0 1.0 square
25.6 0 1.0 1.0 NULL
26.6 2 2.0 1.0 square
28.6 0 1.1 1.0 NULL
29.700000000000003 2 2.0 1.0 square
31.700000000000003 0 1.1 1.0 NULL
32.800000000000004 2 2.0 1.0 square
34.800000000000004 0 2.0 1.0 NULL
36.800000000000004 1 2.0 1.0 line
38.8 0 1.1 1.0 NULL
39.9 2 2.0 1.0 square
41.9 0 1.5 1.0 NULL
43.4 1 2.0 1.0 line
45.4 0 1.4 1.0 NULL
46.8 2 2.0 1.0 square
48.8 0 1.0 1.0 NULL
49.8 2 2.0 1.0 square
51.8 0 1.6 1.0 NULL
53.4 1 2.0 1.0 line
55.4 0 1.0 1.0 NULL
56.4 1 2.0 1.0 line
58.4 0 1.4 1.0 NULL
59.8 1 2.0 1.0 line
61.8 0 1.1 1.0 NULL
62.9 1 2.0 1.0 line
64.9 0 1.2 1.0 NULL
66.10000000000001 2 2.0 1.0 square
68.10000000000001 0 1.6 1.0 NULL
69.7 2 2.0 1.0 square
71.7 0 1.7 1.0 NULL
73.4 2 2.0 1.0 square
75.4 0 1.1 1.0 NULL
76.5 2 2.0 1.0 square
78.5 0 1.1 1.0 NULL
79.6 1 2.0 1.0 line
81.6 0 1.1 1.0 NULL
82.69999999999999 1 2.0 1.0 line
84.69999999999999 0 1.3 1.0 NULL
85.99999999999999 1 2.0 1.0 line
87.99999999999999 0 1.3 1.0 NULL
89.29999999999998 2 2.0 1.0 square
91.3 0 1.0 1.0 NULL
92.3 1 2.0 1.0 line
94.3 0 1.8 1.0 NULL
96.1 1 2.0 1.0 line
98.1 0 1.0 1.0 NULL
99.1 1 2.0 1.0 line
101.1 0 1.2 1.0 NULL
102.3 1 2.0 1.0 line
104.30000000000001 0 1.4 1.0 NULL
105.70000000000002 1 2.0 1.0 line
107.70000000000002 0 1.0 1.0 NULL
108.70000000000002 2 2.0 1.0 square
110.70000000000002 0 1.2 1.0 NULL
111.90000000000002 2 2.0 1.0 square
113.90000000000002 0 1.2 1.0 NULL
115.10000000000002 1 2.0 1.0 line
117.1 0 1.2 1.0 NULL
118.3 1 2.0 1.0 line
120.3 0 1.8 1.0 NULL
122.1 2 2.0 1.0 square
124.1 0 1.1 1.0 NULL
125.19999999999999 1 2.0 1.0 line
127.19999999999999 0 1.0 1.0 NULL
128.2 2 2.0 1.0 square
130.2 0 1.4 1.0 NULL
