0.0 0 1.2 1.0 NULL
1.2 1 2.0 1.0 line
3.2 0 1.0 1.0 NULL
4.2 1 2.0 1.0 line
6.2 0 1.9 1.0 NULL
8.1 2 2.0 1.0 square
10.1 0 1.2 1.0 NULL
11.299999999999999 1 2.0 1.0 line
13.3 0 1.3 1.0 NULL
14.600000000000001 1 2.0 1.0 line
16.6 0 1.0 1.0 NULL
17.6 2 2.0 1.0 square
19.6 0 1.6 1.0 NULL
21.200000000000003 1 2.0 1.0 line
23.200000000000003 0 1.0 1.0 NULL
24.200000000000003 2 2.0 1.0 square
26.2 0 1.3 1.0 NULL
27.5 2 2.0 1.0 square
29.5 0 1.0 1.0 NULL
30.5 2 2.0 1.0 square
32.5 0 1.0 1.0 NULL
33.5 2 2.0 1.0 square
35.5 0 1.4 1.0 NULL
36.9 2 2.0 1.0 square
38.900000000000006 0 1.2 1.0 NULL
40.10000000000001 2 2.0 1.0 square
42.10000000000001 0 1.8 1.0 NULL
43.900000000000006 2 2.0 1.0 square
45.900000000000006 0 1.3 1.0 NULL
47.2 2 2.0 1.0 square
49.2 0 1.2 1.0 NULL
50.400000000000006 1 2.0 1.0 line
52.400000000000006 0 1.3 1.0 NULL
53.7 2 2.0 1.0 square
55.7 0 1.1 1.0 NULL
56.800000000000004 1 2.0 1.0 line
58.800000000000004 0 1.3 1.0 NULL
60.1 2 2.0 1.0 square
62.1 0 1.1 1.0 NULL
63.2 2 2.0 1.0 square
65.2 0 1.9 1.0 NULL
67.10000000000001 2 2.0 1.0 square
69.10000000000001 0 1.2 1.0 NULL
70.30000000000001 2 2.0 1.0 square
72.30000000000001 0 1.0 1.0 NULL
73.30000000000001 2 2.0 1.0 square
75.30000000000001 0 1.1 1.0 NULL
76.4 1 2.0 1.0 line
78.4 0 1.6 1.0 NULL
80.0 1 2.0 1.0 line
82.0 0 1.0 1.0 NULL
83.0 1 2.0 1.0 line
85.0 0 1.3 1.0 NULL
86.3 1 2.0 1.0 line
88.3 0 1.5 1.0 NULL
89.8 2 2.0 1.0 square
91.8 0 1.1 1.0 NULL
92.89999999999999 2 2.0 1.0 square
94.89999999999999 0 1.0 1.0 NULL
95.89999999999999 1 2.0 1.0 line
97.89999999999999 0 1.6 1.0 NULL
99.49999999999999 1 2.0 1.0 line
101.49999999999999 0 1.0 1.0 NULL
102.49999999999999 1 2.0 1.0 line
104.5 0 1.2 1.0 NULL
105.7 1 2.0 1.0 line
107.7 0 1.9 1.0 NULL
109.60000000000001 1 2.0 1.0 line
111.60000000000001 0 1.0 1.0 NULL
112.60000000000001 2 2.0 1.0 square
114.60000000000001 0 1.1 1.0 NULL
115.7 1 2.0 1.0 line
117.69999999999999 0 1.0 1.0 NULL
118.69999999999999 1 2.0 1.0 line
120.69999999999999 0 1.0 1.0 NULL
121.69999999999999 1 2.0 1.0 line
123.69999999999999 0 1.2 1.0 NULL
124.89999999999999 1 2.0 1.0 line
126.89999999999999 0 1.2 1.0 NULL
128.1 2 2.0 1.0 square
130.1 0 1.1 1.0 NULL
