0.0 0 1.0 1.0 NULL
1.0 1 2.0 1.0 line
3.0 0 1.1 1.0 NULL
4.1 2 2.0 1.0 square
6.1 0 1.0 1.0 NULL
7.1 1 2.0 1.0 line
9.1 0 1.6 1.0 NULL
10.7 1 2.0 1.0 line
12.7 0 1.0 1.0 NULL
13.7 2 2.0 1.0 square
15.7 0 1.2 1.0 NULL
16.9 2 2.0 1.0 square
18.9 0 1.9 1.0 NULL
20.799999999999997 2 2.0 1.0 square
22.799999999999997 0 1.2 1.0 NULL
23.999999999999996 1 2.0 1.0 line
26.0 0 1.1 1.0 NULL
27.1 2 2.0 1.0 square
29.1 0 1.1 1.0 NULL
30.200000000000003 2 2.0 1.0 square
32.2 0 1.3 1.0 NULL
33.5 2 2.0 1.0 square
35.5 0 1.8 1.0 NULL
37.3 1 2.0 1.0 line
39.3 0 1.1 1.0 NULL
40.4 1 2.0 1.0 line
42.4 0 1.0 1.0 NULL
43.4 1 2.0 1.0 line
45.4 0 1.7 1.0 NULL
47.1 2 2.0 1.0 square
49.1 0 1.0 1.0 NULL
50.1 2 2.0 1.0 square
52.1 0 1.1 1.0 NULL
53.2 2 2.0 1.0 square
55.2 0 1.1 1.0 NULL
56.300000000000004 1 2.0 1.0 line
58.300000000000004 0 1.3 1.0 NULL
59.6 2 2.0 1.0 square
61.6 0 1.2 1.0 NULL
62.800000000000004 2 2.0 1.0 square
64.8 0 1.3 1.0 NULL
66.1 1 2.0 1.0 line
68.1 0 1.0 1.0 NULL
69.1 1 2.0 1.0 line
71.1 0 1.7 1.0 NULL
72.8 1 2.0 1.0 line
74.8 0 1.0 1.0 NULL
75.8 2 2.0 1.0 square
77.80000000000001 0 2.0 1.0 NULL
79.80000000000001 1 2.0 1.0 line
81.80000000000001 0 1.0 1.0 NULL
82.80000000000001 2 2.0 1.0 square
84.80000000000001 0 1.1 1.0 NULL
85.9 2 2.0 1.0 square
87.9 0 1.0 1.0 NULL
88.9 1 2.0 1.0 line
90.9 0 1.0 1.0 NULL
91.9 1 2.0 1.0 line
93.9 0 1.4 1.0 NULL
95.30000000000001 2 2.0 1.0 square
97.30000000000001 0 1.4 1.0 NULL
98.70000000000002 2 2.0 1.0 square
100.70000000000002 0 1.0 1.0 NULL
101.70000000000002 1 2.0 1.0 line
103.7 0 1.3 1.0 NULL
105.0 1 2.0 1.0 line
107.0 0 1.9 1.0 NULL
108.9 1 2.0 1.0 line
110.9 0 1.3 1.0 NULL
112.2 2 2.0 1.0 square
114.2 0 1.1 1.0 NULL
115.3 1 2.0 1.0 line
117.30000000000001 0 1.0 1.0 NULL
118.30000000000001 1 2.0 1.0 line
120.30000000000001 0 1.0 1.0 NULL
121.30000000000001 2 2.0 1.0 square
123.30000000000001 0 1.0 1.0 NULL
124.30000000000001 2 2.0 1.0 square
126.30000000000001 0 1.2 1.0 NULL
127.50000000000001 1 2.0 1.0 line
129.5 0 1.5 1.0 NULL
