0.0 0 1.3 1.0 NULL
1.3 1 2.0 1.0 line
3.3 0 1.1 1.0 NULL
4.4 2 2.0 1.0 square
6.4 0 1.1 1.0 NULL
7.5 1 2.0 1.0 line
9.5 0 1.0 1.0 NULL
10.5 2 2.0 1.0 square
12.5 0 1.3 1.0 NULL
13.8 1 2.0 1.0 line
15.8 0 1.3 1.0 NULL
17.1 1 2.0 1.0 line
19.1 0 1.1 1.0 NULL
20.200000000000003 1 2.0 1.0 line
22.200000000000003 0 1.2 1.0 NULL
23.400000000000002 1 2.0 1.0 line
25.4 0 1.0 1.0 NULL
26.4 1 2.0 1.0 line
28.4 0 1.2 1.0 NULL
29.599999999999998 2 2.0 1.0 square
31.599999999999998 0 1.2 1.0 NULL
32.8 1 2.0 1.0 line
34.8 0 1.0 1.0 NULL
35.8 1 2.0 1.0 line
37.800000000000004 0 1.3 1.0 NULL
39.1 1 2.0 1.0 line
41.1 0 1.0 1.0 NULL
42.1 2 2.0 1.0 square
44.1 0 1.0 1.0 NULL
45.1 2 2.0 1.0 square
47.1 0 1.0 1.0 NULL
48.1 1 2.0 1.0 line
50.1 0 1.1 1.0 NULL
51.2 1 2.0 1.0 line
53.2 0 1.7 1.0 NULL
54.900000000000006 2 2.0 1.0 square
56.900000000000006 0 1.1 1.0 NULL
58.00000000000001 1 2.0 1.0 line
60.00000000000001 0 1.9 1.0 NULL
61.900000000000006 2 2.0 1.0 square
63.9 0 1.0 1.0 NULL
64.9 2 2.0 1.0 square
66.9 0 1.3 1.0 NULL
68.2 1 2.0 1.0 line
70.2 0 1.2 1.0 NULL
71.4 2 2.0 1.0 square
73.4 0 1.7 1.0 NULL
75.10000000000001 2 2.0 1.0 square
77.1 0 1.0 1.0 NULL
78.1 2 2.0 1.0 square
80.1 0 1.2 1.0 NULL
81.3 2 2.0 1.0 square
83.3 0 1.8 1.0 NULL
85.1 2 2.0 1.0 square
87.1 0 1.1 1.0 NULL
88.19999999999999 2 2.0 1.0 square
90.19999999999999 0 1.5 1.0 NULL
91.69999999999999 2 2.0 1.0 square
93.69999999999999 0 1.3 1.0 NULL
94.99999999999999 2 2.0 1.0 square
96.99999999999999 0 1.2 1.0 NULL
98.19999999999999 2 2.0 1.0 square
100.19999999999999 0 1.5 1.0 NULL
101.69999999999999 1 2.0 1.0 line
103.69999999999999 0 1.0 1.0 NULL
104.69999999999999 2 2.0 1.0 square
106.69999999999999 0 1.0 1.0 NULL
107.69999999999999 1 2.0 1.0 line
109.69999999999999 0 1.5 1.0 NULL
111.19999999999999 2 2.0 1.0 square
113.19999999999999 0 1.8 1.0 NULL
114.99999999999999 1 2.0 1.0 line
117.0 0 1.0 1.0 NULL
118.0 1 2.0 1.0 line
120.0 0 1.4 1.0 NULL
121.4 2 2.0 1.0 square
123.4 0 1.6 1.0 NULL
125.0 1 2.0 1.0 line
127.0 0 1.0 1.0 NULL
128.0 1 2.0 1.0 line
130.0 0 1.3 1.0 NULL
