0.0 0 1.1 1.0 NULL
1.1 2 2.0 1.0 square
3.1 0 1.1 1.0 NULL
4.2 2 2.0 1.0 square
6.2 0 1.0 1.0 NULL
7.2 1 2.0 1.0 line
9.2 0 1.1 1.0 NULL
10.299999999999999 1 2.0 1.0 line
12.3 0 1.4 1.0 NULL
13.700000000000001 1 2.0 1.0 line
15.700000000000001 0 1.7 1.0 NULL
17.400000000000002 1 2.0 1.0 line
19.400000000000002 0 1.1 1.0 NULL
20.500000000000004 1 2.0 1.0 line
22.500000000000004 0 1.7 1.0 NULL
24.200000000000003 2 2.0 1.0 square
26.2 0 1.0 1.0 NULL
27.2 1 2.0 1.0 line
29.2 0 1.1 1.0 NULL
30.3 1 2.0 1.0 line
32.3 0 1.0 1.0 NULL
33.3 2 2.0 1.0 square
35.3 0 1.0 1.0 NULL
36.3 2 2.0 1.0 square
38.3 0 1.4 1.0 NULL
39.699999999999996 1 2.0 1.0 line
41.699999999999996 0 1.6 1.0 NULL
43.3 2 2.0 1.0 square
45.3 0 1.0 1.0 NULL
46.3 1 2.0 1.0 line
48.3 0 1.2 1.0 NULL
49.5 2 2.0 1.0 square
51.5 0 1.1 1.0 NULL
52.6 2 2.0 1.0 square
54.6 0 1.0 1.0 NULL
55.6 1 2.0 1.0 line
57.6 0 1.3 1.0 NULL
58.9 2 2.0 1.0 square
60.9 0 1.5 1.0 NULL
62.4 1 2.0 1.0 line
64.4 0 1.0 1.0 NULL
65.4 2 2.0 1.0 square
67.4 0 1.1 1.0 NULL
68.5 2 2.0 1.0 square
70.5 0 1.4 1.0 NULL
71.9 2 2.0 1.0 square
73.9 0 1.3 1.0 NULL
75.2 2 2.0 1.0 square
77.19999999999999 0 1.3 1.0 NULL
78.49999999999999 1 2.0 1.0 line
80.49999999999999 0 1.1 1.0 NULL
81.59999999999998 1 2.0 1.0 line
83.59999999999998 0 1.0 1.0 NULL
84.59999999999998 1 2.0 1.0 line
86.59999999999998 0 1.2 1.0 NULL
87.79999999999998 1 2.0 1.0 line
89.8 0 2.0 1.0 NULL
91.8 2 2.0 1.0 square
93.8 0 1.2 1.0 NULL
95.0 1 2.0 1.0 line
97.0 0 1.7 1.0 NULL
98.7 1 2.0 1.0 line
100.7 0 1.6 1.0 NULL
102.3 1 2.0 1.0 line
104.30000000000001 0 1.0 1.0 NULL
105.30000000000001 1 2.0 1.0 line
107.30000000000001 0 1.0 1.0 NULL
108.30000000000001 2 2.0 1.0 square
110.30000000000001 0 1.9 1.0 NULL
112.20000000000002 1 2.0 1.0 line
114.20000000000002 0 1.0 1.0 NULL
115.20000000000002 2 2.0 1.0 square
117.2 0 1.6 1.0 NULL
118.8 2 2.0 1.0 square
120.8 0 1.0 1.0 NULL
121.8 2 2.0 1.0 square
123.8 0 1.0 1.0 NULL
124.8 2 2.0 1.0 square
126.8 0 1.2 1.0 NULL
128.0 2 2.0 1.0 square
130.0 0 1.1 1.0 NULL
