0.0 0 1.0 1.0 NULL
1.0 1 2.0 1.0 line
3.0 0 1.1 1.0 NULL
4.1 2 2.0 1.0 square
6.1 0 1.2 1.0 NULL
7.3 2 2.0 1.0 square
9.3 0 1.5 1.0 NULL
10.8 1 2.0 1.0 line
12.8 0 1.0 1.0 NULL
13.8 2 2.0 1.0 square
15.8 0 1.9 1.0 NULL
17.7 1 2.0 1.0 line
19.7 0 1.3 1.0 NULL
21.0 2 2.0 1.0 square
23.0 0 1.2 1.0 NULL
24.2 1 2.0 1.0 line
26.2 0 1.0 1.0 NULL
27.2 2 2.0 1.0 square
29.2 0 1.9 1.0 NULL
31.099999999999998 2 2.0 1.0 square
33.099999999999994 0 1.0 1.0 NULL
34.099999999999994 2 2.0 1.0 square
36.099999999999994 0 1.0 1.0 NULL
37.099999999999994 2 2.0 1.0 square
39.099999999999994 0 1.0 1.0 NULL
40.099999999999994 1 2.0 1.0 line
42.099999999999994 0 1.7 1.0 NULL
43.8 1 2.0 1.0 line
45.8 0 1.1 1.0 NULL
46.9 1 2.0 1.0 line
48.9 0 1.0 1.0 NULL
49.9 1 2.0 1.0 line
51.9 0 1.3 1.0 NULL
53.199999999999996 1 2.0 1.0 line
55.199999999999996 0 1.4 1.0 NULL
56.599999999999994 1 2.0 1.0 line
58.599999999999994 0 1.1 1.0 NULL
59.699999999999996 2 2.0 1.0 square
61.699999999999996 0 1.0 1.0 NULL
62.699999999999996 1 2.0 1.0 line
64.69999999999999 0 1.5 1.0 NULL
66.19999999999999 1 2.0 1.0 line
68.19999999999999 0 1.0 1.0 NULL
69.19999999999999 1 2.0 1.0 line
71.19999999999999 0 1.0 1.0 NULL
72.19999999999999 2 2.0 1.0 square
74.19999999999999 0 1.9 1.0 NULL
76.1 2 2.0 1.0 square
78.1 0 1.0 1.0 NULL
79.1 1 2.0 1.0 line
81.1 0 1.6 1.0 NULL
82.69999999999999 2 2.0 1.0 square
84.69999999999999 0 1.2 1.0 NULL
85.89999999999999 1 2.0 1.0 line
87.89999999999999 0 1.1 1.0 NULL
88.99999999999999 1 2.0 1.0 line
91.0 0 1.0 1.0 NULL
92.0 2 2.0 1.0 square
94.0 0 1.6 1.0 NULL
95.6 2 2.0 1.0 square
97.6 0 1.1 1.0 NULL
98.69999999999999 2 2.0 1.0 square
100.69999999999999 0 1.0 1.0 NULL
101.69999999999999 2 2.0 1.0 square
103.7 0 1.0 1.0 NULL
104.7 2 2.0 1.0 square
106.7 0 1.2 1.0 NULL
107.9 1 2.0 1.0 line
109.9 0 1.1 1.0 NULL
111.0 1 2.0 1.0 line
113.0 0 1.8 1.0 NULL
114.8 2 2.0 1.0 square
116.80000000000001 0 1.1 1.0 NULL
117.9 2 2.0 1.0 square
119.9 0 1.1 1.0 NULL
121.0 1 2.0 1.0 line
123.0 0 1.8 1.0 NULL
124.8 1 2.0 1.0 line
126.8 0 1.2 1.0 NULL
128.0 2 2.0 1.0 square
130.0 0 1.0 1.0 NULL
