0.0 0 1.6 1.0 NULL
1.6 1 2.0 1.0 line
3.6 0 1.0 1.0 NULL
4.6 1 2.0 1.0 line
6.6 0 1.6 1.0 NULL
8.2 1 2.0 1.0 line
10.2 0 1.0 1.0 NULL
11.2 2 2.0 1.0 square
13.2 0 1.8 1.0 NULL
15.0 1 2.0 1.0 line
17.0 0 1.1 1.0 NULL
18.1 1 2.0 1.0 line
20.1 0 1.2 1.0 NULL
21.3 2 2.0 1.0 square
23.3 0 1.3 1.0 NULL
24.6 1 2.0 1.0 line
26.6 0 1.0 1.0 NULL
27.6 1 2.0 1.0 line
29.6 0 1.0 1.0 NULL
30.6 1 2.0 1.0 line
32.6 0 1.2 1.0 NULL
33.800000000000004 1 2.0 1.0 line
35.800000000000004 0 1.0 1.0 NULL
36.800000000000004 2 2.0 1.0 square
38.8 0 1.7 1.0 NULL
40.5 1 2.0 1.0 line
42.5 0 1.5 1.0 NULL
44.0 1 2.0 1.0 line
46.0 0 1.5 1.0 NULL
47.5 2 2.0 1.0 square
49.5 0 1.0 1.0 NULL
50.5 1 2.0 1.0 line
52.5 0 1.4 1.0 NULL
53.9 2 2.0 1.0 square
55.9 0 1.4 1.0 NULL
57.3 2 2.0 1.0 square
59.3 0 1.0 1.0 NULL
60.3 1 2.0 1.0 line
62.3 0 1.2 1.0 NULL
63.5 1 2.0 1.0 line
65.5 0 1.3 1.0 NULL
66.8 2 2.0 1.0 square
68.8 0 1.6 1.0 NULL
70.39999999999999 2 2.0 1.0 square
72.39999999999999 0 1.0 1.0 NULL
73.39999999999999 2 2.0 1.0 square
75.39999999999999 0 1.0 1.0 NULL
76.39999999999999 2 2.0 1.0 square
78.4 0 2.0 1.0 NULL
80.4 1 2.0 1.0 line
82.4 0 1.1 1.0 NULL
83.5 2 2.0 1.0 square
85.5 0 1.3 1.0 NULL
86.8 2 2.0 1.0 square
88.8 0 1.1 1.0 NULL
89.89999999999999 2 2.0 1.0 square
91.9 0 1.0 1.0 NULL
92.9 1 2.0 1.0 line
94.9 0 1.5 1.0 NULL
96.4 1 2.0 1.0 line
98.4 0 1.4 1.0 NULL
99.80000000000001 1 2.0 1.0 line
101.80000000000001 0 1.0 1.0 NULL
102.80000000000001 2 2.0 1.0 square
104.80000000000001 0 1.1 1.0 NULL
105.9 2 2.0 1.0 square
107.9 0 1.6 1.0 NULL
109.5 2 2.0 1.0 square
111.5 0 1.0 1.0 NULL
112.5 1 2.0 1.0 line
114.5 0 1.0 1.0 NULL
115.5 2 2.0 1.0 square
117.5 0 1.4 1.0 NULL
118.9 1 2.0 1.0 line
120.9 0 1.2 1.0 NULL
122.10000000000001 2 2.0 1.0 square
124.10000000000001 0 1.2 1.0 NULL
125.30000000000001 2 2.0 1.0 square
127.30000000000001 0 1.1 1.0 NULL
128.4 2 2.0 1.0 square
130.39999999999998 0 1.2 1.0 NULL
