0.0 0 1.8 1.0 NULL
1.8 1 2.0 1.0 line
3.8 0 1.4 1.0 NULL
5.199999999999999 1 2.0 1.0 line
7.199999999999999 0 1.0 1.0 NULL
8.2 1 2.0 1.0 line
10.2 0 1.0 1.0 NULL
11.2 1 2.0 1.0 line
13.2 0 1.1 1.0 NULL
14.299999999999999 2 2.0 1.0 square
16.299999999999997 0 1.1 1.0 NULL
17.4 2 2.0 1.0 square
19.4 0 1.9 1.0 NULL
21.299999999999997 2 2.0 1.0 square
23.299999999999997 0 1.0 1.0 NULL
24.299999999999997 1 2.0 1.0 line
26.3 0 1.2 1.0 NULL
27.5 1 2.0 1.0 line
29.5 0 1.2 1.0 NULL
30.7 2 2.0 1.0 square
32.7 0 1.9 1.0 NULL
34.6 2 2.0 1.0 square
36.6 0 1.1 1.0 NULL
37.7 1 2.0 1.0 line
39.7 0 1.1 1.0 NULL
40.800000000000004 2 2.0 1.0 square
42.800000000000004 0 1.0 1.0 NULL
43.800000000000004 2 2.0 1.0 square
45.800000000000004 0 1.9 1.0 NULL
47.7 2 2.0 1.0 square
49.7 0 1.4 1.0 NULL
51.1 2 2.0 1.0 square
53.099999999999994 0 1.1 1.0 NULL
54.199999999999996 1 2.0 1.0 line
56.199999999999996 0 1.0 1.0 NULL
57.199999999999996 2 2.0 1.0 square
59.199999999999996 0 2.0 1.0 NULL
61.199999999999996 2 2.0 1.0 square
63.199999999999996 0 1.0 1.0 NULL
64.19999999999999 1 2.0 1.0 line
66.2 0 1.0 1.0 NULL
67.2 2 2.0 1.0 square
69.2 0 1.8 1.0 NULL
71.0 1 2.0 1.0 line
73.0 0 1.0 1.0 NULL
74.0 1 2.0 1.0 line
76.0 0 1.2 1.0 NULL
77.2 1 2.0 1.0 line
79.19999999999999 0 1.0 1.0 NULL
80.19999999999999 1 2.0 1.0 line
82.19999999999999 0 1.0 1.0 NULL
83.19999999999999 2 2.0 1.0 square
85.19999999999999 0 1.0 1.0 NULL
86.19999999999999 2 2.0 1.0 square
88.19999999999999 0 1.5 1.0 NULL
89.69999999999999 1 2.0 1.0 line
91.69999999999999 0 1.8 1.0 NULL
93.49999999999999 1 2.0 1.0 line
95.49999999999999 0 1.0 1.0 NULL
96.49999999999999 2 2.0 1.0 square
98.49999999999999 0 1.4 1.0 NULL
99.89999999999999 1 2.0 1.0 line
101.89999999999999 0 1.0 1.0 NULL
102.89999999999999 1 2.0 1.0 line
104.9 0 1.1 1.0 NULL
106.0 1 2.0 1.0 line
108.0 0 1.6 1.0 NULL
109.6 1 2.0 1.0 line
111.6 0 1.3 1.0 NULL
112.89999999999999 2 2.0 1.0 square
114.89999999999999 0 1.2 1.0 NULL
116.1 2 2.0 1.0 square
118.1 0 1.1 1.0 NULL
119.19999999999999 1 2.0 1.0 line
121.19999999999999 0 1.0 1.0 NULL
122.19999999999999 2 2.0 1.0 square
124.19999999999999 0 1.5 1.0 NULL
125.69999999999999 2 2.0 1.0 square
127.69999999999999 0 1.1 1.0 NULL
128.79999999999998 2 2.0 1.0 square
130.8 0 1.0 1.0 NULL
