0.0 0 1.3 1.0 NULL
1.3 1 2.0 1.0 line
3.3 0 1.5 1.0 NULL
4.8 2 2.0 1.0 square
6.8 0 1.8 1.0 NULL
8.6 1 2.0 1.0 line
10.6 0 1.0 1.0 NULL
11.6 2 2.0 1.0 square
13.6 0 1.0 1.0 NULL
14.6 1 2.0 1.0 line
16.6 0 1.4 1.0 NULL
18.0 1 2.0 1.0 line
20.0 0 1.0 1.0 NULL
21.0 2 2.0 1.0 square
23.0 0 1.7 1.0 NULL
24.7 2 2.0 1.0 square
26.7 0 1.6 1.0 NULL
28.3 2 2.0 1.0 square
30.3 0 1.0 1.0 NULL
31.3 1 2.0 1.0 line
33.3 0 1.0 1.0 NULL
34.3 2 2.0 1.0 square
36.3 0 1.1 1.0 NULL
37.4 1 2.0 1.0 line
39.400000000000006 0 1.2 1.0 NULL
40.60000000000001 1 2.0 1.0 line
42.60000000000001 0 1.9 1.0 NULL
44.50000000000001 1 2.0 1.0 line
46.50000000000001 0 1.1 1.0 NULL
47.60000000000001 1 2.0 1.0 line
49.60000000000001 0 1.0 1.0 NULL
50.60000000000001 1 2.0 1.0 line
52.6 0 1.1 1.0 NULL
53.7 2 2.0 1.0 square
55.7 0 1.9 1.0 NULL
57.6 2 2.0 1.0 square
59.6 0 1.0 1.0 NULL
60.6 2 2.0 1.0 square
62.6 0 1.2 1.0 NULL
63.800000000000004 2 2.0 1.0 square
65.8 0 1.1 1.0 NULL
66.89999999999999 2 2.0 1.0 square
68.89999999999999 0 1.3 1.0 NULL
70.19999999999999 2 2.0 1.0 square
72.19999999999999 0 1.9 1.0 NULL
74.1 2 2.0 1.0 square
76.1 0 1.4 1.0 NULL
77.5 1 2.0 1.0 line
79.5 0 1.4 1.0 NULL
80.9 2 2.0 1.0 square
82.9 0 1.0 1.0 NULL
83.9 1 2.0 1.0 line
85.9 0 1.7 1.0 NULL
87.60000000000001 1 2.0 1.0 line
89.60000000000001 0 1.2 1.0 NULL
90.80000000000001 2 2.0 1.0 square
92.80000000000001 0 1.2 1.0 NULL
94.00000000000001 1 2.0 1.0 line
96.00000000000001 0 1.0 1.0 NULL
97.00000000000001 1 2.0 1.0 line
99.00000000000001 0 1.1 1.0 NULL
100.10000000000001 2 2.0 1.0 square
102.10000000000001 0 1.0 1.0 NULL
103.10000000000001 2 2.0 1.0 square
105.1 0 1.0 1.0 NULL
106.1 1 2.0 1.0 line
108.1 0 1.9 1.0 NULL
110.0 2 2.0 1.0 square
112.0 0 1.1 1.0 NULL
113.1 2 2.0 1.0 square
115.1 0 1.0 1.0 NULL
116.1 1 2.0 1.0 line
118.1 0 1.0 1.0 NULL
119.1 1 2.0 1.0 line
121.1 0 1.1 1.0 NULL
122.19999999999999 2 2.0 1.0 square
124.19999999999999 0 1.0 1.0 NULL
125.19999999999999 1 2.0 1.0 line
127.19999999999999 0 1.0 1.0 NULL
128.2 1 2.0 1.0 line
130.20000000000002 0 1.1 1.0 NULL
