0.0 0 1.2 1.0 NULL
1.2 2 2.0 1.0 square
3.2 0 1.6 1.0 NULL
4.800000000000001 1 2.0 1.0 line
6.800000000000001 0 1.0 1.0 NULL
7.800000000000001 2 2.0 1.0 square
9.8 0 1.2 1.0 NULL
11.0 1 2.0 1.0 line
13.0 0 1.7 1.0 NULL
14.7 2 2.0 1.0 square
16.7 0 1.1 1.0 NULL
17.8 1 2.0 1.0 line
19.8 0 1.0 1.0 NULL
20.8 1 2.0 1.0 line
22.8 0 1.1 1.0 NULL
23.900000000000002 1 2.0 1.0 line
25.900000000000002 0 1.2 1.0 NULL
27.1 1 2.0 1.0 line
29.1 0 1.2 1.0 NULL
30.3 1 2.0 1.0 line
32.3 0 1.2 1.0 NULL
33.5 1 2.0 1.0 line
35.5 0 1.6 1.0 NULL
37.1 2 2.0 1.0 square
39.1 0 1.1 1.0 NULL
40.2 1 2.0 1.0 line
42.2 0 1.4 1.0 NULL
43.6 1 2.0 1.0 line
45.6 0 1.0 1.0 NULL
46.6 1 2.0 1.0 line
48.6 0 1.1 1.0 NULL
49.7 1 2.0 1.0 line
51.7 0 2.0 1.0 NULL
53.7 2 2.0 1.0 square
55.7 0 1.0 1.0 NULL
56.7 2 2.0 1.0 square
58.7 0 1.3 1.0 NULL
60.0 2 2.0 1.0 square
62.0 0 1.5 1.0 NULL
63.5 2 2.0 1.0 square
65.5 0 1.2 1.0 NULL
66.7 2 2.0 1.0 square
68.7 0 1.2 1.0 NULL
69.9 1 2.0 1.0 line
71.9 0 1.9 1.0 NULL
73.80000000000001 1 2.0 1.0 line
75.80000000000001 0 1.0 1.0 NULL
76.80000000000001 2 2.0 1.0 square
78.8 0 1.7 1.0 NULL
80.5 2 2.0 1.0 square
82.5 0 1.0 1.0 NULL
83.5 1 2.0 1.0 line
85.5 0 1.0 1.0 NULL
86.5 2 2.0 1.0 square
88.5 0 1.0 1.0 NULL
89.5 1 2.0 1.0 line
91.5 0 1.0 1.0 NULL
92.5 2 2.0 1.0 square
94.5 0 1.8 1.0 NULL
96.3 2 2.0 1.0 square
98.3 0 1.0 1.0 NULL
99.3 2 2.0 1.0 square
101.3 0 1.1 1.0 NULL
102.39999999999999 2 2.0 1.0 square
104.4 0 1.5 1.0 NULL
105.9 1 2.0 1.0 line
107.9 0 1.1 1.0 NULL
109.0 1 2.0 1.0 line
111.0 0 1.7 1.0 NULL
112.7 1 2.0 1.0 line
114.7 0 1.0 1.0 NULL
115.7 2 2.0 1.0 square
117.7 0 1.5 1.0 NULL
119.2 2 2.0 1.0 square
121.2 0 1.0 1.0 NULL
122.2 1 2.0 1.0 line
124.2 0 1.0 1.0 NULL
125.2 2 2.0 1.0 square
127.2 0 1.0 1.0 NULL
128.2 2 2.0 1.0 square
130.2 0 1.0 1.0 NULL
