0.0 0 1.5 1.0 NULL
1.5 1 2.0 1.0 line
3.5 0 1.0 1.0 NULL
4.5 2 2.0 1.0 square
6.5 0 1.5 1.0 NULL
8.0 1 2.0 1.0 line
10.0 0 1.8 1.0 NULL
11.8 1 2.0 1.0 line
13.8 0 1.0 1.0 NULL
14.8 1 2.0 1.0 line
16.8 0 1.9 1.0 NULL
18.7 2 2.0 1.0 square
20.7 0 1.4 1.0 NULL
22.099999999999998 1 2.0 1.0 line
24.099999999999998 0 1.1 1.0 NULL
25.2 1 2.0 1.0 line
27.200000000000003 0 1.3 1.0 NULL
28.500000000000004 2 2.0 1.0 square
30.500000000000004 0 1.0 1.0 NULL
31.500000000000004 2 2.0 1.0 square
33.5 0 1.1 1.0 NULL
34.6 2 2.0 1.0 square
36.6 0 1.4 1.0 NULL
38.0 2 2.0 1.0 square
40.0 0 1.0 1.0 NULL
41.0 1 2.0 1.0 line
43.0 0 1.1 1.0 NULL
44.1 1 2.0 1.0 line
46.1 0 1.4 1.0 NULL
47.5 2 2.0 1.0 square
49.5 0 1.0 1.0 NULL
50.5 1 2.0 1.0 line
52.5 0 1.1 1.0 NULL
53.6 1 2.0 1.0 line
55.6 0 1.0 1.0 NULL
56.6 2 2.0 1.0 square
58.6 0 1.1 1.0 NULL
59.7 2 2.0 1.0 square
61.7 0 1.3 1.0 NULL
63.0 2 2.0 1.0 square
65.0 0 1.0 1.0 NULL
66.0 2 2.0 1.0 square
68.0 0 1.5 1.0 NULL
69.5 1 2.0 1.0 line
71.5 0 1.0 1.0 NULL
72.5 1 2.0 1.0 line
74.5 0 1.0 1.0 NULL
75.5 1 2.0 1.0 line
77.5 0 1.8 1.0 NULL
79.3 2 2.0 1.0 square
81.3 0 1.1 1.0 NULL
82.39999999999999 1 2.0 1.0 line
84.39999999999999 0 1.2 1.0 NULL
85.6 2 2.0 1.0 square
87.6 0 1.2 1.0 NULL
88.8 1 2.0 1.0 line
90.80000000000001 0 1.0 1.0 NULL
91.80000000000001 2 2.0 1.0 square
93.80000000000001 0 1.0 1.0 NULL
94.80000000000001 1 2.0 1.0 line
96.80000000000001 0 1.5 1.0 NULL
98.30000000000001 2 2.0 1.0 square
100.30000000000001 0 1.9 1.0 NULL
102.20000000000002 1 2.0 1.0 line
104.20000000000002 0 1.1 1.0 NULL
105.30000000000001 2 2.0 1.0 square
107.30000000000001 0 1.1 1.0 NULL
108.4 2 2.0 1.0 square
110.4 0 1.3 1.0 NULL
111.7 1 2.0 1.0 line
113.7 0 1.1 1.0 NULL
114.8 2 2.0 1.0 square
116.8 0 2.0 1.0 NULL
118.8 2 2.0 1.0 square
120.8 0 1.0 1.0 NULL
121.8 2 2.0 1.0 square
123.8 0 1.1 1.0 NULL
124.89999999999999 1 2.0 1.0 line
126.89999999999999 0 1.3 1.0 NULL
128.2 1 2.0 1.0 line
130.2 0 1.3 1.0 NULL
