0.0 0 1.0 1.0 NULL
1.0 1 2.0 1.0 line
3.0 0 1.2 1.0 NULL
4.2 1 2.0 1.0 line
6.2 0 1.4 1.0 NULL
7.6 2 2.0 1.0 square
9.6 0 1.7 1.0 NULL
11.299999999999999 1 2.0 1.0 line
13.3 0 1.3 1.0 NULL
14.600000000000001 2 2.0 1.0 square
16.6 0 1.2 1.0 NULL
17.8 1 2.0 1.0 line
19.8 0 1.0 1.0 NULL
20.8 1 2.0 1.0 line
22.8 0 1.7 1.0 NULL
24.5 2 2.0 1.0 square
26.5 0 1.1 1.0 NULL
27.6 2 2.0 1.0 square
29.6 0 1.1 1.0 NULL
30.700000000000003 1 2.0 1.0 line
32.7 0 1.3 1.0 NULL
34.0 1 2.0 1.0 line
36.0 0 1.8 1.0 NULL
37.8 2 2.0 1.0 square
39.8 0 1.0 1.0 NULL
40.8 2 2.0 1.0 square
42.8 0 1.4 1.0 NULL
44.199999999999996 1 2.0 1.0 line
46.199999999999996 0 1.0 1.0 NULL
47.199999999999996 1 2.0 1.0 line
49.199999999999996 0 1.0 1.0 NULL
50.199999999999996 2 2.0 1.0 square
52.2 0 1.1 1.0 NULL
53.300000000000004 1 2.0 1.0 line
55.300000000000004 0 1.1 1.0 NULL
56.400000000000006 2 2.0 1.0 square
58.400000000000006 0 1.0 1.0 NULL
59.400000000000006 1 2.0 1.0 line
61.400000000000006 0 1.2 1.0 NULL
62.60000000000001 2 2.0 1.0 square
64.6 0 1.1 1.0 NULL
65.69999999999999 2 2.0 1.0 square
67.69999999999999 0 1.0 1.0 NULL
68.69999999999999 1 2.0 1.0 line
70.69999999999999 0 1.0 1.0 NULL
71.69999999999999 2 2.0 1.0 square
73.69999999999999 0 1.8 1.0 NULL
75.49999999999999 2 2.0 1.0 square
77.5 0 1.0 1.0 NULL
78.5 2 2.0 1.0 square
80.5 0 1.1 1.0 NULL
81.6 1 2.0 1.0 line
83.6 0 1.0 1.0 NULL
84.6 1 2.0 1.0 line
86.6 0 1.0 1.0 NULL
87.6 2 2.0 1.0 square
89.60000000000001 0 1.5 1.0 NULL
91.10000000000001 1 2.0 1.0 line
93.10000000000001 0 1.5 1.0 NULL
94.60000000000001 1 2.0 1.0 line
96.60000000000001 0 1.0 1.0 NULL
97.60000000000001 1 2.0 1.0 line
99.60000000000001 0 1.2 1.0 NULL
100.80000000000001 2 2.0 1.0 square
102.8 0 1.9 1.0 NULL
104.7 2 2.0 1.0 square
106.7 0 1.0 1.0 NULL
107.7 1 2.0 1.0 line
109.7 0 2.0 1.0 NULL
111.7 1 2.0 1.0 line
113.7 0 1.1 1.0 NULL
114.8 2 2.0 1.0 square
116.80000000000001 0 1.3 1.0 NULL
118.10000000000001 2 2.0 1.0 square
120.10000000000001 0 1.0 1.0 NULL
121.10000000000001 2 2.0 1.0 square
123.10000000000001 0 1.0 1.0 NULL
124.10000000000001 1 2.0 1.0 line
126.10000000000001 0 1.5 1.0 NULL
127.60000000000001 2 2.0 1.0 square
129.6 0 1.4 1.0 NULL
