0.0 0 1.0 1.0 NULL
1.0 1 2.0 1.0 line
3.0 0 1.0 1.0 NULL
4.0 2 2.0 1.0 square
6.0 0 1.3 1.0 NULL
7.3 1 2.0 1.0 line
9.3 0 1.7 1.0 NULL
11.0 2 2.0 1.0 square
13.0 0 1.1 1.0 NULL
14.1 1 2.0 1.0 line
16.1 0 1.2 1.0 NULL
17.3 1 2.0 1.0 line
19.3 0 1.0 1.0 NULL
20.3 1 2.0 1.0 line
22.3 0 1.7 1.0 NULL
24.0 2 2.0 1.0 square
26.0 0 1.0 1.0 NULL
27.0 2 2.0 1.0 square
29.0 0 1.2 1.0 NULL
30.2 1 2.0 1.0 line
32.2 0 1.0 1.0 NULL
33.2 1 2.0 1.0 line
35.2 0 1.8 1.0 NULL
37.0 2 2.0 1.0 square
39.0 0 1.2 1.0 NULL
40.2 1 2.0 1.0 line
42.2 0 1.1 1.0 NULL
43.300000000000004 1 2.0 1.0 line
45.300000000000004 0 1.7 1.0 NULL
47.00000000000001 2 2.0 1.0 square
49.00000000000001 0 1.0 1.0 NULL
50.00000000000001 1 2.0 1.0 line
52.0 0 1.0 1.0 NULL
53.0 2 2.0 1.0 square
55.0 0 1.1 1.0 NULL
56.1 2 2.0 1.0 square
58.1 0 1.0 1.0 NULL
59.1 2 2.0 1.0 square
61.1 0 1.3 1.0 NULL
62.4 2 2.0 1.0 square
64.4 0 1.6 1.0 NULL
66.0 1 2.0 1.0 line
68.0 0 1.0 1.0 NULL
69.0 2 2.0 1.0 square
71.0 0 1.0 1.0 NULL
72.0 1 2.0 1.0 line
74.0 0 1.2 1.0 NULL
75.2 2 2.0 1.0 square
77.2 0 1.0 1.0 NULL
78.2 1 2.0 1.0 line
80.2 0 1.0 1.0 NULL
81.2 2 2.0 1.0 square
83.2 0 1.0 1.0 NULL
84.2 1 2.0 1.0 line
86.2 0 1.8 1.0 NULL
88.0 1 2.0 1.0 line
90.0 0 1.0 1.0 NULL
91.0 1 2.0 1.0 line
93.0 0 2.0 1.0 NULL
95.0 2 2.0 1.0 square
97.0 0 1.0 1.0 NULL
98.0 2 2.0 1.0 square
100.0 0 1.1 1.0 NULL
101.1 2 2.0 1.0 square
103.1 0 1.2 1.0 NULL
104.3 1 2.0 1.0 line
106.3 0 1.3 1.0 NULL
107.6 2 2.0 1.0 square
109.6 0 1.1 1.0 NULL
110.69999999999999 2 2.0 1.0 square
112.69999999999999 0 2.0 1.0 NULL
114.69999999999999 2 2.0 1.0 square
116.7 0 1.3 1.0 NULL
118.0 2 2.0 1.0 square
120.0 0 1.2 1.0 NULL
121.2 1 2.0 1.0 line
123.2 0 1.0 1.0 NULL
124.2 1 2.0 1.0 line
126.2 0 1.5 1.0 NULL
127.7 1 2.0 1.0 line
129.7 0 1.3 1.0 NULL
