0.0 0 1.6 1.0 NULL
1.6 1 2.0 1.0 line
3.6 0 1.0 1.0 NULL
4.6 2 2.0 1.0 square
6.6 0 1.2 1.0 NULL
7.8 1 2.0 1.0 line
9.8 0 1.0 1.0 NULL
10.8 2 2.0 1.0 square
12.8 0 1.0 1.0 NULL
13.8 2 2.0 1.0 square
15.8 0 2.0 1.0 NULL
17.8 1 2.0 1.0 line
19.8 0 1.0 1.0 NULL
20.8 1 2.0 1.0 line
22.8 0 1.5 1.0 NULL
24.3 2 2.0 1.0 square
26.299999999999997 0 1.1 1.0 NULL
27.4 1 2.0 1.0 line
29.4 0 1.9 1.0 NULL
31.299999999999997 2 2.0 1.0 square
33.3 0 1.0 1.0 NULL
34.3 2 2.0 1.0 square
36.3 0 1.1 1.0 NULL
37.4 1 2.0 1.0 line
39.4 0 1.6 1.0 NULL
41.0 2 2.0 1.0 square
43.0 0 1.0 1.0 NULL
44.0 1 2.0 1.0 line
46.0 0 1.4 1.0 NULL
47.4 1 2.0 1.0 line
49.4 0 1.3 1.0 NULL
50.699999999999996 2 2.0 1.0 square
52.7 0 1.5 1.0 NULL
54.2 1 2.0 1.0 line
56.2 0 1.0 1.0 NULL
57.2 2 2.0 1.0 square
59.2 0 1.0 1.0 NULL
60.2 1 2.0 1.0 line
62.2 0 1.0 1.0 NULL
63.2 1 2.0 1.0 line
65.2 0 1.7 1.0 NULL
66.9 2 2.0 1.0 square
68.9 0 1.6 1.0 NULL
70.5 1 2.0 1.0 line
72.5 0 1.0 1.0 NULL
73.5 1 2.0 1.0 line
75.5 0 1.4 1.0 NULL
76.9 2 2.0 1.0 square
78.9 0 1.5 1.0 NULL
80.4 1 2.0 1.0 line
82.4 0 1.7 1.0 NULL
84.10000000000001 1 2.0 1.0 line
86.10000000000001 0 1.5 1.0 NULL
87.60000000000001 1 2.0 1.0 line
89.60000000000001 0 1.1 1.0 NULL
90.7 2 2.0 1.0 square
92.7 0 1.3 1.0 NULL
94.0 2 2.0 1.0 square
96.0 0 1.0 1.0 NULL
97.0 2 2.0 1.0 square
99.0 0 1.5 1.0 NULL
100.5 1 2.0 1.0 line
102.5 0 1.0 1.0 NULL
103.5 2 2.0 1.0 square
105.5 0 1.3 1.0 NULL
106.8 1 2.0 1.0 line
108.8 0 1.4 1.0 NULL
110.2 2 2.0 1.0 square
112.2 0 1.1 1.0 NULL
113.3 2 2.0 1.0 square
115.3 0 1.0 1.0 NULL
116.3 2 2.0 1.0 square
118.3 0 1.1 1.0 NULL
119.39999999999999 2 2.0 1.0 square
121.39999999999999 0 1.0 1.0 NULL
122.39999999999999 1 2.0 1.0 line
124.39999999999999 0 1.0 1.0 NULL
125.39999999999999 1 2.0 1.0 line
127.39999999999999 0 1.0 1.0 NULL
128.39999999999998 2 2.0 1.0 square
130.4 0 1.2 1.0 NULL
