0.0 0 1.6 1.0 NULL
1.6 2 2.0 1.0 square
3.6 0 1.1 1.0 NULL
4.7 1 2.0 1.0 line
6.7 0 1.5 1.0 NULL
8.2 2 2.0 1.0 square
10.2 0 1.1 1.0 NULL
11.299999999999999 2 2.0 1.0 square
13.3 0 1.1 1.0 NULL
14.4 1 2.0 1.0 line
16.4 0 1.5 1.0 NULL
17.9 1 2.0 1.0 line
19.9 0 1.2 1.0 NULL
21.099999999999998 1 2.0 1.0 line
23.099999999999998 0 1.2 1.0 NULL
24.299999999999997 2 2.0 1.0 square
26.3 0 1.1 1.0 NULL
27.400000000000002 1 2.0 1.0 line
29.400000000000002 0 1.1 1.0 NULL
30.500000000000004 2 2.0 1.0 square
32.5 0 1.9 1.0 NULL
34.4 1 2.0 1.0 line
36.4 0 1.3 1.0 NULL
37.699999999999996 1 2.0 1.0 line
39.7 0 1.0 1.0 NULL
40.7 1 2.0 1.0 line
42.7 0 1.5 1.0 NULL
44.2 1 2.0 1.0 line
46.2 0 1.0 1.0 NULL
47.2 2 2.0 1.0 square
49.2 0 1.7 1.0 NULL
50.900000000000006 2 2.0 1.0 square
52.9 0 1.0 1.0 NULL
53.9 2 2.0 1.0 square
55.9 0 1.4 1.0 NULL
57.3 1 2.0 1.0 line
59.3 0 1.0 1.0 NULL
60.3 2 2.0 1.0 square
62.3 0 1.5 1.0 NULL
63.8 1 2.0 1.0 line
65.80000000000001 0 1.0 1.0 NULL
66.80000000000001 1 2.0 1.0 line
68.80000000000001 0 1.6 1.0 NULL
70.4 1 2.0 1.0 line
72.4 0 1.2 1.0 NULL
73.60000000000001 1 2.0 1.0 line
75.60000000000001 0 1.0 1.0 NULL
76.60000000000001 2 2.0 1.0 square
78.6 0 1.0 1.0 NULL
79.6 2 2.0 1.0 square
81.6 0 1.0 1.0 NULL
82.6 2 2.0 1.0 square
84.6 0 1.2 1.0 NULL
85.8 2 2.0 1.0 square
87.8 0 1.0 1.0 NULL
88.8 1 2.0 1.0 line
90.8 0 1.3 1.0 NULL
92.1 2 2.0 1.0 square
94.1 0 1.2 1.0 NULL
95.3 1 2.0 1.0 line
97.3 0 1.9 1.0 NULL
99.2 1 2.0 1.0 line
101.2 0 1.5 1.0 NULL
102.7 2 2.0 1.0 square
104.7 0 1.1 1.0 NULL
105.8 2 2.0 1.0 square
107.8 0 1.0 1.0 NULL
108.8 1 2.0 1.0 line
110.8 0 2.0 1.0 NULL
112.8 2 2.0 1.0 square
114.8 0 1.3 1.0 NULL
116.1 2 2.0 1.0 square
118.1 0 1.2 1.0 NULL
119.3 2 2.0 1.0 square
121.3 0 1.1 1.0 NULL
122.39999999999999 1 2.0 1.0 line
124.39999999999999 0 1.1 1.0 NULL
125.49999999999999 1 2.0 1.0 line
127.49999999999999 0 1.0 1.0 NULL
128.5 2 2.0 1.0 square
130.5 0 1.1 1.0 NULL
