0.0 0 1.1 1.0 NULL
1.1 2 2.0 1.0 square
3.1 0 1.1 1.0 NULL
4.2 2 2.0 1.0 square
6.2 0 1.5 1.0 NULL
7.7 1 2.0 1.0 line
9.7 0 1.1 1.0 NULL
10.799999999999999 2 2.0 1.0 square
12.8 0 1.0 1.0 NULL
13.8 1 2.0 1.0 line
15.8 0 1.2 1.0 NULL
17.0 2 2.0 1.0 square
19.0 0 1.0 1.0 NULL
20.0 1 2.0 1.0 line
22.0 0 1.7 1.0 NULL
23.7 1 2.0 1.0 line
25.7 0 1.1 1.0 NULL
26.8 1 2.0 1.0 line
28.8 0 1.1 1.0 NULL
29.900000000000002 1 2.0 1.0 line
31.900000000000002 0 1.2 1.0 NULL
33.1 2 2.0 1.0 square
35.1 0 1.7 1.0 NULL
36.800000000000004 1 2.0 1.0 line
38.8 0 1.2 1.0 NULL
40.0 1 2.0 1.0 line
42.0 0 1.0 1.0 NULL
43.0 2 2.0 1.0 square
45.0 0 2.0 1.0 NULL
47.0 2 2.0 1.0 square
49.0 0 1.1 1.0 NULL
50.1 2 2.0 1.0 square
52.099999999999994 0 1.2 1.0 NULL
53.3 1 2.0 1.0 line
55.3 0 1.0 1.0 NULL
56.3 1 2.0 1.0 line
58.3 0 1.5 1.0 NULL
59.8 1 2.0 1.0 line
61.8 0 1.0 1.0 NULL
62.8 1 2.0 1.0 line
64.8 0 1.0 1.0 NULL
65.8 2 2.0 1.0 square
67.8 0 1.1 1.0 NULL
68.89999999999999 1 2.0 1.0 line
70.89999999999999 0 1.2 1.0 NULL
72.1 1 2.0 1.0 line
74.1 0 1.4 1.0 NULL
75.5 1 2.0 1.0 line
77.5 0 1.0 1.0 NULL
78.5 2 2.0 1.0 square
80.5 0 1.0 1.0 NULL
81.5 2 2.0 1.0 square
83.5 0 1.0 1.0 NULL
84.5 2 2.0 1.0 square
86.5 0 1.1 1.0 NULL
87.6 1 2.0 1.0 line
89.6 0 2.0 1.0 NULL
91.6 2 2.0 1.0 square
93.6 0 1.0 1.0 NULL
94.6 1 2.0 1.0 line
96.6 0 1.0 1.0 NULL
97.6 2 2.0 1.0 square
99.6 0 1.1 1.0 NULL
100.69999999999999 2 2.0 1.0 square
102.69999999999999 0 1.6 1.0 NULL
104.29999999999998 2 2.0 1.0 square
106.29999999999998 0 1.2 1.0 NULL
107.49999999999999 1 2.0 1.0 line
109.49999999999999 0 1.9 1.0 NULL
111.39999999999999 2 2.0 1.0 square
113.39999999999999 0 1.1 1.0 NULL
114.49999999999999 2 2.0 1.0 square
116.5 0 1.4 1.0 NULL
117.9 2 2.0 1.0 square
119.9 0 1.0 1.0 NULL
120.9 2 2.0 1.0 square
122.9 0 1.0 1.0 NULL
123.9 1 2.0 1.0 line
125.9 0 1.8 1.0 NULL
127.7 1 2.0 1.0 line
129.7 0 1.4 1.0 NULL
