0.0 0 1.0 1.0 NULL
1.0 1 2.0 1.0 line
3.0 0 1.0 1.0 NULL
4.0 1 2.0 1.0 line
6.0 0 1.0 1.0 NULL
7.0 1 2.0 1.0 line
9.0 0 1.3 1.0 NULL
10.3 2 2.0 1.0 square
12.3 0 1.3 1.0 NULL
13.600000000000001 2 2.0 1.0 square
15.600000000000001 0 1.4 1.0 NULL
17.0 2 2.0 1.0 square
19.0 0 1.0 1.0 NULL
20.0 1 2.0 1.0 line
22.0 0 1.8 1.0 NULL
23.8 1 2.0 1.0 line
25.799999999999997 0 1.0 1.0 NULL
26.799999999999997 2 2.0 1.0 square
28.799999999999997 0 1.7 1.0 NULL
30.499999999999996 2 2.0 1.0 square
32.5 0 1.0 1.0 NULL
33.5 2 2.0 1.0 square
35.5 0 1.0 1.0 NULL
36.5 2 2.0 1.0 square
38.5 0 1.2 1.0 NULL
39.7 2 2.0 1.0 square
41.7 0 1.1 1.0 NULL
42.800000000000004 2 2.0 1.0 square
44.800000000000004 0 1.1 1.0 NULL
45.900000000000006 1 2.0 1.0 line
47.900000000000006 0 1.1 1.0 NULL
49.00000000000001 1 2.0 1.0 line
51.0 0 1.2 1.0 NULL
52.2 1 2.0 1.0 line
54.2 0 1.8 1.0 NULL
56.0 1 2.0 1.0 line
58.0 0 1.1 1.0 NULL
59.1 2 2.0 1.0 square
61.1 0 1.1 1.0 NULL
62.2 2 2.0 1.0 square
64.2 0 1.9 1.0 NULL
66.10000000000001 2 2.0 1.0 square
68.10000000000001 0 1.0 1.0 NULL
69.10000000000001 2 2.0 1.0 square
71.10000000000001 0 1.1 1.0 NULL
72.2 1 2.0 1.0 line
74.2 0 1.9 1.0 NULL
76.10000000000001 2 2.0 1.0 square
78.1 0 1.2 1.0 NULL
79.3 1 2.0 1.0 line
81.3 0 1.5 1.0 NULL
82.8 1 2.0 1.0 line
84.8 0 1.2 1.0 NULL
86.0 2 2.0 1.0 square
88.0 0 1.2 1.0 NULL
89.2 2 2.0 1.0 square
91.19999999999999 0 1.2 1.0 NULL
92.39999999999999 1 2.0 1.0 line
94.39999999999999 0 1.6 1.0 NULL
95.99999999999999 1 2.0 1.0 line
97.99999999999999 0 1.0 1.0 NULL
98.99999999999999 2 2.0 1.0 square
100.99999999999999 0 1.1 1.0 NULL
102.09999999999998 1 2.0 1.0 line
104.1 0 1.0 1.0 NULL
105.1 1 2.0 1.0 line
107.1 0 1.2 1.0 NULL
108.3 1 2.0 1.0 line
110.3 0 1.0 1.0 NULL
111.3 2 2.0 1.0 square
113.3 0 2.0 1.0 NULL
115.3 2 2.0 1.0 square
117.3 0 1.1 1.0 NULL
118.39999999999999 1 2.0 1.0 line
120.39999999999999 0 1.4 1.0 NULL
121.8 2 2.0 1.0 square
123.8 0 1.0 1.0 NULL
124.8 1 2.0 1.0 line
126.8 0 1.1 1.0 NULL
127.89999999999999 1 2.0 1.0 line
129.89999999999998 0 1.1 1.0 NULL
