0.0 0 1.0 1.0 NULL
1.0 1 2.0 1.0 line
3.0 0 1.1 1.0 NULL
4.1 1 2.0 1.0 line
6.1 0 1.2 1.0 NULL
7.3 1 2.0 1.0 line
9.3 0 1.5 1.0 NULL
10.8 2 2.0 1.0 square
12.8 0 1.2 1.0 NULL
14.0 1 2.0 1.0 line
16.0 0 1.5 1.0 NULL
17.5 1 2.0 1.0 line
19.5 0 1.3 1.0 NULL
20.8 1 2.0 1.0 line
22.8 0 1.0 1.0 NULL
23.8 1 2.0 1.0 line
25.8 0 1.1 1.0 NULL
26.900000000000002 2 2.0 1.0 square
28.900000000000002 0 1.0 1.0 NULL
29.900000000000002 1 2.0 1.0 line
31.900000000000002 0 2.0 1.0 NULL
33.900000000000006 1 2.0 1.0 line
35.900000000000006 0 1.1 1.0 NULL
37.00000000000001 1 2.0 1.0 line
39.0 0 1.1 1.0 NULL
40.1 1 2.0 1.0 line
42.1 0 1.3 1.0 NULL
43.4 2 2.0 1.0 square
45.4 0 1.7 1.0 NULL
47.1 2 2.0 1.0 square
49.1 0 1.2 1.0 NULL
50.300000000000004 2 2.0 1.0 square
52.3 0 1.3 1.0 NULL
53.599999999999994 1 2.0 1.0 line
55.599999999999994 0 1.1 1.0 NULL
56.699999999999996 2 2.0 1.0 square
58.699999999999996 0 1.7 1.0 NULL
60.4 2 2.0 1.0 square
62.4 0 1.0 1.0 NULL
63.4 1 2.0 1.0 line
65.4 0 1.0 1.0 NULL
66.4 2 2.0 1.0 square
68.4 0 1.0 1.0 NULL
69.4 2 2.0 1.0 square
71.4 0 1.1 1.0 NULL
72.5 2 2.0 1.0 square
74.5 0 1.0 1.0 NULL
75.5 2 2.0 1.0 square
77.5 0 1.6 1.0 NULL
79.1 2 2.0 1.0 square
81.1 0 1.0 1.0 NULL
82.1 1 2.0 1.0 line
84.1 0 1.3 1.0 NULL
85.39999999999999 2 2.0 1.0 square
87.39999999999999 0 1.4 1.0 NULL
88.8 1 2.0 1.0 line
90.8 0 1.0 1.0 NULL
91.8 1 2.0 1.0 line
93.8 0 1.6 1.0 NULL
95.39999999999999 2 2.0 1.0 square
97.39999999999999 0 1.6 1.0 NULL
98.99999999999999 2 2.0 1.0 square
100.99999999999999 0 1.0 1.0 NULL
101.99999999999999 2 2.0 1.0 square
104.0 0 1.0 1.0 NULL
105.0 1 2.0 1.0 line
107.0 0 1.9 1.0 NULL
108.9 1 2.0 1.0 line
110.9 0 1.0 1.0 NULL
111.9 2 2.0 1.0 square
113.9 0 1.4 1.0 NULL
115.30000000000001 1 2.0 1.0 line
117.3 0 1.1 1.0 NULL
118.39999999999999 1 2.0 1.0 line
120.39999999999999 0 1.1 1.0 NULL
121.49999999999999 2 2.0 1.0 square
123.49999999999999 0 1.1 1.0 NULL
124.59999999999998 2 2.0 1.0 square
126.59999999999998 0 1.1 1.0 NULL
127.69999999999997 2 2.0 1.0 square
129.7 0 1.3 1.0 NULL
