0.0 0 1.0 1.0 NULL
1.0 1 2.0 1.0 line
3.0 0 1.1 1.0 NULL
4.1 2 2.0 1.0 square
6.1 0 1.8 1.0 NULL
7.8999999999999995 1 2.0 1.0 line
9.899999999999999 0 1.0 1.0 NULL
10.899999999999999 2 2.0 1.0 square
12.899999999999999 0 1.0 1.0 NULL
13.899999999999999 2 2.0 1.0 square
15.899999999999999 0 1.3 1.0 NULL
17.2 1 2.0 1.0 line
19.2 0 1.6 1.0 NULL
20.8 2 2.0 1.0 square
22.8 0 1.2 1.0 NULL
24.0 1 2.0 1.0 line
26.0 0 1.3 1.0 NULL
27.3 2 2.0 1.0 square
29.3 0 1.0 1.0 NULL
30.3 1 2.0 1.0 line
32.3 0 1.1 1.0 NULL
33.4 1 2.0 1.0 line
35.4 0 1.1 1.0 NULL
36.5 1 2.0 1.0 line
38.5 0 1.0 1.0 NULL
39.5 2 2.0 1.0 square
41.5 0 1.4 1.0 NULL
42.9 1 2.0 1.0 line
44.9 0 1.6 1.0 NULL
46.5 2 2.0 1.0 square
48.5 0 1.1 1.0 NULL
49.6 2 2.0 1.0 square
51.6 0 1.1 1.0 NULL
52.7 1 2.0 1.0 line
54.7 0 1.5 1.0 NULL
56.2 1 2.0 1.0 line
58.2 0 1.7 1.0 NULL
59.900000000000006 1 2.0 1.0 line
61.900000000000006 0 1.0 1.0 NULL
62.900000000000006 1 2.0 1.0 line
64.9 0 2.0 1.0 NULL
66.9 2 2.0 1.0 square
68.9 0 1.0 1.0 NULL
69.9 1 2.0 1.0 line
71.9 0 1.0 1.0 NULL
72.9 2 2.0 1.0 square
74.9 0 1.1 1.0 NULL
76.0 1 2.0 1.0 line
78.0 0 1.1 1.0 NULL
79.1 2 2.0 1.0 square
81.1 0 1.0 1.0 NULL
82.1 1 2.0 1.0 line
84.1 0 1.1 1.0 NULL
85.19999999999999 2 2.0 1.0 square
87.19999999999999 0 1.2 1.0 NULL
88.39999999999999 2 2.0 1.0 square
90.39999999999999 0 1.9 1.0 NULL
92.3 2 2.0 1.0 square
94.3 0 1.0 1.0 NULL
95.3 2 2.0 1.0 square
97.3 0 1.3 1.0 NULL
98.6 2 2.0 1.0 square
100.6 0 1.5 1.0 NULL
102.1 2 2.0 1.0 square
104.10000000000001 0 1.2 1.0 NULL
105.30000000000001 2 2.0 1.0 square
107.30000000000001 0 1.9 1.0 NULL
109.20000000000002 1 2.0 1.0 line
111.20000000000002 0 1.1 1.0 NULL
112.30000000000001 2 2.0 1.0 square
114.30000000000001 0 1.0 1.0 NULL
115.30000000000001 1 2.0 1.0 line
117.30000000000001 0 1.6 1.0 NULL
118.9 1 2.0 1.0 line
120.9 0 1.0 1.0 NULL
121.9 1 2.0 1.0 line
123.9 0 1.0 1.0 NULL
124.9 2 2.0 1.0 square
126.9 0 1.0 1.0 NULL
127.9 1 2.0 1.0 line
129.9 0 1.1 1.0 NULL
