0.0 0 1.8 1.0 NULL
1.8 2 2.0 1.0 square
3.8 0 1.0 1.0 NULL
4.8 1 2.0 1.0 line
6.8 0 1.0 1.0 NULL
7.8 1 2.0 1.0 line
9.8 0 1.0 1.0 NULL
10.8 1 2.0 1.0 line
12.8 0 2.0 1.0 NULL
14.8 2 2.0 1.0 square
16.8 0 1.1 1.0 NULL
17.900000000000002 1 2.0 1.0 line
19.900000000000002 0 2.0 1.0 NULL
21.900000000000002 1 2.0 1.0 line
23.900000000000002 0 1.8 1.0 NULL
25.700000000000003 2 2.0 1.0 square
27.7 0 1.0 1.0 NULL
28.7 2 2.0 1.0 square
30.7 0 1.2 1.0 NULL
31.9 1 2.0 1.0 line
33.9 0 1.0 1.0 NULL
34.9 1 2.0 1.0 line
36.9 0 1.8 1.0 NULL
38.699999999999996 1 2.0 1.0 line
40.7 0 1.1 1.0 NULL
41.800000000000004 1 2.0 1.0 line
43.800000000000004 0 1.6 1.0 NULL
45.400000000000006 2 2.0 1.0 square
47.400000000000006 0 1.4 1.0 NULL
48.800000000000004 1 2.0 1.0 line
50.800000000000004 0 1.0 1.0 NULL
51.800000000000004 2 2.0 1.0 square
53.8 0 1.0 1.0 NULL
54.8 1 2.0 1.0 line
56.8 0 1.1 1.0 NULL
57.9 1 2.0 1.0 line
59.9 0 1.7 1.0 NULL
61.6 2 2.0 1.0 square
63.6 0 1.0 1.0 NULL
64.6 2 2.0 1.0 square
66.6 0 1.1 1.0 NULL
67.69999999999999 2 2.0 1.0 square
69.69999999999999 0 1.8 1.0 NULL
71.49999999999999 2 2.0 1.0 square
73.49999999999999 0 1.0 1.0 NULL
74.49999999999999 2 2.0 1.0 square
76.49999999999999 0 1.5 1.0 NULL
77.99999999999999 2 2.0 1.0 square
80.0 0 1.0 1.0 NULL
81.0 1 2.0 1.0 line
83.0 0 1.2 1.0 NULL
84.2 2 2.0 1.0 square
86.2 0 1.1 1.0 NULL
87.3 1 2.0 1.0 line
89.3 0 1.0 1.0 NULL
90.3 1 2.0 1.0 line
92.30000000000001 0 1.0 1.0 NULL
93.30000000000001 2 2.0 1.0 square
95.30000000000001 0 1.0 1.0 NULL
96.30000000000001 2 2.0 1.0 square
98.30000000000001 0 1.6 1.0 NULL
99.9 1 2.0 1.0 line
101.9 0 1.1 1.0 NULL
103.0 1 2.0 1.0 line
105.0 0 1.0 1.0 NULL
106.0 1 2.0 1.0 line
108.0 0 1.4 1.0 NULL
109.4 2 2.0 1.0 square
111.4 0 1.2 1.0 NULL
112.60000000000001 2 2.0 1.0 square
114.60000000000001 0 1.5 1.0 NULL
116.10000000000001 2 2.0 1.0 square
118.1 0 1.4 1.0 NULL
119.5 2 2.0 1.0 square
121.5 0 1.1 1.0 NULL
122.6 1 2.0 1.0 line
124.6 0 1.1 1.0 NULL
125.69999999999999 2 2.0 1.0 square
127.69999999999999 0 1.1 1.0 NULL
128.79999999999998 1 2.0 1.0 line
130.8 0 1.0 1.0 NULL
