0.0 0 1.6 1.0 NULL
1.6 2 2.0 1.0 square
3.6 0 1.1 1.0 NULL
4.7 1 2.0 1.0 line
6.7 0 1.0 1.0 NULL
7.7 1 2.0 1.0 line
9.7 0 1.6 1.0 NULL
11.299999999999999 1 2.0 1.0 line
13.3 0 1.1 1.0 NULL
14.4 2 2.0 1.0 square
16.4 0 1.1 1.0 NULL
17.5 1 2.0 1.0 line
19.5 0 1.0 1.0 NULL
20.5 1 2.0 1.0 line
22.5 0 1.5 1.0 NULL
24.0 1 2.0 1.0 line
26.0 0 1.4 1.0 NULL
27.4 1 2.0 1.0 line
29.4 0 1.0 1.0 NULL
30.4 1 2.0 1.0 line
32.4 0 1.0 1.0 NULL
33.4 2 2.0 1.0 square
35.4 0 1.0 1.0 NULL
36.4 1 2.0 1.0 line
38.4 0 1.1 1.0 NULL
39.5 2 2.0 1.0 square
41.5 0 1.2 1.0 NULL
42.7 1 2.0 1.0 line
44.7 0 1.2 1.0 NULL
45.900000000000006 2 2.0 1.0 square
47.900000000000006 0 1.0 1.0 NULL
48.900000000000006 2 2.0 1.0 square
50.9 0 1.4 1.0 NULL
52.3 2 2.0 1.0 square
54.3 0 1.3 1.0 NULL
55.599999999999994 2 2.0 1.0 square
57.599999999999994 0 1.0 1.0 NULL
58.599999999999994 2 2.0 1.0 square
60.599999999999994 0 2.0 1.0 NULL
62.599999999999994 1 2.0 1.0 line
64.6 0 1.0 1.0 NULL
65.6 1 2.0 1.0 line
67.6 0 1.6 1.0 NULL
69.19999999999999 2 2.0 1.0 square
71.19999999999999 0 1.8 1.0 NULL
72.99999999999999 2 2.0 1.0 square
74.99999999999999 0 1.0 1.0 NULL
75.99999999999999 1 2.0 1.0 line
78.0 0 1.1 1.0 NULL
79.1 1 2.0 1.0 line
81.1 0 1.3 1.0 NULL
82.39999999999999 1 2.0 1.0 line
84.39999999999999 0 1.3 1.0 NULL
85.69999999999999 2 2.0 1.0 square
87.69999999999999 0 1.0 1.0 NULL
88.69999999999999 2 2.0 1.0 square
90.7 0 2.0 1.0 NULL
92.7 2 2.0 1.0 square
94.7 0 1.0 1.0 NULL
95.7 2 2.0 1.0 square
97.7 0 1.2 1.0 NULL
98.9 1 2.0 1.0 line
100.9 0 1.0 1.0 NULL
101.9 2 2.0 1.0 square
103.9 0 1.9 1.0 NULL
105.80000000000001 2 2.0 1.0 square
107.80000000000001 0 1.2 1.0 NULL
109.00000000000001 1 2.0 1.0 line
111.00000000000001 0 1.1 1.0 NULL
112.10000000000001 2 2.0 1.0 square
114.10000000000001 0 1.2 1.0 NULL
115.30000000000001 1 2.0 1.0 line
117.30000000000001 0 1.5 1.0 NULL
118.80000000000001 1 2.0 1.0 line
120.80000000000001 0 1.4 1.0 NULL
122.20000000000002 2 2.0 1.0 square
124.20000000000002 0 1.0 1.0 NULL
125.20000000000002 1 2.0 1.0 line
127.20000000000002 0 1.2 1.0 NULL
128.4 2 2.0 1.0 square
130.4 0 1.2 1.0 NULL
