0.0 0 1.5 1.0 NULL
1.5 1 2.0 1.0 line
3.5 0 1.0 1.0 NULL
4.5 2 2.0 1.0 square
6.5 0 1.1 1.0 NULL
7.6 1 2.0 1.0 line
9.6 0 1.0 1.0 NULL
10.6 1 2.0 1.0 line
12.6 0 1.0 1.0 NULL
13.6 1 2.0 1.0 line
15.6 0 1.7 1.0 NULL
17.3 1 2.0 1.0 line
19.3 0 1.0 1.0 NULL
20.3 2 2.0 1.0 square
22.3 0 1.3 1.0 NULL
23.6 2 2.0 1.0 square
25.599999999999998 0 1.0 1.0 NULL
26.599999999999998 1 2.0 1.0 line
28.599999999999998 0 1.8 1.0 NULL
30.4 2 2.0 1.0 square
32.4 0 1.1 1.0 NULL
33.5 1 2.0 1.0 line
35.5 0 1.4 1.0 NULL
36.9 2 2.0 1.0 square
38.9 0 1.3 1.0 NULL
40.199999999999996 1 2.0 1.0 line
42.199999999999996 0 1.5 1.0 NULL
43.699999999999996 1 2.0 1.0 line
45.699999999999996 0 1.4 1.0 NULL
47.099999999999994 2 2.0 1.0 square
49.099999999999994 0 1.0 1.0 NULL
50.099999999999994 2 2.0 1.0 square
52.099999999999994 0 1.4 1.0 NULL
53.49999999999999 1 2.0 1.0 line
55.49999999999999 0 1.1 1.0 NULL
56.599999999999994 2 2.0 1.0 square
58.599999999999994 0 1.1 1.0 NULL
59.699999999999996 1 2.0 1.0 line
61.699999999999996 0 1.1 1.0 NULL
62.8 2 2.0 1.0 square
64.8 0 1.4 1.0 NULL
66.2 2 2.0 1.0 square
68.2 0 1.5 1.0 NULL
69.7 2 2.0 1.0 square
71.7 0 1.0 1.0 NULL
72.7 1 2.0 1.0 line
74.7 0 1.0 1.0 NULL
75.7 1 2.0 1.0 line
77.7 0 1.7 1.0 NULL
79.4 1 2.0 1.0 line
81.4 0 1.2 1.0 NULL
82.60000000000001 1 2.0 1.0 line
84.60000000000001 0 1.0 1.0 NULL
85.60000000000001 1 2.0 1.0 line
87.60000000000001 0 1.5 1.0 NULL
89.10000000000001 2 2.0 1.0 square
91.1 0 1.0 1.0 NULL
92.1 1 2.0 1.0 line
94.1 0 1.1 1.0 NULL
95.19999999999999 2 2.0 1.0 square
97.19999999999999 0 1.3 1.0 NULL
98.49999999999999 2 2.0 1.0 square
100.49999999999999 0 1.2 1.0 NULL
101.69999999999999 2 2.0 1.0 square
103.69999999999999 0 1.0 1.0 NULL
104.69999999999999 1 2.0 1.0 line
106.69999999999999 0 2.0 1.0 NULL
108.69999999999999 1 2.0 1.0 line
110.69999999999999 0 1.1 1.0 NULL
111.79999999999998 2 2.0 1.0 square
113.79999999999998 0 2.0 1.0 NULL
115.79999999999998 2 2.0 1.0 square
117.8 0 1.1 1.0 NULL
118.89999999999999 2 2.0 1.0 square
120.89999999999999 0 1.2 1.0 NULL
122.1 2 2.0 1.0 square
124.1 0 1.2 1.0 NULL
125.3 2 2.0 1.0 square
127.3 0 1.2 1.0 NULL
128.5 1 2.0 1.0 line
130.5 0 1.0 1.0 NULL
