0.0 0 1.6 1.0 NULL
1.6 1 2.0 1.0 line
3.6 0 1.1 1.0 NULL
4.7 1 2.0 1.0 line
6.7 0 1.0 1.0 NULL
7.7 2 2.0 1.0 square
9.7 0 1.2 1.0 NULL
10.899999999999999 2 2.0 1.0 square
12.9 0 2.0 1.0 NULL
14.9 2 2.0 1.0 square
16.9 0 1.0 1.0 NULL
17.9 2 2.0 1.0 square
19.9 0 1.0 1.0 NULL
20.9 1 2.0 1.0 line
22.9 0 2.0 1.0 NULL
24.9 1 2.0 1.0 line
26.9 0 1.4 1.0 NULL
28.299999999999997 2 2.0 1.0 square
30.299999999999997 0 1.3 1.0 NULL
31.599999999999998 2 2.0 1.0 square
33.599999999999994 0 1.5 1.0 NULL
35.099999999999994 2 2.0 1.0 square
37.099999999999994 0 1.0 1.0 NULL
38.099999999999994 2 2.0 1.0 square
40.099999999999994 0 1.1 1.0 NULL
41.199999999999996 2 2.0 1.0 square
43.199999999999996 0 1.0 1.0 NULL
44.199999999999996 1 2.0 1.0 line
46.199999999999996 0 1.2 1.0 NULL
47.4 1 2.0 1.0 line
49.4 0 1.2 1.0 NULL
50.6 1 2.0 1.0 line
52.6 0 1.0 1.0 NULL
53.6 2 2.0 1.0 square
55.6 0 1.1 1.0 NULL
56.7 1 2.0 1.0 line
58.7 0 1.0 1.0 NULL
59.7 1 2.0 1.0 line
61.7 0 1.3 1.0 NULL
63.0 2 2.0 1.0 square
65.0 0 1.0 1.0 NULL
66.0 2 2.0 1.0 square
68.0 0 1.6 1.0 NULL
69.6 1 2.0 1.0 line
71.6 0 1.0 1.0 NULL
72.6 1 2.0 1.0 line
74.6 0 1.3 1.0 NULL
75.89999999999999 2 2.0 1.0 square
77.9 0 1.8 1.0 NULL
79.7 2 2.0 1.0 square
81.7 0 1.0 1.0 NULL
82.7 2 2.0 1.0 square
84.7 0 1.3 1.0 NULL
86.0 1 2.0 1.0 line
88.0 0 1.0 1.0 NULL
89.0 1 2.0 1.0 line
91.0 0 1.8 1.0 NULL
92.8 1 2.0 1.0 line
94.8 0 1.2 1.0 NULL
96.0 2 2.0 1.0 square
98.0 0 1.1 1.0 NULL
99.1 1 2.0 1.0 line
101.1 0 1.1 1.0 NULL
102.19999999999999 2 2.0 1.0 square
104.2 0 1.0 1.0 NULL
105.2 2 2.0 1.0 square
107.2 0 1.9 1.0 NULL
109.10000000000001 2 2.0 1.0 square
111.10000000000001 0 1.3 1.0 NULL
112.4 1 2.0 1.0 line
114.4 0 1.1 1.0 NULL
115.5 1 2.0 1.0 line
117.5 0 1.5 1.0 NULL
119.0 1 2.0 1.0 line
121.0 0 1.3 1.0 NULL
122.3 1 2.0 1.0 line
124.3 0 1.0 1.0 NULL
125.3 2 2.0 1.0 square
127.3 0 1.3 1.0 NULL
128.6 1 2.0 1.0 line
130.6 0 1.0 1.0 NULL
