0.0 0 1.6 1.0 NULL
1.6 2 2.0 1.0 square
3.6 0 1.2 1.0 NULL
4.8 1 2.0 1.0 line
6.8 0 1.0 1.0 NULL
7.8 2 2.0 1.0 square
9.8 0 1.1 1.0 NULL
10.9 2 2.0 1.0 square
12.9 0 1.3 1.0 NULL
14.200000000000001 1 2.0 1.0 line
16.200000000000003 0 1.0 1.0 NULL
17.200000000000003 2 2.0 1.0 square
19.200000000000003 0 1.1 1.0 NULL
20.300000000000004 1 2.0 1.0 line
22.300000000000004 0 1.0 1.0 NULL
23.300000000000004 1 2.0 1.0 line
25.3 0 1.2 1.0 NULL
26.5 1 2.0 1.0 line
28.5 0 1.0 1.0 NULL
29.5 2 2.0 1.0 square
31.5 0 1.4 1.0 NULL
32.9 1 2.0 1.0 line
34.9 0 1.0 1.0 NULL
35.9 2 2.0 1.0 square
37.900000000000006 0 1.2 1.0 NULL
39.10000000000001 2 2.0 1.0 square
41.10000000000001 0 1.0 1.0 NULL
42.10000000000001 1 2.0 1.0 line
44.10000000000001 0 1.1 1.0 NULL
45.20000000000001 1 2.0 1.0 line
47.20000000000001 0 1.4 1.0 NULL
48.60000000000001 1 2.0 1.0 line
50.6 0 1.2 1.0 NULL
51.800000000000004 2 2.0 1.0 square
53.800000000000004 0 1.0 1.0 NULL
54.800000000000004 2 2.0 1.0 square
56.800000000000004 0 1.6 1.0 NULL
58.400000000000006 1 2.0 1.0 line
60.400000000000006 0 1.1 1.0 NULL
61.50000000000001 1 2.0 1.0 line
63.5 0 1.4 1.0 NULL
64.9 1 2.0 1.0 line
66.9 0 1.6 1.0 NULL
68.5 2 2.0 1.0 square
70.5 0 1.0 1.0 NULL
71.5 1 2.0 1.0 line
73.5 0 1.1 1.0 NULL
74.6 2 2.0 1.0 square
76.6 0 1.4 1.0 NULL
78.0 2 2.0 1.0 square
80.0 0 2.0 1.0 NULL
82.0 2 2.0 1.0 square
84.0 0 1.0 1.0 NULL
85.0 2 2.0 1.0 square
87.0 0 1.0 1.0 NULL
88.0 1 2.0 1.0 line
90.0 0 1.8 1.0 NULL
91.8 2 2.0 1.0 square
93.8 0 1.0 1.0 NULL
94.8 2 2.0 1.0 square
96.8 0 1.9 1.0 NULL
98.7 2 2.0 1.0 square
100.7 0 1.1 1.0 NULL
101.8 1 2.0 1.0 line
103.80000000000001 0 2.0 1.0 NULL
105.80000000000001 1 2.0 1.0 line
107.80000000000001 0 1.3 1.0 NULL
109.10000000000001 1 2.0 1.0 line
111.10000000000001 0 1.0 1.0 NULL
112.10000000000001 1 2.0 1.0 line
114.10000000000001 0 1.4 1.0 NULL
115.50000000000001 1 2.0 1.0 line
117.5 0 1.1 1.0 NULL
118.6 2 2.0 1.0 square
120.6 0 1.0 1.0 NULL
121.6 2 2.0 1.0 square
123.6 0 1.7 1.0 NULL
125.3 1 2.0 1.0 line
127.3 0 1.1 1.0 NULL
128.4 2 2.0 1.0 square
130.4 0 1.2 1.0 NULL
