0.0 0 1.6 1.0 NULL
1.6 2 2.0 1.0 square
3.6 0 1.0 1.0 NULL
4.6 2 2.0 1.0 square
6.6 0 1.0 1.0 NULL
7.6 1 2.0 1.0 line
9.6 0 1.4 1.0 NULL
11.0 2 2.0 1.0 square
13.0 0 1.1 1.0 NULL
14.1 1 2.0 1.0 line
16.1 0 1.3 1.0 NULL
17.400000000000002 2 2.0 1.0 square
19.400000000000002 0 1.2 1.0 NULL
20.6 2 2.0 1.0 square
22.6 0 1.8 1.0 NULL
24.400000000000002 1 2.0 1.0 line
26.4 0 1.0 1.0 NULL
27.4 1 2.0 1.0 line
29.4 0 1.5 1.0 NULL
30.9 2 2.0 1.0 square
32.9 0 1.3 1.0 NULL
34.199999999999996 1 2.0 1.0 line
36.199999999999996 0 1.0 1.0 NULL
37.199999999999996 2 2.0 1.0 square
39.2 0 1.0 1.0 NULL
40.2 2 2.0 1.0 square
42.2 0 1.4 1.0 NULL
43.6 1 2.0 1.0 line
45.6 0 1.2 1.0 NULL
46.800000000000004 2 2.0 1.0 square
48.800000000000004 0 1.0 1.0 NULL
49.800000000000004 1 2.0 1.0 line
51.8 0 1.1 1.0 NULL
52.9 1 2.0 1.0 line
54.9 0 1.0 1.0 NULL
55.9 1 2.0 1.0 line
57.9 0 1.9 1.0 NULL
59.8 2 2.0 1.0 square
61.8 0 1.5 1.0 NULL
63.3 2 2.0 1.0 square
65.3 0 1.3 1.0 NULL
66.6 2 2.0 1.0 square
68.6 0 1.6 1.0 NULL
70.19999999999999 1 2.0 1.0 line
72.19999999999999 0 1.0 1.0 NULL
73.19999999999999 2 2.0 1.0 square
75.19999999999999 0 1.2 1.0 NULL
76.39999999999999 2 2.0 1.0 square
78.4 0 1.8 1.0 NULL
80.2 1 2.0 1.0 line
82.2 0 1.1 1.0 NULL
83.3 2 2.0 1.0 square
85.3 0 1.0 1.0 NULL
86.3 1 2.0 1.0 line
88.3 0 1.0 1.0 NULL
89.3 2 2.0 1.0 square
91.3 0 1.9 1.0 NULL
93.2 2 2.0 1.0 square
95.2 0 1.0 1.0 NULL
96.2 2 2.0 1.0 square
98.2 0 1.1 1.0 NULL
99.3 2 2.0 1.0 square
101.3 0 1.3 1.0 NULL
102.6 1 2.0 1.0 line
104.60000000000001 0 1.4 1.0 NULL
106.00000000000001 1 2.0 1.0 line
108.00000000000001 0 1.3 1.0 NULL
109.30000000000001 1 2.0 1.0 line
111.30000000000001 0 1.1 1.0 NULL
112.4 1 2.0 1.0 line
114.4 0 1.2 1.0 NULL
115.60000000000001 1 2.0 1.0 line
117.6 0 1.1 1.0 NULL
118.69999999999999 2 2.0 1.0 square
120.69999999999999 0 1.2 1.0 NULL
121.89999999999999 1 2.0 1.0 line
123.89999999999999 0 1.1 1.0 NULL
124.99999999999999 1 2.0 1.0 line
126.99999999999999 0 1.3 1.0 NULL
128.29999999999998 1 2.0 1.0 line
130.29999999999998 0 1.3 1.0 NULL
