0.0 0 1.3 1.0 NULL
1.3 1 2.0 1.0 line
3.3 0 1.6 1.0 NULL
4.9 2 2.0 1.0 square
6.9 0 1.0 1.0 NULL
7.9 1 2.0 1.0 line
9.9 0 1.0 1.0 NULL
10.9 1 2.0 1.0 line
12.9 0 1.2 1.0 NULL
14.1 1 2.0 1.0 line
16.1 0 1.1 1.0 NULL
17.200000000000003 2 2.0 1.0 square
19.200000000000003 0 1.8 1.0 NULL
21.000000000000004 2 2.0 1.0 square
23.000000000000004 0 1.0 1.0 NULL
24.000000000000004 1 2.0 1.0 line
26.0 0 1.0 1.0 NULL
27.0 1 2.0 1.0 line
29.0 0 2.0 1.0 NULL
31.0 2 2.0 1.0 square
33.0 0 1.3 1.0 NULL
34.3 1 2.0 1.0 line
36.3 0 1.7 1.0 NULL
38.0 1 2.0 1.0 line
40.0 0 1.4 1.0 NULL
41.4 2 2.0 1.0 square
43.4 0 1.2 1.0 NULL
44.6 2 2.0 1.0 square
46.6 0 1.0 1.0 NULL
47.6 2 2.0 1.0 square
49.6 0 1.6 1.0 NULL
51.2 2 2.0 1.0 square
53.2 0 1.2 1.0 NULL
54.400000000000006 1 2.0 1.0 line
56.400000000000006 0 1.4 1.0 NULL
57.800000000000004 2 2.0 1.0 square
59.800000000000004 0 1.0 1.0 NULL
60.800000000000004 2 2.0 1.0 square
62.800000000000004 0 1.1 1.0 NULL
63.900000000000006 2 2.0 1.0 square
65.9 0 1.0 1.0 NULL
66.9 2 2.0 1.0 square
68.9 0 1.3 1.0 NULL
70.2 1 2.0 1.0 line
72.2 0 1.2 1.0 NULL
73.4 1 2.0 1.0 line
75.4 0 1.5 1.0 NULL
76.9 1 2.0 1.0 line
78.9 0 1.0 1.0 NULL
79.9 2 2.0 1.0 square
81.9 0 1.8 1.0 NULL
83.7 1 2.0 1.0 line
85.7 0 1.0 1.0 NULL
86.7 1 2.0 1.0 line
88.7 0 1.0 1.0 NULL
89.7 1 2.0 1.0 line
91.7 0 1.3 1.0 NULL
93.0 1 2.0 1.0 line
95.0 0 1.2 1.0 NULL
96.2 2 2.0 1.0 square
98.2 0 1.0 1.0 NULL
99.2 2 2.0 1.0 square
101.2 0 1.9 1.0 NULL
103.10000000000001 2 2.0 1.0 square
105.1 0 1.4 1.0 NULL
106.5 2 2.0 1.0 square
108.5 0 1.0 1.0 NULL
109.5 1 2.0 1.0 line
111.5 0 1.0 1.0 NULL
112.5 2 2.0 1.0 square
114.5 0 1.3 1.0 NULL
115.8 2 2.0 1.0 square
117.80000000000001 0 1.2 1.0 NULL
119.00000000000001 1 2.0 1.0 line
121.00000000000001 0 1.1 1.0 NULL
122.10000000000001 1 2.0 1.0 line
124.10000000000001 0 1.1 1.0 NULL
125.2 1 2.0 1.0 line
127.2 0 1.0 1.0 NULL
128.2 2 2.0 1.0 square
130.2 0 1.1 1.0 NULL
