0.0 0 1.0 1.0 NULL
1.0 2 2.0 1.0 square
3.0 0 1.1 1.0 NULL
4.1 1 2.0 1.0 line
6.1 0 1.8 1.0 NULL
7.8999999999999995 1 2.0 1.0 line
9.899999999999999 0 1.1 1.0 NULL
10.999999999999998 1 2.0 1.0 line
13.0 0 1.2 1.0 NULL
14.2 2 2.0 1.0 square
16.2 0 1.2 1.0 NULL
17.4 2 2.0 1.0 square
19.4 0 1.6 1.0 NULL
21.0 2 2.0 1.0 square
23.0 0 1.1 1.0 NULL
24.1 1 2.0 1.0 line
26.1 0 1.1 1.0 NULL
27.200000000000003 2 2.0 1.0 square
29.200000000000003 0 1.4 1.0 NULL
30.6 1 2.0 1.0 line
32.6 0 1.1 1.0 NULL
33.7 1 2.0 1.0 line
35.7 0 1.8 1.0 NULL
37.5 1 2.0 1.0 line
39.5 0 1.0 1.0 NULL
40.5 2 2.0 1.0 square
42.5 0 1.3 1.0 NULL
43.8 1 2.0 1.0 line
45.8 0 1.1 1.0 NULL
46.9 1 2.0 1.0 line
48.9 0 1.1 1.0 NULL
50.0 2 2.0 1.0 square
52.0 0 1.0 1.0 NULL
53.0 2 2.0 1.0 square
55.0 0 1.3 1.0 NULL
56.3 2 2.0 1.0 square
58.3 0 1.0 1.0 NULL
59.3 1 2.0 1.0 line
61.3 0 1.0 1.0 NULL
62.3 2 2.0 1.0 square
64.30000000000001 0 1.3 1.0 NULL
65.60000000000001 1 2.0 1.0 line
67.60000000000001 0 1.0 1.0 NULL
68.60000000000001 2 2.0 1.0 square
70.60000000000001 0 2.0 1.0 NULL
72.60000000000001 1 2.0 1.0 line
74.60000000000001 0 1.2 1.0 NULL
75.80000000000001 1 2.0 1.0 line
77.80000000000001 0 1.0 1.0 NULL
78.80000000000001 1 2.0 1.0 line
80.80000000000001 0 1.3 1.0 NULL
82.10000000000001 2 2.0 1.0 square
84.10000000000001 0 1.0 1.0 NULL
85.10000000000001 1 2.0 1.0 line
87.10000000000001 0 1.1 1.0 NULL
88.2 2 2.0 1.0 square
90.2 0 1.8 1.0 NULL
92.0 1 2.0 1.0 line
94.0 0 1.6 1.0 NULL
95.6 2 2.0 1.0 square
97.6 0 1.1 1.0 NULL
98.69999999999999 2 2.0 1.0 square
100.69999999999999 0 1.4 1.0 NULL
102.1 2 2.0 1.0 square
104.1 0 1.1 1.0 NULL
105.19999999999999 2 2.0 1.0 square
107.19999999999999 0 1.0 1.0 NULL
108.19999999999999 1 2.0 1.0 line
110.19999999999999 0 1.6 1.0 NULL
111.79999999999998 2 2.0 1.0 square
113.79999999999998 0 1.5 1.0 NULL
115.29999999999998 2 2.0 1.0 square
117.3 0 1.0 1.0 NULL
118.3 1 2.0 1.0 line
120.3 0 1.2 1.0 NULL
121.5 1 2.0 1.0 line
123.5 0 1.3 1.0 NULL
124.8 2 2.0 1.0 square
126.8 0 1.1 1.0 NULL
127.89999999999999 1 2.0 1.0 line
129.9 0 1.1 1.0 NULL
