0.0 0 1.0 1.0 NULL
1.0 2 2.0 1.0 square
3.0 0 1.1 1.0 NULL
4.1 1 2.0 1.0 line
6.1 0 1.7 1.0 NULL
7.8 2 2.0 1.0 square
9.8 0 1.2 1.0 NULL
11.0 2 2.0 1.0 square
13.0 0 1.0 1.0 NULL
14.0 1 2.0 1.0 line
16.0 0 1.1 1.0 NULL
17.1 1 2.0 1.0 line
19.1 0 1.1 1.0 NULL
20.200000000000003 1 2.0 1.0 line
22.200000000000003 0 1.1 1.0 NULL
23.300000000000004 1 2.0 1.0 line
25.299999999999997 0 1.8 1.0 NULL
27.099999999999998 1 2.0 1.0 line
29.099999999999998 0 1.1 1.0 NULL
30.2 2 2.0 1.0 square
32.2 0 1.0 1.0 NULL
33.2 2 2.0 1.0 square
35.2 0 2.0 1.0 NULL
37.2 2 2.0 1.0 square
39.2 0 1.1 1.0 NULL
40.300000000000004 1 2.0 1.0 line
42.300000000000004 0 1.2 1.0 NULL
43.50000000000001 1 2.0 1.0 line
45.50000000000001 0 1.3 1.0 NULL
46.800000000000004 2 2.0 1.0 square
48.800000000000004 0 1.2 1.0 NULL
50.00000000000001 1 2.0 1.0 line
52.0 0 1.0 1.0 NULL
53.0 1 2.0 1.0 line
55.0 0 2.0 1.0 NULL
57.0 1 2.0 1.0 line
59.0 0 1.2 1.0 NULL
60.2 2 2.0 1.0 square
62.2 0 1.1 1.0 NULL
63.300000000000004 2 2.0 1.0 square
65.30000000000001 0 1.1 1.0 NULL
66.4 1 2.0 1.0 line
68.4 0 1.0 1.0 NULL
69.4 2 2.0 1.0 square
71.4 0 1.1 1.0 NULL
72.5 2 2.0 1.0 square
74.5 0 1.4 1.0 NULL
75.9 1 2.0 1.0 line
77.9 0 1.1 1.0 NULL
79.0 1 2.0 1.0 line
81.0 0 1.5 1.0 NULL
82.5 1 2.0 1.0 line
84.5 0 1.3 1.0 NULL
85.8 2 2.0 1.0 square
87.8 0 1.9 1.0 NULL
89.7 2 2.0 1.0 square
91.7 0 1.1 1.0 NULL
92.8 1 2.0 1.0 line
94.8 0 1.2 1.0 NULL
96.0 2 2.0 1.0 square
98.0 0 1.4 1.0 NULL
99.4 1 2.0 1.0 line
101.4 0 1.0 1.0 NULL
102.4 2 2.0 1.0 square
104.4 0 1.5 1.0 NULL
105.9 1 2.0 1.0 line
107.9 0 1.0 1.0 NULL
108.9 2 2.0 1.0 square
110.9 0 1.2 1.0 NULL
112.10000000000001 2 2.0 1.0 square
114.10000000000001 0 1.0 1.0 NULL
115.10000000000001 1 2.0 1.0 line
117.1 0 1.1 1.0 NULL
118.19999999999999 2 2.0 1.0 square
120.19999999999999 0 1.1 1.0 NULL
121.29999999999998 2 2.0 1.0 square
123.29999999999998 0 1.0 1.0 NULL
124.29999999999998 2 2.0 1.0 square
126.29999999999998 0 1.3 1.0 NULL
127.59999999999998 1 2.0 1.0 line
129.6 0 1.4 1.0 NULL
