0.0 0 1.0 1.0 NULL
1.0 1 2.0 1.0 line
3.0 0 1.0 1.0 NULL
4.0 1 2.0 1.0 line
6.0 0 1.4 1.0 NULL
7.4 1 2.0 1.0 line
9.4 0 1.1 1.0 NULL
10.5 1 2.0 1.0 line
12.5 0 1.2 1.0 NULL
13.7 1 2.0 1.0 line
15.7 0 1.1 1.0 NULL
16.8 2 2.0 1.0 square
18.8 0 1.0 1.0 NULL
19.8 2 2.0 1.0 square
21.8 0 1.5 1.0 NULL
23.3 1 2.0 1.0 line
25.3 0 2.0 1.0 NULL
27.3 1 2.0 1.0 line
29.3 0 1.1 1.0 NULL
30.400000000000002 2 2.0 1.0 square
32.400000000000006 0 1.3 1.0 NULL
33.7 2 2.0 1.0 square
35.7 0 1.6 1.0 NULL
37.300000000000004 1 2.0 1.0 line
39.3 0 1.0 1.0 NULL
40.3 1 2.0 1.0 line
42.3 0 1.7 1.0 NULL
44.0 1 2.0 1.0 line
46.0 0 1.0 1.0 NULL
47.0 1 2.0 1.0 line
49.0 0 1.2 1.0 NULL
50.2 1 2.0 1.0 line
52.2 0 1.4 1.0 NULL
53.6 2 2.0 1.0 square
55.6 0 1.0 1.0 NULL
56.6 1 2.0 1.0 line
58.6 0 1.0 1.0 NULL
59.6 2 2.0 1.0 square
61.6 0 1.5 1.0 NULL
63.1 2 2.0 1.0 square
65.1 0 1.1 1.0 NULL
66.19999999999999 1 2.0 1.0 line
68.19999999999999 0 1.0 1.0 NULL
69.19999999999999 2 2.0 1.0 square
71.19999999999999 0 1.5 1.0 NULL
72.69999999999999 2 2.0 1.0 square
74.69999999999999 0 1.4 1.0 NULL
76.1 1 2.0 1.0 line
78.1 0 1.1 1.0 NULL
79.19999999999999 2 2.0 1.0 square
81.19999999999999 0 1.0 1.0 NULL
82.19999999999999 2 2.0 1.0 square
84.19999999999999 0 1.6 1.0 NULL
85.79999999999998 2 2.0 1.0 square
87.79999999999998 0 1.0 1.0 NULL
88.79999999999998 2 2.0 1.0 square
90.8 0 1.0 1.0 NULL
91.8 1 2.0 1.0 line
93.8 0 1.0 1.0 NULL
94.8 2 2.0 1.0 square
96.8 0 1.4 1.0 NULL
98.2 2 2.0 1.0 square
100.2 0 1.0 1.0 NULL
101.2 2 2.0 1.0 square
103.19999999999999 0 1.9 1.0 NULL
105.1 2 2.0 1.0 square
107.1 0 1.4 1.0 NULL
108.5 1 2.0 1.0 line
110.5 0 1.7 1.0 NULL
112.2 2 2.0 1.0 square
114.2 0 1.0 1.0 NULL
115.2 1 2.0 1.0 line
117.2 0 1.3 1.0 NULL
118.5 2 2.0 1.0 square
120.5 0 1.2 1.0 NULL
121.7 1 2.0 1.0 line
123.7 0 1.0 1.0 NULL
124.7 2 2.0 1.0 square
126.7 0 1.2 1.0 NULL
127.9 1 2.0 1.0 line
129.9 0 1.1 1.0 NULL
