0.0 0 1.2 1.0 NULL
1.2 1 2.0 1.0 line
3.2 0 1.2 1.0 NULL
4.4 1 2.0 1.0 line
6.4 0 1.8 1.0 NULL
8.200000000000001 1 2.0 1.0 line
10.200000000000001 0 1.0 1.0 NULL
11.200000000000001 1 2.0 1.0 line
13.2 0 1.4 1.0 NULL
14.6 2 2.0 1.0 square
16.6 0 1.2 1.0 NULL
17.8 2 2.0 1.0 square
19.8 0 1.0 1.0 NULL
20.8 1 2.0 1.0 line
22.8 0 1.2 1.0 NULL
24.0 2 2.0 1.0 square
26.0 0 1.1 1.0 NULL
27.1 2 2.0 1.0 square
29.1 0 2.0 1.0 NULL
31.1 2 2.0 1.0 square
33.1 0 1.1 1.0 NULL
34.2 1 2.0 1.0 line
36.2 0 1.5 1.0 NULL
37.7 1 2.0 1.0 line
39.7 0 1.1 1.0 NULL
40.800000000000004 1 2.0 1.0 line
42.800000000000004 0 1.1 1.0 NULL
43.900000000000006 2 2.0 1.0 square
45.900000000000006 0 1.1 1.0 NULL
47.00000000000001 2 2.0 1.0 square
49.00000000000001 0 1.0 1.0 NULL
50.00000000000001 1 2.0 1.0 line
52.0 0 2.0 1.0 NULL
54.0 2 2.0 1.0 square
56.0 0 1.2 1.0 NULL
57.2 1 2.0 1.0 line
59.2 0 1.0 1.0 NULL
60.2 2 2.0 1.0 square
62.2 0 1.9 1.0 NULL
64.10000000000001 2 2.0 1.0 square
66.1 0 1.0 1.0 NULL
67.1 2 2.0 1.0 square
69.1 0 1.2 1.0 NULL
70.3 1 2.0 1.0 line
72.3 0 1.1 1.0 NULL
73.39999999999999 2 2.0 1.0 square
75.39999999999999 0 1.0 1.0 NULL
76.39999999999999 2 2.0 1.0 square
78.4 0 1.2 1.0 NULL
79.60000000000001 2 2.0 1.0 square
81.60000000000001 0 1.5 1.0 NULL
83.10000000000001 1 2.0 1.0 line
85.10000000000001 0 1.0 1.0 NULL
86.10000000000001 2 2.0 1.0 square
88.10000000000001 0 2.0 1.0 NULL
90.10000000000001 1 2.0 1.0 line
92.1 0 1.0 1.0 NULL
93.1 1 2.0 1.0 line
95.1 0 1.2 1.0 NULL
96.3 2 2.0 1.0 square
98.3 0 1.0 1.0 NULL
99.3 1 2.0 1.0 line
101.3 0 1.8 1.0 NULL
103.1 2 2.0 1.0 square
105.1 0 1.0 1.0 NULL
106.1 1 2.0 1.0 line
108.1 0 1.1 1.0 NULL
109.19999999999999 1 2.0 1.0 line
111.19999999999999 0 1.0 1.0 NULL
112.19999999999999 1 2.0 1.0 line
114.19999999999999 0 1.2 1.0 NULL
115.39999999999999 1 2.0 1.0 line
117.4 0 1.7 1.0 NULL
119.10000000000001 2 2.0 1.0 square
121.10000000000001 0 1.0 1.0 NULL
122.10000000000001 1 2.0 1.0 line
124.10000000000001 0 1.0 1.0 NULL
125.10000000000001 2 2.0 1.0 square
127.10000000000001 0 1.0 1.0 NULL
128.10000000000002 2 2.0 1.0 square
130.10000000000002 0 1.1 1.0 NULL
