0.0 0 1.4 1.0 NULL
1.4 1 2.0 1.0 line
3.4 0 1.2 1.0 NULL
4.6 1 2.0 1.0 line
6.6 0 1.1 1.0 NULL
7.699999999999999 1 2.0 1.0 line
9.7 0 1.2 1.0 NULL
10.899999999999999 2 2.0 1.0 square
12.9 0 1.0 1.0 NULL
13.9 1 2.0 1.0 line
15.9 0 1.9 1.0 NULL
17.8 1 2.0 1.0 line
19.8 0 1.0 1.0 NULL
20.8 2 2.0 1.0 square
22.8 0 1.2 1.0 NULL
24.0 1 2.0 1.0 line
26.0 0 1.3 1.0 NULL
27.3 1 2.0 1.0 line
29.3 0 1.0 1.0 NULL
30.3 1 2.0 1.0 line
32.3 0 1.6 1.0 NULL
33.9 1 2.0 1.0 line
35.9 0 1.1 1.0 NULL
37.0 1 2.0 1.0 line
39.0 0 1.5 1.0 NULL
40.5 1 2.0 1.0 line
42.5 0 1.2 1.0 NULL
43.7 1 2.0 1.0 line
45.7 0 1.0 1.0 NULL
46.7 2 2.0 1.0 square
48.7 0 1.1 1.0 NULL
49.800000000000004 1 2.0 1.0 line
51.8 0 1.7 1.0 NULL
53.5 2 2.0 1.0 square
55.5 0 1.0 1.0 NULL
56.5 2 2.0 1.0 square
58.5 0 1.0 1.0 NULL
59.5 2 2.0 1.0 square
61.5 0 1.2 1.0 NULL
62.7 2 2.0 1.0 square
64.7 0 1.1 1.0 NULL
65.8 2 2.0 1.0 square
67.8 0 1.4 1.0 NULL
69.2 2 2.0 1.0 square
71.2 0 1.1 1.0 NULL
72.3 1 2.0 1.0 line
74.3 0 1.0 1.0 NULL
75.3 1 2.0 1.0 line
77.30000000000001 0 1.4 1.0 NULL
78.70000000000002 2 2.0 1.0 square
80.70000000000002 0 1.8 1.0 NULL
82.50000000000001 1 2.0 1.0 line
84.50000000000001 0 1.1 1.0 NULL
85.60000000000001 2 2.0 1.0 square
87.60000000000001 0 1.9 1.0 NULL
89.50000000000001 2 2.0 1.0 square
91.5 0 1.3 1.0 NULL
92.8 1 2.0 1.0 line
94.8 0 1.1 1.0 NULL
95.89999999999999 2 2.0 1.0 square
97.89999999999999 0 1.8 1.0 NULL
99.69999999999999 2 2.0 1.0 square
101.69999999999999 0 1.1 1.0 NULL
102.79999999999998 2 2.0 1.0 square
104.80000000000001 0 1.1 1.0 NULL
105.9 2 2.0 1.0 square
107.9 0 1.2 1.0 NULL
109.10000000000001 1 2.0 1.0 line
111.10000000000001 0 1.1 1.0 NULL
112.2 2 2.0 1.0 square
114.2 0 1.0 1.0 NULL
115.2 2 2.0 1.0 square
117.19999999999999 0 1.1 1.0 NULL
118.29999999999998 2 2.0 1.0 square
120.29999999999998 0 1.6 1.0 NULL
121.89999999999998 1 2.0 1.0 line
123.89999999999998 0 1.0 1.0 NULL
124.89999999999998 2 2.0 1.0 square
126.89999999999998 0 1.3 1.0 NULL
128.2 1 2.0 1.0 line
130.2 0 1.2 1.0 NULL
