0.0 0 1.1 1.0 NULL
1.1 1 2.0 1.0 line
3.1 0 1.0 1.0 NULL
4.1 2 2.0 1.0 square
6.1 0 1.2 1.0 NULL
7.3 1 2.0 1.0 line
9.3 0 1.1 1.0 NULL
10.4 2 2.0 1.0 square
12.4 0 1.1 1.0 NULL
13.5 2 2.0 1.0 square
15.5 0 1.6 1.0 NULL
17.1 1 2.0 1.0 line
19.1 0 1.1 1.0 NULL
20.200000000000003 1 2.0 1.0 line
22.200000000000003 0 1.3 1.0 NULL
23.500000000000004 2 2.0 1.0 square
25.5 0 1.0 1.0 NULL
26.5 1 2.0 1.0 line
28.5 0 1.9 1.0 NULL
30.4 2 2.0 1.0 square
32.4 0 1.8 1.0 NULL
34.199999999999996 2 2.0 1.0 square
36.199999999999996 0 1.1 1.0 NULL
37.3 1 2.0 1.0 line
39.3 0 1.0 1.0 NULL
40.3 2 2.0 1.0 square
42.3 0 1.0 1.0 NULL
43.3 2 2.0 1.0 square
45.3 0 1.0 1.0 NULL
46.3 2 2.0 1.0 square
48.3 0 1.2 1.0 NULL
49.5 1 2.0 1.0 line
51.5 0 1.9 1.0 NULL
53.4 1 2.0 1.0 line
55.4 0 1.4 1.0 NULL
56.8 2 2.0 1.0 square
58.8 0 1.5 1.0 NULL
60.3 2 2.0 1.0 square
62.3 0 1.0 1.0 NULL
63.3 1 2.0 1.0 line
65.3 0 1.3 1.0 NULL
66.6 2 2.0 1.0 square
68.6 0 1.1 1.0 NULL
69.69999999999999 1 2.0 1.0 line
71.69999999999999 0 1.0 1.0 NULL
72.69999999999999 1 2.0 1.0 line
74.69999999999999 0 1.1 1.0 NULL
75.79999999999998 2 2.0 1.0 square
77.80000000000001 0 2.0 1.0 NULL
79.80000000000001 1 2.0 1.0 line
81.80000000000001 0 1.0 1.0 NULL
82.80000000000001 2 2.0 1.0 square
84.80000000000001 0 1.5 1.0 NULL
86.30000000000001 1 2.0 1.0 line
88.30000000000001 0 1.1 1.0 NULL
89.4 2 2.0 1.0 square
91.4 0 1.0 1.0 NULL
92.4 1 2.0 1.0 line
94.4 0 1.1 1.0 NULL
95.5 2 2.0 1.0 square
97.5 0 1.0 1.0 NULL
98.5 2 2.0 1.0 square
100.5 0 1.4 1.0 NULL
101.9 2 2.0 1.0 square
103.9 0 1.2 1.0 NULL
105.10000000000001 2 2.0 1.0 square
107.10000000000001 0 1.0 1.0 NULL
108.10000000000001 1 2.0 1.0 line
110.10000000000001 0 1.8 1.0 NULL
111.9 1 2.0 1.0 line
113.9 0 1.0 1.0 NULL
114.9 2 2.0 1.0 square
116.9 0 1.2 1.0 NULL
118.10000000000001 1 2.0 1.0 line
120.10000000000001 0 1.5 1.0 NULL
121.60000000000001 1 2.0 1.0 line
123.60000000000001 0 1.1 1.0 NULL
124.7 1 2.0 1.0 line
126.7 0 1.0 1.0 NULL
127.7 1 2.0 1.0 line
129.7 0 1.4 1.0 NULL
