0.0 0 1.1 1.0 NULL
1.1 1 2.0 1.0 line
3.1 0 1.4 1.0 NULL
4.5 1 2.0 1.0 line
6.5 0 1.8 1.0 NULL
8.3 2 2.0 1.0 square
10.3 0 1.3 1.0 NULL
11.600000000000001 2 2.0 1.0 square
13.6 0 1.1 1.0 NULL
14.7 1 2.0 1.0 line
16.7 0 1.0 1.0 NULL
17.7 2 2.0 1.0 square
19.7 0 1.3 1.0 NULL
21.0 1 2.0 1.0 line
23.0 0 1.0 1.0 NULL
24.0 2 2.0 1.0 square
26.0 0 1.0 1.0 NULL
27.0 1 2.0 1.0 line
29.0 0 1.3 1.0 NULL
30.3 1 2.0 1.0 line
32.3 0 1.9 1.0 NULL
34.199999999999996 1 2.0 1.0 line
36.199999999999996 0 1.0 1.0 NULL
37.199999999999996 1 2.0 1.0 line
39.2 0 2.0 1.0 NULL
41.2 1 2.0 1.0 line
43.2 0 1.2 1.0 NULL
44.400000000000006 2 2.0 1.0 square
46.400000000000006 0 1.0 1.0 NULL
47.400000000000006 2 2.0 1.0 square
49.400000000000006 0 1.8 1.0 NULL
51.2 1 2.0 1.0 line
53.2 0 1.3 1.0 NULL
54.5 1 2.0 1.0 line
56.5 0 1.1 1.0 NULL
57.6 2 2.0 1.0 square
59.6 0 1.1 1.0 NULL
60.7 2 2.0 1.0 square
62.7 0 1.0 1.0 NULL
63.7 1 2.0 1.0 line
65.7 0 1.0 1.0 NULL
66.7 1 2.0 1.0 line
68.7 0 1.1 1.0 NULL
69.8 2 2.0 1.0 square
71.8 0 1.4 1.0 NULL
73.2 1 2.0 1.0 line
75.2 0 1.9 1.0 NULL
77.10000000000001 2 2.0 1.0 square
79.1 0 1.0 1.0 NULL
80.1 1 2.0 1.0 line
82.1 0 1.3 1.0 NULL
83.39999999999999 1 2.0 1.0 line
85.39999999999999 0 1.0 1.0 NULL
86.39999999999999 2 2.0 1.0 square
88.39999999999999 0 1.0 1.0 NULL
89.39999999999999 2 2.0 1.0 square
91.4 0 1.3 1.0 NULL
92.7 2 2.0 1.0 square
94.7 0 1.2 1.0 NULL
95.9 2 2.0 1.0 square
97.9 0 1.2 1.0 NULL
99.10000000000001 2 2.0 1.0 square
101.10000000000001 0 1.1 1.0 NULL
102.2 1 2.0 1.0 line
104.2 0 1.1 1.0 NULL
105.3 2 2.0 1.0 square
107.3 0 1.1 1.0 NULL
108.39999999999999 1 2.0 1.0 line
110.39999999999999 0 1.7 1.0 NULL
112.1 2 2.0 1.0 square
114.1 0 1.6 1.0 NULL
115.69999999999999 2 2.0 1.0 square
117.69999999999999 0 1.1 1.0 NULL
118.79999999999998 2 2.0 1.0 square
120.79999999999998 0 1.2 1.0 NULL
121.99999999999999 2 2.0 1.0 square
123.99999999999999 0 1.0 1.0 NULL
124.99999999999999 1 2.0 1.0 line
126.99999999999999 0 1.1 1.0 NULL
128.1 1 2.0 1.0 line
130.1 0 1.0 1.0 NULL
