0.0 0 1.0 1.0 NULL
1.0 2 2.0 1.0 square
3.0 0 1.0 1.0 NULL
4.0 1 2.0 1.0 line
6.0 0 1.1 1.0 NULL
7.1 2 2.0 1.0 square
9.1 0 1.6 1.0 NULL
10.7 1 2.0 1.0 line
12.7 0 1.1 1.0 NULL
13.799999999999999 1 2.0 1.0 line
15.799999999999999 0 1.5 1.0 NULL
17.299999999999997 2 2.0 1.0 square
19.299999999999997 0 1.2 1.0 NULL
20.499999999999996 1 2.0 1.0 line
22.499999999999996 0 1.3 1.0 NULL
23.799999999999997 2 2.0 1.0 square
25.799999999999997 0 1.3 1.0 NULL
27.099999999999998 1 2.0 1.0 line
29.099999999999998 0 1.4 1.0 NULL
30.499999999999996 1 2.0 1.0 line
32.5 0 1.0 1.0 NULL
33.5 1 2.0 1.0 line
35.5 0 1.0 1.0 NULL
36.5 2 2.0 1.0 square
38.5 0 1.1 1.0 NULL
39.6 1 2.0 1.0 line
41.6 0 1.9 1.0 NULL
43.5 1 2.0 1.0 line
45.5 0 1.0 1.0 NULL
46.5 2 2.0 1.0 square
48.5 0 1.0 1.0 NULL
49.5 1 2.0 1.0 line
51.5 0 1.2 1.0 NULL
52.7 1 2.0 1.0 line
54.7 0 1.3 1.0 NULL
56.0 2 2.0 1.0 square
58.0 0 1.1 1.0 NULL
59.1 2 2.0 1.0 square
61.1 0 1.8 1.0 NULL
62.9 2 2.0 1.0 square
64.9 0 1.0 1.0 NULL
65.9 2 2.0 1.0 square
67.9 0 1.0 1.0 NULL
68.9 2 2.0 1.0 square
70.9 0 2.0 1.0 NULL
72.9 2 2.0 1.0 square
74.9 0 1.0 1.0 NULL
75.9 2 2.0 1.0 square
77.89999999999999 0 1.1 1.0 NULL
78.99999999999999 1 2.0 1.0 line
80.99999999999999 0 1.5 1.0 NULL
82.49999999999999 2 2.0 1.0 square
84.49999999999999 0 1.1 1.0 NULL
85.59999999999998 2 2.0 1.0 square
87.59999999999998 0 1.4 1.0 NULL
88.99999999999999 2 2.0 1.0 square
91.0 0 1.1 1.0 NULL
92.1 2 2.0 1.0 square
94.1 0 1.0 1.0 NULL
95.1 1 2.0 1.0 line
97.1 0 1.1 1.0 NULL
98.19999999999999 1 2.0 1.0 line
100.19999999999999 0 1.0 1.0 NULL
101.19999999999999 1 2.0 1.0 line
103.2 0 1.1 1.0 NULL
104.3 2 2.0 1.0 square
106.3 0 1.5 1.0 NULL
107.8 2 2.0 1.0 square
109.8 0 2.0 1.0 NULL
111.8 1 2.0 1.0 line
113.8 0 1.1 1.0 NULL
114.89999999999999 1 2.0 1.0 line
116.9 0 1.3 1.0 NULL
118.2 1 2.0 1.0 line
120.2 0 1.0 1.0 NULL
121.2 1 2.0 1.0 line
123.2 0 1.4 1.0 NULL
124.60000000000001 2 2.0 1.0 square
126.60000000000001 0 1.0 1.0 NULL
127.60000000000001 1 2.0 1.0 line
129.60000000000002 0 1.4 1.0 NULL
