0.0 0 1.1 1.0 NULL
1.1 1 2.0 1.0 line
3.1 0 1.1 1.0 NULL
4.2 2 2.0 1.0 square
6.2 0 1.1 1.0 NULL
7.300000000000001 2 2.0 1.0 square
9.3 0 1.2 1.0 NULL
10.5 1 2.0 1.0 line
12.5 0 1.3 1.0 NULL
13.8 1 2.0 1.0 line
15.8 0 1.1 1.0 NULL
16.900000000000002 2 2.0 1.0 square
18.900000000000002 0 1.0 1.0 NULL
19.900000000000002 2 2.0 1.0 square
21.900000000000002 0 1.9 1.0 NULL
23.8 1 2.0 1.0 line
25.8 0 1.1 1.0 NULL
26.900000000000002 2 2.0 1.0 square
28.900000000000002 0 1.3 1.0 NULL
30.200000000000003 2 2.0 1.0 square
32.2 0 1.1 1.0 NULL
33.300000000000004 2 2.0 1.0 square
35.300000000000004 0 1.3 1.0 NULL
36.6 2 2.0 1.0 square
38.599999999999994 0 1.0 1.0 NULL
39.599999999999994 1 2.0 1.0 line
41.599999999999994 0 1.6 1.0 NULL
43.199999999999996 1 2.0 1.0 line
45.199999999999996 0 1.1 1.0 NULL
46.3 1 2.0 1.0 line
48.3 0 1.5 1.0 NULL
49.8 2 2.0 1.0 square
51.8 0 1.9 1.0 NULL
53.699999999999996 2 2.0 1.0 square
55.699999999999996 0 1.0 1.0 NULL
56.699999999999996 2 2.0 1.0 square
58.699999999999996 0 1.0 1.0 NULL
59.699999999999996 1 2.0 1.0 line
61.699999999999996 0 1.3 1.0 NULL
62.99999999999999 2 2.0 1.0 square
65.0 0 1.1 1.0 NULL
66.1 2 2.0 1.0 square
68.1 0 1.1 1.0 NULL
69.19999999999999 1 2.0 1.0 line
71.19999999999999 0 1.0 1.0 NULL
72.19999999999999 2 2.0 1.0 square
74.19999999999999 0 1.5 1.0 NULL
75.69999999999999 2 2.0 1.0 square
77.7 0 1.2 1.0 NULL
78.9 2 2.0 1.0 square
80.9 0 1.0 1.0 NULL
81.9 2 2.0 1.0 square
83.9 0 1.2 1.0 NULL
85.10000000000001 1 2.0 1.0 line
87.10000000000001 0 1.2 1.0 NULL
88.30000000000001 1 2.0 1.0 line
90.3 0 1.0 1.0 NULL
91.3 1 2.0 1.0 line
93.3 0 1.7 1.0 NULL
95.0 1 2.0 1.0 line
97.0 0 1.1 1.0 NULL
98.1 1 2.0 1.0 line
100.1 0 1.0 1.0 NULL
101.1 1 2.0 1.0 line
103.1 0 1.0 1.0 NULL
104.1 2 2.0 1.0 square
106.1 0 1.0 1.0 NULL
107.1 1 2.0 1.0 line
109.1 0 2.0 1.0 NULL
111.1 1 2.0 1.0 line
113.1 0 2.0 1.0 NULL
115.1 1 2.0 1.0 line
117.1 0 1.3 1.0 NULL
118.39999999999999 1 2.0 1.0 line
120.39999999999999 0 1.0 1.0 NULL
121.39999999999999 2 2.0 1.0 square
123.39999999999999 0 1.3 1.0 NULL
124.69999999999999 2 2.0 1.0 square
126.69999999999999 0 1.4 1.0 NULL
128.1 1 2.0 1.0 line
130.1 0 1.0 1.0 NULL
