0.0 0 1.0 1.0 NULL
1.0 2 2.0 1.0 square
3.0 0 1.5 1.0 NULL
4.5 2 2.0 1.0 square
6.5 0 1.1 1.0 NULL
7.6 2 2.0 1.0 square
9.6 0 1.1 1.0 NULL
10.7 1 2.0 1.0 line
12.7 0 1.9 1.0 NULL
14.6 2 2.0 1.0 square
16.6 0 1.0 1.0 NULL
17.6 2 2.0 1.0 square
19.6 0 1.0 1.0 NULL
20.6 1 2.0 1.0 line
22.6 0 1.0 1.0 NULL
23.6 2 2.0 1.0 square
25.6 0 1.2 1.0 NULL
26.8 1 2.0 1.0 line
28.8 0 1.0 1.0 NULL
29.8 1 2.0 1.0 line
31.8 0 1.6 1.0 NULL
33.4 2 2.0 1.0 square
35.4 0 2.0 1.0 NULL
37.4 1 2.0 1.0 line
39.4 0 1.1 1.0 NULL
40.5 2 2.0 1.0 square
42.5 0 1.0 1.0 NULL
43.5 1 2.0 1.0 line
45.5 0 1.0 1.0 NULL
46.5 1 2.0 1.0 line
48.5 0 1.2 1.0 NULL
49.7 2 2.0 1.0 square
51.7 0 1.5 1.0 NULL
53.2 1 2.0 1.0 line
55.2 0 1.6 1.0 NULL
56.800000000000004 1 2.0 1.0 line
58.800000000000004 0 1.1 1.0 NULL
59.900000000000006 1 2.0 1.0 line
61.900000000000006 0 1.2 1.0 NULL
63.10000000000001 1 2.0 1.0 line
65.1 0 1.5 1.0 NULL
66.6 2 2.0 1.0 square
68.6 0 1.0 1.0 NULL
69.6 2 2.0 1.0 square
71.6 0 1.6 1.0 NULL
73.19999999999999 2 2.0 1.0 square
75.19999999999999 0 1.2 1.0 NULL
76.39999999999999 1 2.0 1.0 line
78.39999999999999 0 1.0 1.0 NULL
79.39999999999999 2 2.0 1.0 square
81.39999999999999 0 1.0 1.0 NULL
82.39999999999999 1 2.0 1.0 line
84.39999999999999 0 1.2 1.0 NULL
85.6 2 2.0 1.0 square
87.6 0 1.6 1.0 NULL
89.19999999999999 1 2.0 1.0 line
91.2 0 2.0 1.0 NULL
93.2 1 2.0 1.0 line
95.2 0 1.0 1.0 NULL
96.2 1 2.0 1.0 line
98.2 0 2.0 1.0 NULL
100.2 1 2.0 1.0 line
102.2 0 1.0 1.0 NULL
103.2 2 2.0 1.0 square
105.2 0 1.0 1.0 NULL
106.2 2 2.0 1.0 square
108.2 0 1.1 1.0 NULL
109.3 2 2.0 1.0 square
111.3 0 1.0 1.0 NULL
112.3 2 2.0 1.0 square
114.3 0 1.2 1.0 NULL
115.5 2 2.0 1.0 square
117.5 0 1.1 1.0 NULL
118.6 1 2.0 1.0 line
120.6 0 1.0 1.0 NULL
121.6 1 2.0 1.0 line
123.6 0 1.1 1.0 NULL
124.69999999999999 1 2.0 1.0 line
126.69999999999999 0 1.0 1.0 NULL
127.69999999999999 2 2.0 1.0 square
129.7 0 1.3 1.0 NULL
