0.0 0 1.0 1.0 NULL
1.0 1 2.0 1.0 line
3.0 0 1.0 1.0 NULL
4.0 1 2.0 1.0 line
6.0 0 1.0 1.0 NULL
7.0 1 2.0 1.0 line
9.0 0 1.9 1.0 NULL
10.9 2 2.0 1.0 square
12.9 0 1.3 1.0 NULL
14.200000000000001 2 2.0 1.0 square
16.200000000000003 0 1.0 1.0 NULL
17.200000000000003 1 2.0 1.0 line
19.200000000000003 0 1.1 1.0 NULL
20.300000000000004 1 2.0 1.0 line
22.300000000000004 0 1.0 1.0 NULL
23.300000000000004 2 2.0 1.0 square
25.3 0 1.2 1.0 NULL
26.5 1 2.0 1.0 line
28.5 0 1.3 1.0 NULL
29.8 2 2.0 1.0 square
31.8 0 1.0 1.0 NULL
32.8 2 2.0 1.0 square
34.8 0 1.0 1.0 NULL
35.8 1 2.0 1.0 line
37.8 0 1.6 1.0 NULL
39.4 2 2.0 1.0 square
41.4 0 1.8 1.0 NULL
43.199999999999996 1 2.0 1.0 line
45.199999999999996 0 1.3 1.0 NULL
46.49999999999999 2 2.0 1.0 square
48.49999999999999 0 1.0 1.0 NULL
49.49999999999999 1 2.0 1.0 line
51.5 0 2.0 1.0 NULL
53.5 2 2.0 1.0 square
55.5 0 1.1 1.0 NULL
56.6 2 2.0 1.0 square
58.6 0 1.1 1.0 NULL
59.7 1 2.0 1.0 line
61.7 0 1.0 1.0 NULL
62.7 1 2.0 1.0 line
64.69999999999999 0 1.6 1.0 NULL
66.29999999999998 1 2.0 1.0 line
68.29999999999998 0 1.0 1.0 NULL
69.29999999999998 1 2.0 1.0 line
71.29999999999998 0 1.0 1.0 NULL
72.29999999999998 2 2.0 1.0 square
74.29999999999998 0 1.0 1.0 NULL
75.29999999999998 1 2.0 1.0 line
77.3 0 1.1 1.0 NULL
78.39999999999999 2 2.0 1.0 square
80.39999999999999 0 1.7 1.0 NULL
82.1 2 2.0 1.0 square
84.1 0 1.1 1.0 NULL
85.19999999999999 1 2.0 1.0 line
87.19999999999999 0 1.0 1.0 NULL
88.19999999999999 2 2.0 1.0 square
90.19999999999999 0 1.7 1.0 NULL
91.89999999999999 2 2.0 1.0 square
93.89999999999999 0 1.0 1.0 NULL
94.89999999999999 2 2.0 1.0 square
96.89999999999999 0 1.0 1.0 NULL
97.89999999999999 2 2.0 1.0 square
99.89999999999999 0 1.7 1.0 NULL
101.6 1 2.0 1.0 line
103.6 0 1.1 1.0 NULL
104.69999999999999 1 2.0 1.0 line
106.69999999999999 0 1.5 1.0 NULL
108.19999999999999 2 2.0 1.0 square
110.19999999999999 0 1.2 1.0 NULL
111.39999999999999 2 2.0 1.0 square
113.39999999999999 0 1.5 1.0 NULL
114.89999999999999 2 2.0 1.0 square
116.9 0 1.5 1.0 NULL
118.4 1 2.0 1.0 line
120.4 0 1.3 1.0 NULL
121.7 1 2.0 1.0 line
123.7 0 1.1 1.0 NULL
124.8 2 2.0 1.0 square
126.8 0 1.0 1.0 NULL
127.8 1 2.0 1.0 line
129.8 0 1.2 1.0 NULL
