0.0 0 1.4 1.0 NULL
1.4 2 2.0 1.0 square
3.4 0 1.1 1.0 NULL
4.5 1 2.0 1.0 line
6.5 0 1.9 1.0 NULL
8.4 1 2.0 1.0 line
10.4 0 1.1 1.0 NULL
11.5 1 2.0 1.0 line
13.5 0 1.3 1.0 NULL
14.8 2 2.0 1.0 square
16.8 0 1.3 1.0 NULL
18.1 2 2.0 1.0 square
20.1 0 1.3 1.0 NULL
21.400000000000002 2 2.0 1.0 square
23.400000000000002 0 1.0 1.0 NULL
24.400000000000002 2 2.0 1.0 square
26.400000000000002 0 1.7 1.0 NULL
28.1 1 2.0 1.0 line
30.1 0 1.0 1.0 NULL
31.1 2 2.0 1.0 square
33.1 0 1.3 1.0 NULL
34.4 1 2.0 1.0 line
36.4 0 1.5 1.0 NULL
37.9 1 2.0 1.0 line
39.900000000000006 0 1.2 1.0 NULL
41.10000000000001 2 2.0 1.0 square
43.10000000000001 0 1.0 1.0 NULL
44.10000000000001 1 2.0 1.0 line
46.10000000000001 0 1.2 1.0 NULL
47.30000000000001 1 2.0 1.0 line
49.30000000000001 0 1.1 1.0 NULL
50.40000000000001 2 2.0 1.0 square
52.4 0 1.0 1.0 NULL
53.4 2 2.0 1.0 square
55.4 0 1.0 1.0 NULL
56.4 2 2.0 1.0 square
58.4 0 1.1 1.0 NULL
59.5 2 2.0 1.0 square
61.5 0 1.8 1.0 NULL
63.3 2 2.0 1.0 square
65.3 0 1.8 1.0 NULL
67.1 2 2.0 1.0 square
69.1 0 1.4 1.0 NULL
70.5 2 2.0 1.0 square
72.5 0 1.0 1.0 NULL
73.5 1 2.0 1.0 line
75.5 0 1.0 1.0 NULL
76.5 2 2.0 1.0 square
78.5 0 1.3 1.0 NULL
79.8 1 2.0 1.0 line
81.8 0 1.0 1.0 NULL
82.8 2 2.0 1.0 square
84.8 0 1.2 1.0 NULL
86.0 1 2.0 1.0 line
88.0 0 1.0 1.0 NULL
89.0 2 2.0 1.0 square
91.0 0 2.0 1.0 NULL
93.0 1 2.0 1.0 line
95.0 0 1.1 1.0 NULL
96.1 1 2.0 1.0 line
98.1 0 1.0 1.0 NULL
99.1 2 2.0 1.0 square
101.1 0 1.0 1.0 NULL
102.1 1 2.0 1.0 line
104.1 0 2.0 1.0 NULL
106.1 1 2.0 1.0 line
108.1 0 1.1 1.0 NULL
109.19999999999999 1 2.0 1.0 line
111.19999999999999 0 1.1 1.0 NULL
112.29999999999998 2 2.0 1.0 square
114.29999999999998 0 1.4 1.0 NULL
115.69999999999999 1 2.0 1.0 line
117.7 0 1.0 1.0 NULL
118.7 1 2.0 1.0 line
120.7 0 1.1 1.0 NULL
121.8 2 2.0 1.0 square
123.8 0 1.1 1.0 NULL
124.89999999999999 1 2.0 1.0 line
126.89999999999999 0 1.0 1.0 NULL
127.89999999999999 1 2.0 1.0 line
129.9 0 1.5 1.0 NULL
