0.0 0 1.0 1.0 NULL
1.0 1 2.0 1.0 line
3.0 0 1.0 1.0 NULL
4.0 1 2.0 1.0 line
6.0 0 1.0 1.0 NULL
7.0 1 2.0 1.0 line
9.0 0 1.6 1.0 NULL
10.6 1 2.0 1.0 line
12.6 0 1.6 1.0 NULL
14.2 2 2.0 1.0 square
16.2 0 1.0 1.0 NULL
17.2 1 2.0 1.0 line
19.2 0 1.6 1.0 NULL
20.8 2 2.0 1.0 square
22.8 0 1.2 1.0 NULL
24.0 1 2.0 1.0 line
26.0 0 1.2 1.0 NULL
27.2 2 2.0 1.0 square
29.2 0 1.0 1.0 NULL
30.2 2 2.0 1.0 square
32.2 0 1.0 1.0 NULL
33.2 2 2.0 1.0 square
35.2 0 1.2 1.0 NULL
36.400000000000006 2 2.0 1.0 square
38.400000000000006 0 1.7 1.0 NULL
40.10000000000001 2 2.0 1.0 square
42.10000000000001 0 1.4 1.0 NULL
43.50000000000001 1 2.0 1.0 line
45.50000000000001 0 1.0 1.0 NULL
46.50000000000001 2 2.0 1.0 square
48.50000000000001 0 1.1 1.0 NULL
49.60000000000001 2 2.0 1.0 square
51.599999999999994 0 1.9 1.0 NULL
53.49999999999999 1 2.0 1.0 line
55.49999999999999 0 1.1 1.0 NULL
56.599999999999994 2 2.0 1.0 square
58.599999999999994 0 1.3 1.0 NULL
59.89999999999999 1 2.0 1.0 line
61.89999999999999 0 1.0 1.0 NULL
62.89999999999999 2 2.0 1.0 square
64.9 0 1.8 1.0 NULL
66.7 1 2.0 1.0 line
68.7 0 1.0 1.0 NULL
69.7 2 2.0 1.0 square
71.7 0 1.2 1.0 NULL
72.9 2 2.0 1.0 square
74.9 0 1.7 1.0 NULL
76.60000000000001 2 2.0 1.0 square
78.60000000000001 0 1.1 1.0 NULL
79.7 2 2.0 1.0 square
81.7 0 1.5 1.0 NULL
83.2 1 2.0 1.0 line
85.2 0 1.0 1.0 NULL
86.2 1 2.0 1.0 line
88.2 0 1.2 1.0 NULL
89.4 1 2.0 1.0 line
91.4 0 1.0 1.0 NULL
92.4 1 2.0 1.0 line
94.4 0 1.1 1.0 NULL
95.5 1 2.0 1.0 line
97.5 0 1.7 1.0 NULL
99.2 2 2.0 1.0 square
101.2 0 1.1 1.0 NULL
102.3 2 2.0 1.0 square
104.30000000000001 0 1.0 1.0 NULL
105.30000000000001 1 2.0 1.0 line
107.30000000000001 0 1.3 1.0 NULL
108.60000000000001 1 2.0 1.0 line
110.60000000000001 0 1.1 1.0 NULL
111.7 1 2.0 1.0 line
113.7 0 1.6 1.0 NULL
115.3 2 2.0 1.0 square
117.3 0 1.1 1.0 NULL
118.39999999999999 2 2.0 1.0 square
120.39999999999999 0 1.2 1.0 NULL
121.6 2 2.0 1.0 square
123.6 0 1.1 1.0 NULL
124.69999999999999 1 2.0 1.0 line
126.69999999999999 0 1.0 1.0 NULL
127.69999999999999 1 2.0 1.0 line
129.7 0 1.3 1.0 NULL
