0.0 0 1.0 1.0 NULL
1.0 2 2.0 1.0 square
3.0 0 1.1 1.0 NULL
4.1 1 2.0 1.0 line
6.1 0 1.0 1.0 NULL
7.1 2 2.0 1.0 square
9.1 0 1.2 1.0 NULL
10.299999999999999 1 2.0 1.0 line
12.3 0 1.6 1.0 NULL
13.9 2 2.0 1.0 square
15.9 0 1.0 1.0 NULL
16.9 2 2.0 1.0 square
18.9 0 1.3 1.0 NULL
20.2 1 2.0 1.0 line
22.2 0 2.0 1.0 NULL
24.2 1 2.0 1.0 line
26.2 0 1.0 1.0 NULL
27.2 1 2.0 1.0 line
29.2 0 1.0 1.0 NULL
30.2 1 2.0 1.0 line
32.2 0 1.2 1.0 NULL
33.400000000000006 2 2.0 1.0 square
35.400000000000006 0 1.0 1.0 NULL
36.400000000000006 1 2.0 1.0 line
38.4 0 1.0 1.0 NULL
39.4 2 2.0 1.0 square
41.4 0 2.0 1.0 NULL
43.4 1 2.0 1.0 line
45.4 0 1.0 1.0 NULL
46.4 2 2.0 1.0 square
48.4 0 1.2 1.0 NULL
49.6 1 2.0 1.0 line
51.599999999999994 0 1.1 1.0 NULL
52.699999999999996 2 2.0 1.0 square
54.699999999999996 0 1.0 1.0 NULL
55.699999999999996 2 2.0 1.0 square
57.699999999999996 0 1.0 1.0 NULL
58.699999999999996 2 2.0 1.0 square
60.699999999999996 0 1.2 1.0 NULL
61.9 2 2.0 1.0 square
63.900000000000006 0 1.0 1.0 NULL
64.9 1 2.0 1.0 line
66.9 0 1.0 1.0 NULL
67.9 1 2.0 1.0 line
69.9 0 1.4 1.0 NULL
71.30000000000001 2 2.0 1.0 square
73.30000000000001 0 1.1 1.0 NULL
74.4 2 2.0 1.0 square
76.4 0 1.5 1.0 NULL
77.9 2 2.0 1.0 square
79.9 0 1.7 1.0 NULL
81.60000000000001 2 2.0 1.0 square
83.60000000000001 0 1.0 1.0 NULL
84.60000000000001 1 2.0 1.0 line
86.60000000000001 0 1.4 1.0 NULL
88.00000000000001 1 2.0 1.0 line
90.0 0 1.1 1.0 NULL
91.1 1 2.0 1.0 line
93.1 0 2.0 1.0 NULL
95.1 1 2.0 1.0 line
97.1 0 1.6 1.0 NULL
98.69999999999999 2 2.0 1.0 square
100.69999999999999 0 1.6 1.0 NULL
102.29999999999998 1 2.0 1.0 line
104.3 0 1.0 1.0 NULL
105.3 1 2.0 1.0 line
107.3 0 1.1 1.0 NULL
108.39999999999999 2 2.0 1.0 square
110.39999999999999 0 1.5 1.0 NULL
111.89999999999999 1 2.0 1.0 line
113.89999999999999 0 1.0 1.0 NULL
114.89999999999999 1 2.0 1.0 line
116.9 0 1.3 1.0 NULL
118.2 2 2.0 1.0 square
120.2 0 1.6 1.0 NULL
121.8 1 2.0 1.0 line
123.8 0 1.0 1.0 NULL
124.8 2 2.0 1.0 square
126.8 0 1.2 1.0 NULL
128.0 2 2.0 1.0 square
130.0 0 1.0 1.0 NULL
