0.0 0 1.6 1.0 NULL
1.6 2 2.0 1.0 square
3.6 0 1.0 1.0 NULL
4.6 1 2.0 1.0 line
6.6 0 1.8 1.0 NULL
8.4 1 2.0 1.0 line
10.4 0 1.7 1.0 NULL
12.1 2 2.0 1.0 square
14.1 0 1.0 1.0 NULL
15.1 1 2.0 1.0 line
17.1 0 1.6 1.0 NULL
18.700000000000003 1 2.0 1.0 line
20.700000000000003 0 1.3 1.0 NULL
22.000000000000004 1 2.0 1.0 line
24.000000000000004 0 1.0 1.0 NULL
25.000000000000004 2 2.0 1.0 square
27.0 0 1.1 1.0 NULL
28.1 1 2.0 1.0 line
30.1 0 1.8 1.0 NULL
31.900000000000002 2 2.0 1.0 square
33.900000000000006 0 1.0 1.0 NULL
34.900000000000006 2 2.0 1.0 square
36.900000000000006 0 1.2 1.0 NULL
38.10000000000001 2 2.0 1.0 square
40.1 0 1.1 1.0 NULL
41.2 2 2.0 1.0 square
43.2 0 1.2 1.0 NULL
44.400000000000006 1 2.0 1.0 line
46.400000000000006 0 1.0 1.0 NULL
47.400000000000006 2 2.0 1.0 square
49.400000000000006 0 1.4 1.0 NULL
50.800000000000004 2 2.0 1.0 square
52.8 0 1.0 1.0 NULL
53.8 1 2.0 1.0 line
55.8 0 1.2 1.0 NULL
57.0 1 2.0 1.0 line
59.0 0 1.2 1.0 NULL
60.2 1 2.0 1.0 line
62.2 0 1.1 1.0 NULL
63.300000000000004 1 2.0 1.0 line
65.30000000000001 0 1.1 1.0 NULL
66.4 2 2.0 1.0 square
68.4 0 1.6 1.0 NULL
70.0 2 2.0 1.0 square
72.0 0 1.0 1.0 NULL
73.0 2 2.0 1.0 square
75.0 0 1.3 1.0 NULL
76.3 1 2.0 1.0 line
78.3 0 1.0 1.0 NULL
79.3 1 2.0 1.0 line
81.3 0 1.5 1.0 NULL
82.8 1 2.0 1.0 line
84.8 0 1.1 1.0 NULL
85.89999999999999 2 2.0 1.0 square
87.89999999999999 0 1.3 1.0 NULL
89.19999999999999 2 2.0 1.0 square
91.19999999999999 0 1.8 1.0 NULL
92.99999999999999 1 2.0 1.0 line
94.99999999999999 0 1.1 1.0 NULL
96.09999999999998 1 2.0 1.0 line
98.09999999999998 0 1.0 1.0 NULL
99.09999999999998 1 2.0 1.0 line
101.09999999999998 0 1.2 1.0 NULL
102.29999999999998 2 2.0 1.0 square
104.3 0 1.2 1.0 NULL
105.5 1 2.0 1.0 line
107.5 0 1.3 1.0 NULL
108.8 1 2.0 1.0 line
110.8 0 1.1 1.0 NULL
111.89999999999999 2 2.0 1.0 square
113.89999999999999 0 1.0 1.0 NULL
114.89999999999999 2 2.0 1.0 square
116.9 0 1.4 1.0 NULL
118.30000000000001 1 2.0 1.0 line
120.30000000000001 0 1.6 1.0 NULL
121.9 2 2.0 1.0 square
123.9 0 1.2 1.0 NULL
125.10000000000001 2 2.0 1.0 square
127.10000000000001 0 1.4 1.0 NULL
128.5 2 2.0 1.0 square
130.5 0 1.1 1.0 NULL
