0.0 0 1.1 1.0 NULL
1.1 2 2.0 1.0 square
3.1 0 1.0 1.0 NULL
4.1 2 2.0 1.0 square
6.1 0 1.0 1.0 NULL
7.1 2 2.0 1.0 square
9.1 0 1.9 1.0 NULL
11.0 2 2.0 1.0 square
13.0 0 1.6 1.0 NULL
14.6 1 2.0 1.0 line
16.6 0 1.1 1.0 NULL
17.700000000000003 1 2.0 1.0 line
19.700000000000003 0 1.1 1.0 NULL
20.800000000000004 1 2.0 1.0 line
22.800000000000004 0 1.4 1.0 NULL
24.200000000000003 2 2.0 1.0 square
26.2 0 1.0 1.0 NULL
27.2 1 2.0 1.0 line
29.2 0 2.0 1.0 NULL
31.2 1 2.0 1.0 line
33.2 0 1.0 1.0 NULL
34.2 1 2.0 1.0 line
36.2 0 1.9 1.0 NULL
38.1 2 2.0 1.0 square
40.099999999999994 0 1.2 1.0 NULL
41.3 1 2.0 1.0 line
43.3 0 1.0 1.0 NULL
44.3 1 2.0 1.0 line
46.3 0 1.0 1.0 NULL
47.3 2 2.0 1.0 square
49.3 0 1.3 1.0 NULL
50.599999999999994 2 2.0 1.0 square
52.6 0 1.0 1.0 NULL
53.6 2 2.0 1.0 square
55.6 0 1.7 1.0 NULL
57.300000000000004 1 2.0 1.0 line
59.300000000000004 0 1.0 1.0 NULL
60.300000000000004 2 2.0 1.0 square
62.300000000000004 0 1.1 1.0 NULL
63.400000000000006 1 2.0 1.0 line
65.4 0 1.1 1.0 NULL
66.5 1 2.0 1.0 line
68.5 0 1.1 1.0 NULL
69.6 2 2.0 1.0 square
71.6 0 1.7 1.0 NULL
73.3 1 2.0 1.0 line
75.3 0 1.5 1.0 NULL
76.8 2 2.0 1.0 square
78.80000000000001 0 1.0 1.0 NULL
79.80000000000001 2 2.0 1.0 square
81.80000000000001 0 1.5 1.0 NULL
83.30000000000001 2 2.0 1.0 square
85.30000000000001 0 1.0 1.0 NULL
86.30000000000001 1 2.0 1.0 line
88.30000000000001 0 1.7 1.0 NULL
90.00000000000001 2 2.0 1.0 square
92.0 0 1.1 1.0 NULL
93.1 2 2.0 1.0 square
95.1 0 1.2 1.0 NULL
96.3 2 2.0 1.0 square
98.3 0 1.2 1.0 NULL
99.5 2 2.0 1.0 square
101.5 0 1.0 1.0 NULL
102.5 1 2.0 1.0 line
104.5 0 1.2 1.0 NULL
105.7 2 2.0 1.0 square
107.7 0 1.1 1.0 NULL
108.8 1 2.0 1.0 line
110.8 0 1.4 1.0 NULL
112.2 1 2.0 1.0 line
114.2 0 1.1 1.0 NULL
115.3 1 2.0 1.0 line
117.3 0 1.0 1.0 NULL
118.3 1 2.0 1.0 line
120.3 0 1.1 1.0 NULL
121.39999999999999 1 2.0 1.0 line
123.39999999999999 0 1.2 1.0 NULL
124.6 2 2.0 1.0 square
126.6 0 1.0 1.0 NULL
127.6 1 2.0 1.0 line
129.6 0 1.5 1.0 NULL
