0.0 0 1.3 1.0 NULL
1.3 2 2.0 1.0 square
3.3 0 1.0 1.0 NULL
4.3 1 2.0 1.0 line
6.3 0 1.2 1.0 NULL
7.5 1 2.0 1.0 line
9.5 0 1.1 1.0 NULL
10.6 1 2.0 1.0 line
12.600000000000001 0 1.5 1.0 NULL
14.100000000000001 1 2.0 1.0 line
16.1 0 1.0 1.0 NULL
17.1 1 2.0 1.0 line
19.1 0 1.5 1.0 NULL
20.6 1 2.0 1.0 line
22.6 0 1.2 1.0 NULL
23.8 2 2.0 1.0 square
25.8 0 1.3 1.0 NULL
27.1 2 2.0 1.0 square
29.1 0 1.0 1.0 NULL
30.1 2 2.0 1.0 square
32.1 0 1.1 1.0 NULL
33.2 2 2.0 1.0 square
35.2 0 1.3 1.0 NULL
36.5 1 2.0 1.0 line
38.5 0 2.0 1.0 NULL
40.5 2 2.0 1.0 square
42.5 0 1.7 1.0 NULL
44.2 2 2.0 1.0 square
46.2 0 1.0 1.0 NULL
47.2 1 2.0 1.0 line
49.2 0 1.9 1.0 NULL
51.1 2 2.0 1.0 square
53.099999999999994 0 1.2 1.0 NULL
54.3 2 2.0 1.0 square
56.3 0 1.1 1.0 NULL
57.4 1 2.0 1.0 line
59.4 0 1.0 1.0 NULL
60.4 2 2.0 1.0 square
62.4 0 1.8 1.0 NULL
64.2 2 2.0 1.0 square
66.2 0 1.1 1.0 NULL
67.3 2 2.0 1.0 square
69.3 0 1.3 1.0 NULL
70.6 2 2.0 1.0 square
72.6 0 1.0 1.0 NULL
73.6 2 2.0 1.0 square
75.6 0 1.0 1.0 NULL
76.6 1 2.0 1.0 line
78.6 0 1.6 1.0 NULL
80.19999999999999 1 2.0 1.0 line
82.19999999999999 0 1.1 1.0 NULL
83.29999999999998 1 2.0 1.0 line
85.29999999999998 0 1.0 1.0 NULL
86.29999999999998 2 2.0 1.0 square
88.29999999999998 0 1.1 1.0 NULL
89.39999999999998 2 2.0 1.0 square
91.4 0 1.0 1.0 NULL
92.4 2 2.0 1.0 square
94.4 0 2.0 1.0 NULL
96.4 1 2.0 1.0 line
98.4 0 1.1 1.0 NULL
99.5 1 2.0 1.0 line
101.5 0 1.0 1.0 NULL
102.5 1 2.0 1.0 line
104.5 0 1.7 1.0 NULL
106.2 1 2.0 1.0 line
108.2 0 1.1 1.0 NULL
109.3 2 2.0 1.0 square
111.3 0 1.3 1.0 NULL
112.6 2 2.0 1.0 square
114.6 0 1.4 1.0 NULL
116.0 1 2.0 1.0 line
118.0 0 1.0 1.0 NULL
119.0 1 2.0 1.0 line
121.0 0 1.2 1.0 NULL
122.2 1 2.0 1.0 line
124.2 0 1.0 1.0 NULL
125.2 1 2.0 1.0 line
127.2 0 1.0 1.0 NULL
128.2 2 2.0 1.0 square
130.2 0 1.1 1.0 NULL
