0.0 0 1.0 1.0 NULL
1.0 1 2.0 1.0 line
3.0 0 1.3 1.0 NULL
4.3 2 2.0 1.0 square
6.3 0 1.1 1.0 NULL
7.4 2 2.0 1.0 square
9.4 0 1.0 1.0 NULL
10.4 1 2.0 1.0 line
12.399999999999999 0 1.0 1.0 NULL
13.399999999999999 2 2.0 1.0 square
15.399999999999999 0 1.3 1.0 NULL
16.7 2 2.0 1.0 square
18.7 0 1.4 1.0 NULL
20.099999999999998 2 2.0 1.0 square
22.099999999999998 0 1.1 1.0 NULL
23.2 1 2.0 1.0 line
25.2 0 1.7 1.0 NULL
26.9 2 2.0 1.0 square
28.9 0 1.8 1.0 NULL
30.7 1 2.0 1.0 line
32.7 0 1.1 1.0 NULL
33.800000000000004 2 2.0 1.0 square
35.800000000000004 0 1.0 1.0 NULL
36.800000000000004 2 2.0 1.0 square
38.8 0 1.7 1.0 NULL
40.5 1 2.0 1.0 line
42.5 0 1.0 1.0 NULL
43.5 1 2.0 1.0 line
45.5 0 1.9 1.0 NULL
47.4 2 2.0 1.0 square
49.4 0 1.2 1.0 NULL
50.6 2 2.0 1.0 square
52.6 0 1.2 1.0 NULL
53.800000000000004 2 2.0 1.0 square
55.800000000000004 0 1.4 1.0 NULL
57.2 2 2.0 1.0 square
59.2 0 1.0 1.0 NULL
60.2 2 2.0 1.0 square
62.2 0 1.0 1.0 NULL
63.2 1 2.0 1.0 line
65.2 0 1.0 1.0 NULL
66.2 2 2.0 1.0 square
68.2 0 1.0 1.0 NULL
69.2 1 2.0 1.0 line
71.2 0 1.3 1.0 NULL
72.5 2 2.0 1.0 square
74.5 0 1.0 1.0 NULL
75.5 2 2.0 1.0 square
77.5 0 1.2 1.0 NULL
78.7 1 2.0 1.0 line
80.7 0 1.2 1.0 NULL
81.9 1 2.0 1.0 line
83.9 0 1.1 1.0 NULL
85.0 1 2.0 1.0 line
87.0 0 1.3 1.0 NULL
88.3 1 2.0 1.0 line
90.3 0 1.8 1.0 NULL
92.1 2 2.0 1.0 square
94.1 0 1.1 1.0 NULL
95.19999999999999 1 2.0 1.0 line
97.19999999999999 0 1.5 1.0 NULL
98.69999999999999 1 2.0 1.0 line
100.69999999999999 0 1.1 1.0 NULL
101.79999999999998 2 2.0 1.0 square
103.8 0 2.0 1.0 NULL
105.8 1 2.0 1.0 line
107.8 0 1.0 1.0 NULL
108.8 1 2.0 1.0 line
110.8 0 1.0 1.0 NULL
111.8 1 2.0 1.0 line
113.8 0 1.1 1.0 NULL
114.89999999999999 1 2.0 1.0 line
116.9 0 1.1 1.0 NULL
118.0 2 2.0 1.0 square
120.0 0 1.1 1.0 NULL
121.1 1 2.0 1.0 line
123.1 0 1.4 1.0 NULL
124.5 2 2.0 1.0 square
126.5 0 1.3 1.0 NULL
127.8 1 2.0 1.0 line
129.8 0 1.2 1.0 NULL
