0.0 0 1.0 1.0 NULL
1.0 2 2.0 1.0 square
3.0 0 1.0 1.0 NULL
4.0 1 2.0 1.0 line
6.0 0 1.2 1.0 NULL
7.2 2 2.0 1.0 square
9.2 0 1.8 1.0 NULL
11.0 2 2.0 1.0 square
13.0 0 1.0 1.0 NULL
14.0 1 2.0 1.0 line
16.0 0 1.0 1.0 NULL
17.0 1 2.0 1.0 line
19.0 0 2.0 1.0 NULL
21.0 2 2.0 1.0 square
23.0 0 1.4 1.0 NULL
24.4 1 2.0 1.0 line
26.4 0 1.8 1.0 NULL
28.2 1 2.0 1.0 line
30.2 0 1.2 1.0 NULL
31.4 1 2.0 1.0 line
33.4 0 1.6 1.0 NULL
35.0 1 2.0 1.0 line
37.0 0 1.0 1.0 NULL
38.0 1 2.0 1.0 line
40.0 0 1.2 1.0 NULL
41.2 2 2.0 1.0 square
43.2 0 1.5 1.0 NULL
44.7 1 2.0 1.0 line
46.7 0 1.3 1.0 NULL
48.0 2 2.0 1.0 square
50.0 0 1.1 1.0 NULL
51.1 1 2.0 1.0 line
53.1 0 1.6 1.0 NULL
54.7 1 2.0 1.0 line
56.7 0 1.1 1.0 NULL
57.800000000000004 1 2.0 1.0 line
59.800000000000004 0 1.1 1.0 NULL
60.900000000000006 2 2.0 1.0 square
62.900000000000006 0 1.0 1.0 NULL
63.900000000000006 2 2.0 1.0 square
65.9 0 1.1 1.0 NULL
67.0 2 2.0 1.0 square
69.0 0 1.0 1.0 NULL
70.0 2 2.0 1.0 square
72.0 0 1.0 1.0 NULL
73.0 1 2.0 1.0 line
75.0 0 1.1 1.0 NULL
76.1 1 2.0 1.0 line
78.1 0 1.1 1.0 NULL
79.19999999999999 2 2.0 1.0 square
81.19999999999999 0 1.7 1.0 NULL
82.89999999999999 1 2.0 1.0 line
84.89999999999999 0 1.0 1.0 NULL
85.89999999999999 2 2.0 1.0 square
87.89999999999999 0 1.1 1.0 NULL
88.99999999999999 2 2.0 1.0 square
91.0 0 1.1 1.0 NULL
92.1 2 2.0 1.0 square
94.1 0 1.2 1.0 NULL
95.3 2 2.0 1.0 square
97.3 0 1.5 1.0 NULL
98.8 2 2.0 1.0 square
100.8 0 1.0 1.0 NULL
101.8 2 2.0 1.0 square
103.8 0 1.9 1.0 NULL
105.7 1 2.0 1.0 line
107.7 0 1.0 1.0 NULL
108.7 2 2.0 1.0 square
110.7 0 1.0 1.0 NULL
111.7 2 2.0 1.0 square
113.7 0 1.1 1.0 NULL
114.8 2 2.0 1.0 square
116.80000000000001 0 1.0 1.0 NULL
117.80000000000001 1 2.0 1.0 line
119.80000000000001 0 1.3 1.0 NULL
121.10000000000001 1 2.0 1.0 line
123.10000000000001 0 1.0 1.0 NULL
124.10000000000001 1 2.0 1.0 line
126.10000000000001 0 1.0 1.0 NULL
127.10000000000001 1 2.0 1.0 line
129.10000000000002 0 1.9 1.0 NULL
