0.0 0 1.5 1.0 NULL
1.5 1 2.0 1.0 line
3.5 0 1.1 1.0 NULL
4.6 2 2.0 1.0 square
6.6 0 1.0 1.0 NULL
7.6 2 2.0 1.0 square
9.6 0 1.9 1.0 NULL
11.5 2 2.0 1.0 square
13.5 0 1.3 1.0 NULL
14.8 1 2.0 1.0 line
16.8 0 1.0 1.0 NULL
17.8 2 2.0 1.0 square
19.8 0 1.3 1.0 NULL
21.1 2 2.0 1.0 square
23.1 0 1.9 1.0 NULL
25.0 2 2.0 1.0 square
27.0 0 1.2 1.0 NULL
28.2 1 2.0 1.0 line
30.2 0 1.2 1.0 NULL
31.4 1 2.0 1.0 line
33.4 0 1.0 1.0 NULL
34.4 1 2.0 1.0 line
36.4 0 1.1 1.0 NULL
37.5 1 2.0 1.0 line
39.5 0 1.7 1.0 NULL
41.2 1 2.0 1.0 line
43.2 0 1.2 1.0 NULL
44.400000000000006 2 2.0 1.0 square
46.400000000000006 0 1.4 1.0 NULL
47.800000000000004 2 2.0 1.0 square
49.800000000000004 0 1.1 1.0 NULL
50.900000000000006 1 2.0 1.0 line
52.9 0 1.3 1.0 NULL
54.199999999999996 1 2.0 1.0 line
56.199999999999996 0 1.1 1.0 NULL
57.3 2 2.0 1.0 square
59.3 0 1.0 1.0 NULL
60.3 2 2.0 1.0 square
62.3 0 1.1 1.0 NULL
63.4 1 2.0 1.0 line
65.4 0 1.4 1.0 NULL
66.80000000000001 2 2.0 1.0 square
68.80000000000001 0 1.5 1.0 NULL
70.30000000000001 1 2.0 1.0 line
72.30000000000001 0 1.1 1.0 NULL
73.4 1 2.0 1.0 line
75.4 0 1.9 1.0 NULL
77.30000000000001 2 2.0 1.0 square
79.3 0 1.2 1.0 NULL
80.5 2 2.0 1.0 square
82.5 0 1.1 1.0 NULL
83.6 1 2.0 1.0 line
85.6 0 1.0 1.0 NULL
86.6 1 2.0 1.0 line
88.6 0 1.7 1.0 NULL
90.3 2 2.0 1.0 square
92.3 0 1.8 1.0 NULL
94.1 1 2.0 1.0 line
96.1 0 1.0 1.0 NULL
97.1 2 2.0 1.0 square
99.1 0 1.1 1.0 NULL
100.19999999999999 2 2.0 1.0 square
102.19999999999999 0 1.0 1.0 NULL
103.19999999999999 1 2.0 1.0 line
105.19999999999999 0 1.3 1.0 NULL
106.49999999999999 1 2.0 1.0 line
108.49999999999999 0 1.2 1.0 NULL
109.69999999999999 2 2.0 1.0 square
111.69999999999999 0 1.3 1.0 NULL
112.99999999999999 1 2.0 1.0 line
114.99999999999999 0 1.4 1.0 NULL
116.39999999999999 2 2.0 1.0 square
118.4 0 1.0 1.0 NULL
119.4 2 2.0 1.0 square
121.4 0 1.0 1.0 NULL
122.4 1 2.0 1.0 line
124.4 0 1.0 1.0 NULL
125.4 1 2.0 1.0 line
127.4 0 1.1 1.0 NULL
128.5 2 2.0 1.0 square
130.5 0 1.0 1.0 NULL
