0.0 0 1.0 1.0 NULL
1.0 2 2.0 1.0 square
3.0 0 1.0 1.0 NULL
4.0 2 2.0 1.0 square
6.0 0 1.8 1.0 NULL
7.8 1 2.0 1.0 line
9.8 0 1.7 1.0 NULL
11.5 1 2.0 1.0 line
13.5 0 1.1 1.0 NULL
14.6 1 2.0 1.0 line
16.6 0 1.0 1.0 NULL
17.6 1 2.0 1.0 line
19.6 0 1.4 1.0 NULL
21.0 2 2.0 1.0 square
23.0 0 1.0 1.0 NULL
24.0 2 2.0 1.0 square
26.0 0 1.0 1.0 NULL
27.0 2 2.0 1.0 square
29.0 0 1.7 1.0 NULL
30.7 2 2.0 1.0 square
32.7 0 2.0 1.0 NULL
34.7 1 2.0 1.0 line
36.7 0 1.2 1.0 NULL
37.900000000000006 2 2.0 1.0 square
39.9 0 1.0 1.0 NULL
40.9 2 2.0 1.0 square
42.9 0 1.3 1.0 NULL
44.199999999999996 2 2.0 1.0 square
46.199999999999996 0 1.1 1.0 NULL
47.3 2 2.0 1.0 square
49.3 0 1.4 1.0 NULL
50.699999999999996 2 2.0 1.0 square
52.7 0 1.4 1.0 NULL
54.1 2 2.0 1.0 square
56.1 0 1.6 1.0 NULL
57.7 1 2.0 1.0 line
59.7 0 1.0 1.0 NULL
60.7 1 2.0 1.0 line
62.7 0 1.4 1.0 NULL
64.10000000000001 2 2.0 1.0 square
66.1 0 1.5 1.0 NULL
67.6 2 2.0 1.0 square
69.6 0 1.0 1.0 NULL
70.6 1 2.0 1.0 line
72.6 0 1.9 1.0 NULL
74.5 2 2.0 1.0 square
76.5 0 1.1 1.0 NULL
77.6 2 2.0 1.0 square
79.6 0 1.0 1.0 NULL
80.6 2 2.0 1.0 square
82.6 0 1.5 1.0 NULL
84.1 1 2.0 1.0 line
86.1 0 1.1 1.0 NULL
87.19999999999999 1 2.0 1.0 line
89.19999999999999 0 1.2 1.0 NULL
90.39999999999999 2 2.0 1.0 square
92.4 0 1.0 1.0 NULL
93.4 1 2.0 1.0 line
95.4 0 1.0 1.0 NULL
96.4 1 2.0 1.0 line
98.4 0 1.1 1.0 NULL
99.5 1 2.0 1.0 line
101.5 0 1.3 1.0 NULL
102.8 1 2.0 1.0 line
104.80000000000001 0 1.2 1.0 NULL
106.00000000000001 1 2.0 1.0 line
108.00000000000001 0 1.6 1.0 NULL
109.60000000000001 1 2.0 1.0 line
111.60000000000001 0 1.0 1.0 NULL
112.60000000000001 2 2.0 1.0 square
114.60000000000001 0 1.0 1.0 NULL
115.60000000000001 1 2.0 1.0 line
117.6 0 1.1 1.0 NULL
118.69999999999999 1 2.0 1.0 line
120.69999999999999 0 1.3 1.0 NULL
121.99999999999999 1 2.0 1.0 line
123.99999999999999 0 1.0 1.0 NULL
124.99999999999999 2 2.0 1.0 square
126.99999999999999 0 1.0 1.0 NULL
127.99999999999999 1 2.0 1.0 line
130.0 0 1.0 1.0 NULL
