0.0 0 1.6 1.0 NULL
1.6 2 2.0 1.0 square
3.6 0 1.1 1.0 NULL
4.7 2 2.0 1.0 square
6.7 0 1.1 1.0 NULL
7.800000000000001 1 2.0 1.0 line
9.8 0 1.8 1.0 NULL
11.600000000000001 1 2.0 1.0 line
13.600000000000001 0 1.3 1.0 NULL
14.900000000000002 1 2.0 1.0 line
16.900000000000002 0 1.4 1.0 NULL
18.3 1 2.0 1.0 line
20.3 0 1.1 1.0 NULL
21.400000000000002 1 2.0 1.0 line
23.400000000000002 0 1.0 1.0 NULL
24.400000000000002 1 2.0 1.0 line
26.4 0 1.2 1.0 NULL
27.599999999999998 1 2.0 1.0 line
29.599999999999998 0 1.1 1.0 NULL
30.7 2 2.0 1.0 square
32.7 0 1.2 1.0 NULL
33.900000000000006 1 2.0 1.0 line
35.900000000000006 0 1.0 1.0 NULL
36.900000000000006 2 2.0 1.0 square
38.900000000000006 0 1.1 1.0 NULL
40.00000000000001 1 2.0 1.0 line
42.00000000000001 0 1.6 1.0 NULL
43.60000000000001 2 2.0 1.0 square
45.60000000000001 0 1.3 1.0 NULL
46.900000000000006 1 2.0 1.0 line
48.900000000000006 0 1.2 1.0 NULL
50.10000000000001 2 2.0 1.0 square
52.099999999999994 0 1.0 1.0 NULL
53.099999999999994 2 2.0 1.0 square
55.099999999999994 0 1.0 1.0 NULL
56.099999999999994 2 2.0 1.0 square
58.099999999999994 0 1.1 1.0 NULL
59.199999999999996 2 2.0 1.0 square
61.199999999999996 0 1.1 1.0 NULL
62.3 2 2.0 1.0 square
64.30000000000001 0 1.6 1.0 NULL
65.9 2 2.0 1.0 square
67.9 0 1.6 1.0 NULL
69.5 1 2.0 1.0 line
71.5 0 1.1 1.0 NULL
72.6 2 2.0 1.0 square
74.6 0 1.0 1.0 NULL
75.6 2 2.0 1.0 square
77.6 0 1.8 1.0 NULL
79.39999999999999 1 2.0 1.0 line
81.39999999999999 0 1.2 1.0 NULL
82.6 2 2.0 1.0 square
84.6 0 1.3 1.0 NULL
85.89999999999999 2 2.0 1.0 square
87.89999999999999 0 1.0 1.0 NULL
88.89999999999999 1 2.0 1.0 line
90.9 0 1.4 1.0 NULL
92.30000000000001 2 2.0 1.0 square
94.30000000000001 0 2.0 1.0 NULL
96.30000000000001 2 2.0 1.0 square
98.30000000000001 0 1.0 1.0 NULL
99.30000000000001 1 2.0 1.0 line
101.30000000000001 0 1.8 1.0 NULL
103.10000000000001 1 2.0 1.0 line
105.1 0 1.1 1.0 NULL
106.19999999999999 1 2.0 1.0 line
108.19999999999999 0 1.2 1.0 NULL
109.39999999999999 2 2.0 1.0 square
111.39999999999999 0 1.8 1.0 NULL
113.19999999999999 1 2.0 1.0 line
115.19999999999999 0 1.0 1.0 NULL
116.19999999999999 2 2.0 1.0 square
118.19999999999999 0 1.3 1.0 NULL
119.49999999999999 1 2.0 1.0 line
121.49999999999999 0 1.1 1.0 NULL
122.59999999999998 1 2.0 1.0 line
124.59999999999998 0 1.0 1.0 NULL
125.59999999999998 1 2.0 1.0 line
127.59999999999998 0 1.0 1.0 NULL
128.59999999999997 2 2.0 1.0 square
130.6 0 1.0 1.0 NULL
