0.0 0 1.0 1.0 NULL
1.0 1 2.0 1.0 line
3.0 0 1.0 1.0 NULL
4.0 1 2.0 1.0 line
6.0 0 1.0 1.0 NULL
7.0 1 2.0 1.0 line
9.0 0 1.0 1.0 NULL
10.0 2 2.0 1.0 square
12.0 0 1.2 1.0 NULL
13.2 2 2.0 1.0 square
15.2 0 1.2 1.0 NULL
16.4 2 2.0 1.0 square
18.4 0 1.8 1.0 NULL
20.2 1 2.0 1.0 line
22.2 0 1.1 1.0 NULL
23.3 1 2.0 1.0 line
25.299999999999997 0 1.0 1.0 NULL
26.299999999999997 2 2.0 1.0 square
28.299999999999997 0 1.9 1.0 NULL
30.199999999999996 1 2.0 1.0 line
32.199999999999996 0 1.0 1.0 NULL
33.199999999999996 2 2.0 1.0 square
35.199999999999996 0 1.3 1.0 NULL
36.49999999999999 2 2.0 1.0 square
38.5 0 1.2 1.0 NULL
39.7 1 2.0 1.0 line
41.7 0 1.5 1.0 NULL
43.2 1 2.0 1.0 line
45.2 0 1.2 1.0 NULL
46.400000000000006 2 2.0 1.0 square
48.400000000000006 0 1.0 1.0 NULL
49.400000000000006 1 2.0 1.0 line
51.4 0 1.6 1.0 NULL
53.0 2 2.0 1.0 square
55.0 0 1.0 1.0 NULL
56.0 2 2.0 1.0 square
58.0 0 1.9 1.0 NULL
59.9 2 2.0 1.0 square
61.9 0 1.2 1.0 NULL
63.1 1 2.0 1.0 line
65.1 0 1.2 1.0 NULL
66.3 1 2.0 1.0 line
68.3 0 1.0 1.0 NULL
69.3 2 2.0 1.0 square
71.3 0 1.4 1.0 NULL
72.7 2 2.0 1.0 square
74.7 0 1.7 1.0 NULL
76.4 1 2.0 1.0 line
78.4 0 1.1 1.0 NULL
79.5 1 2.0 1.0 line
81.5 0 1.4 1.0 NULL
82.9 2 2.0 1.0 square
84.9 0 1.2 1.0 NULL
86.10000000000001 2 2.0 1.0 square
88.10000000000001 0 1.0 1.0 NULL
89.10000000000001 2 2.0 1.0 square
91.1 0 1.0 1.0 NULL
92.1 1 2.0 1.0 line
94.1 0 1.1 1.0 NULL
95.19999999999999 2 2.0 1.0 square
97.19999999999999 0 1.5 1.0 NULL
98.69999999999999 1 2.0 1.0 line
100.69999999999999 0 1.2 1.0 NULL
101.89999999999999 1 2.0 1.0 line
103.9 0 1.1 1.0 NULL
105.0 2 2.0 1.0 square
107.0 0 1.9 1.0 NULL
108.9 2 2.0 1.0 square
110.9 0 1.3 1.0 NULL
112.2 1 2.0 1.0 line
114.2 0 1.0 1.0 NULL
115.2 1 2.0 1.0 line
117.19999999999999 0 1.1 1.0 NULL
118.29999999999998 1 2.0 1.0 line
120.29999999999998 0 1.1 1.0 NULL
121.39999999999998 1 2.0 1.0 line
123.39999999999998 0 1.1 1.0 NULL
124.49999999999997 2 2.0 1.0 square
126.49999999999997 0 1.5 1.0 NULL
127.99999999999997 2 2.0 1.0 square
130.0 0 1.0 1.0 NULL
