0.0 0 2.0 1.0 NULL
2.0 2 2.0 1.0 square
4.0 0 1.2 1.0 NULL
5.2 1 2.0 1.0 line
7.2 0 1.0 1.0 NULL
8.2 2 2.0 1.0 square
10.2 0 1.2 1.0 NULL
11.399999999999999 2 2.0 1.0 square
13.4 0 1.3 1.0 NULL
14.700000000000001 1 2.0 1.0 line
16.700000000000003 0 1.0 1.0 NULL
17.700000000000003 1 2.0 1.0 line
19.700000000000003 0 1.7 1.0 NULL
21.400000000000002 1 2.0 1.0 line
23.400000000000002 0 1.2 1.0 NULL
24.6 1 2.0 1.0 line
26.6 0 1.1 1.0 NULL
27.700000000000003 1 2.0 1.0 line
29.700000000000003 0 1.3 1.0 NULL
31.000000000000004 2 2.0 1.0 square
33.0 0 1.8 1.0 NULL
34.8 2 2.0 1.0 square
36.8 0 1.0 1.0 NULL
37.8 2 2.0 1.0 square
39.8 0 1.1 1.0 NULL
40.9 1 2.0 1.0 line
42.9 0 1.3 1.0 NULL
44.199999999999996 2 2.0 1.0 square
46.199999999999996 0 1.0 1.0 NULL
47.199999999999996 2 2.0 1.0 square
49.199999999999996 0 1.1 1.0 NULL
50.3 2 2.0 1.0 square
52.3 0 1.0 1.0 NULL
53.3 2 2.0 1.0 square
55.3 0 1.3 1.0 NULL
56.599999999999994 1 2.0 1.0 line
58.599999999999994 0 1.0 1.0 NULL
59.599999999999994 2 2.0 1.0 square
61.599999999999994 0 1.4 1.0 NULL
62.99999999999999 2 2.0 1.0 square
65.0 0 1.1 1.0 NULL
66.1 1 2.0 1.0 line
68.1 0 2.0 1.0 NULL
70.1 1 2.0 1.0 line
72.1 0 1.0 1.0 NULL
73.1 1 2.0 1.0 line
75.1 0 1.1 1.0 NULL
76.19999999999999 2 2.0 1.0 square
78.2 0 1.0 1.0 NULL
79.2 2 2.0 1.0 square
81.2 0 1.9 1.0 NULL
83.10000000000001 1 2.0 1.0 line
85.10000000000001 0 1.7 1.0 NULL
86.80000000000001 1 2.0 1.0 line
88.80000000000001 0 1.0 1.0 NULL
89.80000000000001 2 2.0 1.0 square
91.80000000000001 0 1.6 1.0 NULL
93.4 1 2.0 1.0 line
95.4 0 1.1 1.0 NULL
96.5 2 2.0 1.0 square
98.5 0 1.0 1.0 NULL
99.5 1 2.0 1.0 line
101.5 0 1.3 1.0 NULL
102.8 2 2.0 1.0 square
104.8 0 1.5 1.0 NULL
106.3 2 2.0 1.0 square
108.3 0 1.0 1.0 NULL
109.3 1 2.0 1.0 line
111.3 0 1.9 1.0 NULL
113.2 1 2.0 1.0 line
115.2 0 1.1 1.0 NULL
116.3 2 2.0 1.0 square
118.3 0 1.0 1.0 NULL
119.3 2 2.0 1.0 square
121.3 0 1.4 1.0 NULL
122.7 1 2.0 1.0 line
124.7 0 1.2 1.0 NULL
125.9 1 2.0 1.0 line
127.9 0 1.1 1.0 NULL
129.0 1 2.0 1.0 line
131.0 0 1.0 1.0 NULL
