0.0 0 1.0 1.0 NULL
1.0 1 2.0 1.0 line
3.0 0 1.1 1.0 NULL
4.1 2 2.0 1.0 square
6.1 0 1.5 1.0 NULL
7.6 1 2.0 1.0 line
9.6 0 1.3 1.0 NULL
10.9 1 2.0 1.0 line
12.899999999999999 0 1.5 1.0 NULL
14.399999999999999 1 2.0 1.0 line
16.4 0 1.1 1.0 NULL
17.5 2 2.0 1.0 square
19.5 0 1.1 1.0 NULL
20.6 1 2.0 1.0 line
22.6 0 1.8 1.0 NULL
24.400000000000002 2 2.0 1.0 square
26.4 0 1.1 1.0 NULL
27.5 1 2.0 1.0 line
29.5 0 1.6 1.0 NULL
31.1 1 2.0 1.0 line
33.1 0 1.0 1.0 NULL
34.1 1 2.0 1.0 line
36.1 0 1.0 1.0 NULL
37.1 1 2.0 1.0 line
39.099999999999994 0 1.8 1.0 NULL
40.89999999999999 2 2.0 1.0 square
42.89999999999999 0 1.0 1.0 NULL
43.89999999999999 2 2.0 1.0 square
45.89999999999999 0 1.3 1.0 NULL
47.19999999999999 2 2.0 1.0 square
49.19999999999999 0 1.1 1.0 NULL
50.29999999999999 2 2.0 1.0 square
52.300000000000004 0 1.5 1.0 NULL
53.800000000000004 2 2.0 1.0 square
55.800000000000004 0 1.7 1.0 NULL
57.50000000000001 2 2.0 1.0 square
59.50000000000001 0 1.2 1.0 NULL
60.70000000000001 2 2.0 1.0 square
62.70000000000001 0 1.0 1.0 NULL
63.70000000000001 1 2.0 1.0 line
65.69999999999999 0 1.7 1.0 NULL
67.39999999999999 1 2.0 1.0 line
69.39999999999999 0 1.0 1.0 NULL
70.39999999999999 1 2.0 1.0 line
72.39999999999999 0 1.0 1.0 NULL
73.39999999999999 2 2.0 1.0 square
75.39999999999999 0 1.0 1.0 NULL
76.39999999999999 1 2.0 1.0 line
78.4 0 1.1 1.0 NULL
79.5 2 2.0 1.0 square
81.5 0 1.2 1.0 NULL
82.7 1 2.0 1.0 line
84.7 0 1.0 1.0 NULL
85.7 2 2.0 1.0 square
87.7 0 1.1 1.0 NULL
88.8 2 2.0 1.0 square
90.80000000000001 0 1.7 1.0 NULL
92.50000000000001 2 2.0 1.0 square
94.50000000000001 0 1.0 1.0 NULL
95.50000000000001 2 2.0 1.0 square
97.50000000000001 0 1.1 1.0 NULL
98.60000000000001 2 2.0 1.0 square
100.60000000000001 0 1.0 1.0 NULL
101.60000000000001 1 2.0 1.0 line
103.6 0 1.0 1.0 NULL
104.6 2 2.0 1.0 square
106.6 0 1.0 1.0 NULL
107.6 1 2.0 1.0 line
109.6 0 1.1 1.0 NULL
110.69999999999999 1 2.0 1.0 line
112.69999999999999 0 1.9 1.0 NULL
114.6 1 2.0 1.0 line
116.6 0 1.4 1.0 NULL
118.0 2 2.0 1.0 square
120.0 0 1.1 1.0 NULL
121.1 1 2.0 1.0 line
123.1 0 1.1 1.0 NULL
124.19999999999999 1 2.0 1.0 line
126.19999999999999 0 1.3 1.0 NULL
127.49999999999999 2 2.0 1.0 square
129.5 0 1.5 1.0 NULL
