0.0 0 1.0 1.0 NULL
1.0 1 2.0 1.0 line
3.0 0 1.0 1.0 NULL
4.0 2 2.0 1.0 square
6.0 0 1.3 1.0 NULL
7.3 1 2.0 1.0 line
9.3 0 1.3 1.0 NULL
10.600000000000001 1 2.0 1.0 line
12.6 0 1.8 1.0 NULL
14.4 1 2.0 1.0 line
16.4 0 1.0 1.0 NULL
17.4 1 2.0 1.0 line
19.4 0 1.5 1.0 NULL
20.9 2 2.0 1.0 square
22.9 0 1.3 1.0 NULL
24.2 1 2.0 1.0 line
26.2 0 1.5 1.0 NULL
27.7 1 2.0 1.0 line
29.7 0 1.4 1.0 NULL
31.099999999999998 2 2.0 1.0 square
33.099999999999994 0 1.1 1.0 NULL
34.199999999999996 1 2.0 1.0 line
36.199999999999996 0 1.1 1.0 NULL
37.3 2 2.0 1.0 square
39.300000000000004 0 1.0 1.0 NULL
40.300000000000004 2 2.0 1.0 square
42.300000000000004 0 1.7 1.0 NULL
44.00000000000001 1 2.0 1.0 line
46.00000000000001 0 1.5 1.0 NULL
47.50000000000001 1 2.0 1.0 line
49.50000000000001 0 1.2 1.0 NULL
50.70000000000001 2 2.0 1.0 square
52.7 0 1.0 1.0 NULL
53.7 1 2.0 1.0 line
55.7 0 1.1 1.0 NULL
56.800000000000004 2 2.0 1.0 square
58.800000000000004 0 1.1 1.0 NULL
59.900000000000006 1 2.0 1.0 line
61.900000000000006 0 1.1 1.0 NULL
63.00000000000001 2 2.0 1.0 square
65.0 0 1.0 1.0 NULL
66.0 1 2.0 1.0 line
68.0 0 1.0 1.0 NULL
69.0 2 2.0 1.0 square
71.0 0 1.2 1.0 NULL
72.2 2 2.0 1.0 square
74.2 0 1.1 1.0 NULL
75.3 2 2.0 1.0 square
77.3 0 1.4 1.0 NULL
78.7 2 2.0 1.0 square
80.7 0 1.8 1.0 NULL
82.5 2 2.0 1.0 square
84.5 0 1.0 1.0 NULL
85.5 2 2.0 1.0 square
87.5 0 2.0 1.0 NULL
89.5 1 2.0 1.0 line
91.5 0 1.0 1.0 NULL
92.5 1 2.0 1.0 line
94.5 0 1.2 1.0 NULL
95.7 2 2.0 1.0 square
97.7 0 1.7 1.0 NULL
99.4 2 2.0 1.0 square
101.4 0 1.0 1.0 NULL
102.4 1 2.0 1.0 line
104.4 0 1.2 1.0 NULL
105.60000000000001 1 2.0 1.0 line
107.60000000000001 0 1.2 1.0 NULL
108.80000000000001 1 2.0 1.0 line
110.80000000000001 0 1.0 1.0 NULL
111.80000000000001 1 2.0 1.0 line
113.80000000000001 0 1.0 1.0 NULL
114.80000000000001 2 2.0 1.0 square
116.8 0 1.5 1.0 NULL
118.3 2 2.0 1.0 square
120.3 0 1.0 1.0 NULL
121.3 2 2.0 1.0 square
123.3 0 1.0 1.0 NULL
124.3 2 2.0 1.0 square
126.3 0 1.3 1.0 NULL
127.6 1 2.0 1.0 line
129.6 0 1.4 1.0 NULL
