0.0 0 1.4 1.0 NULL
1.4 2 2.0 1.0 square
3.4 0 1.1 1.0 NULL
4.5 2 2.0 1.0 square
6.5 0 1.0 1.0 NULL
7.5 1 2.0 1.0 line
9.5 0 1.8 1.0 NULL
11.3 2 2.0 1.0 square
13.3 0 1.2 1.0 NULL
14.5 1 2.0 1.0 line
16.5 0 1.2 1.0 NULL
17.7 2 2.0 1.0 square
19.7 0 1.1 1.0 NULL
20.8 1 2.0 1.0 line
22.8 0 1.1 1.0 NULL
23.900000000000002 2 2.0 1.0 square
25.9 0 1.2 1.0 NULL
27.099999999999998 2 2.0 1.0 square
29.099999999999998 0 1.1 1.0 NULL
30.2 1 2.0 1.0 line
32.2 0 1.3 1.0 NULL
33.5 2 2.0 1.0 square
35.5 0 1.0 1.0 NULL
36.5 2 2.0 1.0 square
38.5 0 1.7 1.0 NULL
40.2 2 2.0 1.0 square
42.2 0 1.0 1.0 NULL
43.2 2 2.0 1.0 square
45.2 0 1.4 1.0 NULL
46.6 1 2.0 1.0 line
48.6 0 1.4 1.0 NULL
50.0 2 2.0 1.0 square
52.0 0 1.7 1.0 NULL
53.7 1 2.0 1.0 line
55.7 0 1.1 1.0 NULL
56.800000000000004 2 2.0 1.0 square
58.800000000000004 0 1.3 1.0 NULL
60.1 2 2.0 1.0 square
62.1 0 1.0 1.0 NULL
63.1 2 2.0 1.0 square
65.10000000000001 0 1.0 1.0 NULL
66.10000000000001 1 2.0 1.0 line
68.10000000000001 0 1.4 1.0 NULL
69.50000000000001 1 2.0 1.0 line
71.50000000000001 0 1.4 1.0 NULL
72.90000000000002 1 2.0 1.0 line
74.90000000000002 0 1.0 1.0 NULL
75.90000000000002 1 2.0 1.0 line
77.89999999999999 0 1.9 1.0 NULL
79.8 1 2.0 1.0 line
81.8 0 1.0 1.0 NULL
82.8 1 2.0 1.0 line
84.8 0 1.2 1.0 NULL
86.0 1 2.0 1.0 line
88.0 0 1.0 1.0 NULL
89.0 2 2.0 1.0 square
91.0 0 1.8 1.0 NULL
92.8 2 2.0 1.0 square
94.8 0 1.9 1.0 NULL
96.7 1 2.0 1.0 line
98.7 0 1.2 1.0 NULL
99.9 2 2.0 1.0 square
101.9 0 1.2 1.0 NULL
103.10000000000001 1 2.0 1.0 line
105.1 0 1.3 1.0 NULL
106.39999999999999 2 2.0 1.0 square
108.39999999999999 0 1.4 1.0 NULL
109.8 2 2.0 1.0 square
111.8 0 1.0 1.0 NULL
112.8 2 2.0 1.0 square
114.8 0 1.3 1.0 NULL
116.1 1 2.0 1.0 line
118.10000000000001 0 1.2 1.0 NULL
119.30000000000001 1 2.0 1.0 line
121.30000000000001 0 1.0 1.0 NULL
122.30000000000001 1 2.0 1.0 line
124.30000000000001 0 1.0 1.0 NULL
125.30000000000001 1 2.0 1.0 line
127.30000000000001 0 1.0 1.0 NULL
128.3 1 2.0 1.0 line
130.3 0 1.1 1.0 NULL
