0.0 0 1.0 1.0 NULL
1.0 1 2.0 1.0 line
3.0 0 1.0 1.0 NULL
4.0 2 2.0 1.0 square
6.0 0 1.9 1.0 NULL
7.9 1 2.0 1.0 line
9.9 0 1.0 1.0 NULL
10.9 1 2.0 1.0 line
12.9 0 1.5 1.0 NULL
14.4 1 2.0 1.0 line
16.4 0 1.1 1.0 NULL
17.5 1 2.0 1.0 line
19.5 0 1.6 1.0 NULL
21.1 1 2.0 1.0 line
23.1 0 1.3 1.0 NULL
24.400000000000002 1 2.0 1.0 line
26.4 0 1.1 1.0 NULL
27.5 2 2.0 1.0 square
29.5 0 2.0 1.0 NULL
31.5 2 2.0 1.0 square
33.5 0 1.3 1.0 NULL
34.8 2 2.0 1.0 square
36.8 0 1.0 1.0 NULL
37.8 1 2.0 1.0 line
39.8 0 1.0 1.0 NULL
40.8 2 2.0 1.0 square
42.8 0 1.6 1.0 NULL
44.4 2 2.0 1.0 square
46.4 0 1.0 1.0 NULL
47.4 2 2.0 1.0 square
49.4 0 1.4 1.0 NULL
50.8 1 2.0 1.0 line
52.8 0 1.2 1.0 NULL
54.0 1 2.0 1.0 line
56.0 0 1.0 1.0 NULL
57.0 2 2.0 1.0 square
59.0 0 1.0 1.0 NULL
60.0 1 2.0 1.0 line
62.0 0 1.1 1.0 NULL
63.1 1 2.0 1.0 line
65.1 0 1.2 1.0 NULL
66.3 2 2.0 1.0 square
68.3 0 1.0 1.0 NULL
69.3 2 2.0 1.0 square
71.3 0 1.7 1.0 NULL
73.0 2 2.0 1.0 square
75.0 0 1.0 1.0 NULL
76.0 2 2.0 1.0 square
78.0 0 1.4 1.0 NULL
79.4 1 2.0 1.0 line
81.4 0 1.1 1.0 NULL
82.5 2 2.0 1.0 square
84.5 0 1.0 1.0 NULL
85.5 1 2.0 1.0 line
87.5 0 1.7 1.0 NULL
89.2 2 2.0 1.0 square
91.19999999999999 0 1.0 1.0 NULL
92.19999999999999 1 2.0 1.0 line
94.19999999999999 0 1.7 1.0 NULL
95.89999999999999 1 2.0 1.0 line
97.89999999999999 0 1.6 1.0 NULL
99.49999999999999 2 2.0 1.0 square
101.49999999999999 0 1.1 1.0 NULL
102.59999999999998 2 2.0 1.0 square
104.6 0 1.0 1.0 NULL
105.6 2 2.0 1.0 square
107.6 0 1.6 1.0 NULL
109.19999999999999 2 2.0 1.0 square
111.19999999999999 0 1.0 1.0 NULL
112.19999999999999 2 2.0 1.0 square
114.19999999999999 0 1.2 1.0 NULL
115.39999999999999 2 2.0 1.0 square
117.4 0 1.1 1.0 NULL
118.5 1 2.0 1.0 line
120.5 0 1.0 1.0 NULL
121.5 1 2.0 1.0 line
123.5 0 1.1 1.0 NULL
124.6 1 2.0 1.0 line
126.6 0 1.3 1.0 NULL
127.89999999999999 1 2.0 1.0 line
129.89999999999998 0 1.1 1.0 NULL
