0.0 0 1.1 1.0 NULL
1.1 1 2.0 1.0 line
3.1 0 1.1 1.0 NULL
4.2 1 2.0 1.0 line
6.2 0 1.3 1.0 NULL
7.5 1 2.0 1.0 line
9.5 0 1.3 1.0 NULL
10.8 1 2.0 1.0 line
12.8 0 1.0 1.0 NULL
13.8 1 2.0 1.0 line
15.8 0 1.0 1.0 NULL
16.8 2 2.0 1.0 square
18.8 0 1.7 1.0 NULL
20.5 2 2.0 1.0 square
22.5 0 1.0 1.0 NULL
23.5 2 2.0 1.0 square
25.5 0 1.2 1.0 NULL
26.7 2 2.0 1.0 square
28.7 0 1.2 1.0 NULL
29.9 1 2.0 1.0 line
31.9 0 1.1 1.0 NULL
33.0 1 2.0 1.0 line
35.0 0 1.0 1.0 NULL
36.0 2 2.0 1.0 square
38.0 0 1.8 1.0 NULL
39.8 2 2.0 1.0 square
41.8 0 1.0 1.0 NULL
42.8 2 2.0 1.0 square
44.8 0 1.1 1.0 NULL
45.9 1 2.0 1.0 line
47.9 0 1.3 1.0 NULL
49.199999999999996 2 2.0 1.0 square
51.199999999999996 0 1.2 1.0 NULL
52.4 2 2.0 1.0 square
54.4 0 1.4 1.0 NULL
55.8 2 2.0 1.0 square
57.8 0 1.5 1.0 NULL
59.3 2 2.0 1.0 square
61.3 0 2.0 1.0 NULL
63.3 1 2.0 1.0 line
65.3 0 1.1 1.0 NULL
66.39999999999999 2 2.0 1.0 square
68.39999999999999 0 1.1 1.0 NULL
69.49999999999999 2 2.0 1.0 square
71.49999999999999 0 1.0 1.0 NULL
72.49999999999999 1 2.0 1.0 line
74.49999999999999 0 1.5 1.0 NULL
75.99999999999999 2 2.0 1.0 square
78.0 0 1.1 1.0 NULL
79.1 1 2.0 1.0 line
81.1 0 1.2 1.0 NULL
82.3 2 2.0 1.0 square
84.3 0 1.0 1.0 NULL
85.3 1 2.0 1.0 line
87.3 0 1.5 1.0 NULL
88.8 1 2.0 1.0 line
90.8 0 1.8 1.0 NULL
92.6 1 2.0 1.0 line
94.6 0 1.7 1.0 NULL
96.3 1 2.0 1.0 line
98.3 0 1.1 1.0 NULL
99.39999999999999 1 2.0 1.0 line
101.39999999999999 0 1.0 1.0 NULL
102.39999999999999 1 2.0 1.0 line
104.4 0 1.2 1.0 NULL
105.60000000000001 2 2.0 1.0 square
107.60000000000001 0 1.3 1.0 NULL
108.9 2 2.0 1.0 square
110.9 0 1.4 1.0 NULL
112.30000000000001 1 2.0 1.0 line
114.30000000000001 0 1.0 1.0 NULL
115.30000000000001 2 2.0 1.0 square
117.3 0 1.0 1.0 NULL
118.3 2 2.0 1.0 square
120.3 0 1.1 1.0 NULL
121.39999999999999 2 2.0 1.0 square
123.39999999999999 0 1.1 1.0 NULL
124.49999999999999 1 2.0 1.0 line
126.49999999999999 0 1.1 1.0 NULL
127.59999999999998 1 2.0 1.0 line
129.6 0 1.5 1.0 NULL
