0.0 0 1.0 1.0 NULL
1.0 1 2.0 1.0 line
3.0 0 1.0 1.0 NULL
4.0 2 2.0 1.0 square
6.0 0 1.2 1.0 NULL
7.2 1 2.0 1.0 line
9.2 0 1.0 1.0 NULL
10.2 2 2.0 1.0 square
12.2 0 1.2 1.0 NULL
13.399999999999999 1 2.0 1.0 line
15.399999999999999 0 1.1 1.0 NULL
16.5 2 2.0 1.0 square
18.5 0 1.2 1.0 NULL
19.7 2 2.0 1.0 square
21.7 0 1.1 1.0 NULL
22.8 1 2.0 1.0 line
24.8 0 1.1 1.0 NULL
25.900000000000002 1 2.0 1.0 line
27.900000000000002 0 1.0 1.0 NULL
28.900000000000002 1 2.0 1.0 line
30.900000000000002 0 1.2 1.0 NULL
32.1 1 2.0 1.0 line
34.1 0 1.0 1.0 NULL
35.1 2 2.0 1.0 square
37.099999999999994 0 1.0 1.0 NULL
38.099999999999994 1 2.0 1.0 line
40.099999999999994 0 1.4 1.0 NULL
41.49999999999999 1 2.0 1.0 line
43.49999999999999 0 1.0 1.0 NULL
44.49999999999999 2 2.0 1.0 square
46.49999999999999 0 1.8 1.0 NULL
48.29999999999999 2 2.0 1.0 square
50.3 0 1.2 1.0 NULL
51.5 1 2.0 1.0 line
53.5 0 1.2 1.0 NULL
54.7 1 2.0 1.0 line
56.7 0 1.2 1.0 NULL
57.900000000000006 1 2.0 1.0 line
59.900000000000006 0 2.0 1.0 NULL
61.900000000000006 2 2.0 1.0 square
63.900000000000006 0 1.8 1.0 NULL
65.7 2 2.0 1.0 square
67.7 0 1.0 1.0 NULL
68.7 1 2.0 1.0 line
70.7 0 1.6 1.0 NULL
72.3 2 2.0 1.0 square
74.3 0 1.2 1.0 NULL
75.5 2 2.0 1.0 square
77.5 0 1.0 1.0 NULL
78.5 1 2.0 1.0 line
80.5 0 1.3 1.0 NULL
81.8 2 2.0 1.0 square
83.8 0 1.4 1.0 NULL
85.2 2 2.0 1.0 square
87.2 0 1.6 1.0 NULL
88.8 1 2.0 1.0 line
90.8 0 1.1 1.0 NULL
91.89999999999999 2 2.0 1.0 square
93.89999999999999 0 1.0 1.0 NULL
94.89999999999999 1 2.0 1.0 line
96.89999999999999 0 1.6 1.0 NULL
98.49999999999999 1 2.0 1.0 line
100.49999999999999 0 1.4 1.0 NULL
101.89999999999999 2 2.0 1.0 square
103.9 0 1.6 1.0 NULL
105.5 2 2.0 1.0 square
107.5 0 1.0 1.0 NULL
108.5 2 2.0 1.0 square
110.5 0 1.1 1.0 NULL
111.6 2 2.0 1.0 square
113.6 0 2.0 1.0 NULL
115.6 1 2.0 1.0 line
117.6 0 1.0 1.0 NULL
118.6 1 2.0 1.0 line
120.6 0 1.2 1.0 NULL
121.8 2 2.0 1.0 square
123.8 0 1.1 1.0 NULL
124.89999999999999 2 2.0 1.0 square
126.89999999999999 0 1.1 1.0 NULL
127.99999999999999 1 2.0 1.0 line
130.0 0 1.0 1.0 NULL
