0.0 0 1.1 1.0 NULL
1.1 2 2.0 1.0 square
3.1 0 1.0 1.0 NULL
4.1 1 2.0 1.0 line
6.1 0 1.1 1.0 NULL
7.199999999999999 1 2.0 1.0 line
9.2 0 1.1 1.0 NULL
10.299999999999999 2 2.0 1.0 square
12.3 0 1.0 1.0 NULL
13.3 2 2.0 1.0 square
15.3 0 1.2 1.0 NULL
16.5 1 2.0 1.0 line
18.5 0 1.1 1.0 NULL
19.6 2 2.0 1.0 square
21.6 0 1.5 1.0 NULL
23.1 2 2.0 1.0 square
25.1 0 1.2 1.0 NULL
26.3 2 2.0 1.0 square
28.3 0 1.1 1.0 NULL
29.400000000000002 1 2.0 1.0 line
31.400000000000002 0 1.0 1.0 NULL
32.400000000000006 2 2.0 1.0 square
34.400000000000006 0 1.6 1.0 NULL
36.00000000000001 1 2.0 1.0 line
38.0 0 1.0 1.0 NULL
39.0 1 2.0 1.0 line
41.0 0 1.0 1.0 NULL
42.0 1 2.0 1.0 line
44.0 0 1.7 1.0 NULL
45.7 1 2.0 1.0 line
47.7 0 1.3 1.0 NULL
49.0 1 2.0 1.0 line
51.0 0 1.2 1.0 NULL
52.2 2 2.0 1.0 square
54.2 0 1.8 1.0 NULL
56.0 1 2.0 1.0 line
58.0 0 1.0 1.0 NULL
59.0 1 2.0 1.0 line
61.0 0 1.5 1.0 NULL
62.5 2 2.0 1.0 square
64.5 0 1.4 1.0 NULL
65.9 2 2.0 1.0 square
67.9 0 1.1 1.0 NULL
69.0 1 2.0 1.0 line
71.0 0 1.2 1.0 NULL
72.2 2 2.0 1.0 square
74.2 0 1.0 1.0 NULL
75.2 2 2.0 1.0 square
77.2 0 1.2 1.0 NULL
78.4 2 2.0 1.0 square
80.4 0 1.9 1.0 NULL
82.30000000000001 1 2.0 1.0 line
84.30000000000001 0 1.0 1.0 NULL
85.30000000000001 1 2.0 1.0 line
87.30000000000001 0 1.9 1.0 NULL
89.20000000000002 1 2.0 1.0 line
91.2 0 1.0 1.0 NULL
92.2 2 2.0 1.0 square
94.2 0 1.1 1.0 NULL
95.3 2 2.0 1.0 square
97.3 0 1.5 1.0 NULL
98.8 2 2.0 1.0 square
100.8 0 1.2 1.0 NULL
102.0 1 2.0 1.0 line
104.0 0 1.7 1.0 NULL
105.7 2 2.0 1.0 square
107.7 0 1.0 1.0 NULL
108.7 1 2.0 1.0 line
110.7 0 1.6 1.0 NULL
112.3 2 2.0 1.0 square
114.3 0 1.1 1.0 NULL
115.39999999999999 2 2.0 1.0 square
117.4 0 1.0 1.0 NULL
118.4 1 2.0 1.0 line
120.4 0 1.0 1.0 NULL
121.4 1 2.0 1.0 line
123.4 0 1.3 1.0 NULL
124.7 1 2.0 1.0 line
126.7 0 1.2 1.0 NULL
127.9 2 2.0 1.0 square
129.9 0 1.2 1.0 NULL
