0.0 0 1.3 1.0 NULL
1.3 1 2.0 1.0 line
3.3 0 1.0 1.0 NULL
4.3 2 2.0 1.0 square
6.3 0 1.9 1.0 NULL
8.2 2 2.0 1.0 square
10.2 0 1.0 1.0 NULL
11.2 1 2.0 1.0 line
13.2 0 1.0 1.0 NULL
14.2 1 2.0 1.0 line
16.2 0 1.2 1.0 NULL
17.4 2 2.0 1.0 square
19.4 0 1.8 1.0 NULL
21.2 1 2.0 1.0 line
23.2 0 1.0 1.0 NULL
24.2 1 2.0 1.0 line
26.2 0 1.1 1.0 NULL
27.3 1 2.0 1.0 line
29.3 0 1.3 1.0 NULL
30.6 1 2.0 1.0 line
32.6 0 1.8 1.0 NULL
34.4 1 2.0 1.0 line
36.4 0 1.0 1.0 NULL
37.4 1 2.0 1.0 line
39.4 0 1.0 1.0 NULL
40.4 2 2.0 1.0 square
42.4 0 1.2 1.0 NULL
43.6 2 2.0 1.0 square
45.6 0 1.1 1.0 NULL
46.7 2 2.0 1.0 square
48.7 0 1.2 1.0 NULL
49.900000000000006 1 2.0 1.0 line
51.9 0 1.7 1.0 NULL
53.6 2 2.0 1.0 square
55.6 0 1.1 1.0 NULL
56.7 1 2.0 1.0 line
58.7 0 1.7 1.0 NULL
60.400000000000006 1 2.0 1.0 line
62.400000000000006 0 1.3 1.0 NULL
63.7 1 2.0 1.0 line
65.7 0 1.0 1.0 NULL
66.7 1 2.0 1.0 line
68.7 0 1.3 1.0 NULL
70.0 2 2.0 1.0 square
72.0 0 1.5 1.0 NULL
73.5 2 2.0 1.0 square
75.5 0 1.0 1.0 NULL
76.5 2 2.0 1.0 square
78.5 0 1.0 1.0 NULL
79.5 1 2.0 1.0 line
81.5 0 1.8 1.0 NULL
83.3 2 2.0 1.0 square
85.3 0 1.0 1.0 NULL
86.3 2 2.0 1.0 square
88.3 0 1.3 1.0 NULL
89.6 2 2.0 1.0 square
91.6 0 1.0 1.0 NULL
92.6 2 2.0 1.0 square
94.6 0 1.0 1.0 NULL
95.6 2 2.0 1.0 square
97.6 0 1.7 1.0 NULL
99.3 1 2.0 1.0 line
101.3 0 1.0 1.0 NULL
102.3 2 2.0 1.0 square
104.3 0 1.3 1.0 NULL
105.6 1 2.0 1.0 line
107.6 0 1.1 1.0 NULL
108.69999999999999 1 2.0 1.0 line
110.69999999999999 0 1.2 1.0 NULL
111.89999999999999 2 2.0 1.0 square
113.89999999999999 0 1.1 1.0 NULL
114.99999999999999 2 2.0 1.0 square
117.0 0 1.0 1.0 NULL
118.0 2 2.0 1.0 square
120.0 0 2.0 1.0 NULL
122.0 1 2.0 1.0 line
124.0 0 1.0 1.0 NULL
125.0 2 2.0 1.0 square
127.0 0 1.2 1.0 NULL
128.2 1 2.0 1.0 line
130.2 0 1.1 1.0 NULL
