0.0 0 1.1 1.0 NULL
1.1 1 2.0 1.0 line
3.1 0 1.2 1.0 NULL
4.3 2 2.0 1.0 square
6.3 0 1.3 1.0 NULL
7.6 2 2.0 1.0 square
9.6 0 1.9 1.0 NULL
11.5 1 2.0 1.0 line
13.5 0 1.1 1.0 NULL
14.6 1 2.0 1.0 line
16.6 0 1.1 1.0 NULL
17.700000000000003 1 2.0 1.0 line
19.700000000000003 0 1.2 1.0 NULL
20.900000000000002 1 2.0 1.0 line
22.900000000000002 0 1.0 1.0 NULL
23.900000000000002 2 2.0 1.0 square
25.9 0 1.7 1.0 NULL
27.599999999999998 1 2.0 1.0 line
29.599999999999998 0 1.2 1.0 NULL
30.799999999999997 2 2.0 1.0 square
32.8 0 1.0 1.0 NULL
33.8 2 2.0 1.0 square
35.8 0 1.1 1.0 NULL
36.9 1 2.0 1.0 line
38.9 0 1.2 1.0 NULL
40.1 2 2.0 1.0 square
42.1 0 1.0 1.0 NULL
43.1 2 2.0 1.0 square
45.1 0 1.4 1.0 NULL
46.5 2 2.0 1.0 square
48.5 0 1.0 1.0 NULL
49.5 2 2.0 1.0 square
51.5 0 1.1 1.0 NULL
52.6 1 2.0 1.0 line
54.6 0 1.0 1.0 NULL
55.6 2 2.0 1.0 square
57.6 0 1.0 1.0 NULL
58.6 2 2.0 1.0 square
60.6 0 1.8 1.0 NULL
62.4 2 2.0 1.0 square
64.4 0 1.2 1.0 NULL
65.60000000000001 2 2.0 1.0 square
67.60000000000001 0 1.1 1.0 NULL
68.7 2 2.0 1.0 square
70.7 0 1.0 1.0 NULL
71.7 1 2.0 1.0 line
73.7 0 1.3 1.0 NULL
75.0 1 2.0 1.0 line
77.0 0 2.0 1.0 NULL
79.0 2 2.0 1.0 square
81.0 0 1.5 1.0 NULL
82.5 1 2.0 1.0 line
84.5 0 1.4 1.0 NULL
85.9 1 2.0 1.0 line
87.9 0 1.0 1.0 NULL
88.9 1 2.0 1.0 line
90.9 0 1.3 1.0 NULL
92.2 2 2.0 1.0 square
94.2 0 1.2 1.0 NULL
95.4 1 2.0 1.0 line
97.4 0 1.0 1.0 NULL
98.4 1 2.0 1.0 line
100.4 0 1.0 1.0 NULL
101.4 2 2.0 1.0 square
103.4 0 1.8 1.0 NULL
105.2 2 2.0 1.0 square
107.2 0 1.0 1.0 NULL
108.2 1 2.0 1.0 line
110.2 0 1.8 1.0 NULL
112.0 1 2.0 1.0 line
114.0 0 1.3 1.0 NULL
115.3 1 2.0 1.0 line
117.3 0 1.1 1.0 NULL
118.39999999999999 1 2.0 1.0 line
120.39999999999999 0 1.3 1.0 NULL
121.69999999999999 2 2.0 1.0 square
123.69999999999999 0 1.2 1.0 NULL
124.89999999999999 1 2.0 1.0 line
126.89999999999999 0 1.1 1.0 NULL
127.99999999999999 2 2.0 1.0 square
130.0 0 1.1 1.0 NULL
