0.0 0 1.0 1.0 NULL
1.0 1 2.0 1.0 line
3.0 0 1.0 1.0 NULL
4.0 2 2.0 1.0 square
6.0 0 1.4 1.0 NULL
7.4 2 2.0 1.0 square
9.4 0 1.3 1.0 NULL
10.700000000000001 2 2.0 1.0 square
12.7 0 1.2 1.0 NULL
13.899999999999999 1 2.0 1.0 line
15.899999999999999 0 1.6 1.0 NULL
17.5 1 2.0 1.0 line
19.5 0 1.0 1.0 NULL
20.5 2 2.0 1.0 square
22.5 0 1.3 1.0 NULL
23.8 1 2.0 1.0 line
25.8 0 1.1 1.0 NULL
26.900000000000002 1 2.0 1.0 line
28.900000000000002 0 1.1 1.0 NULL
30.000000000000004 2 2.0 1.0 square
32.0 0 1.0 1.0 NULL
33.0 1 2.0 1.0 line
35.0 0 1.9 1.0 NULL
36.9 1 2.0 1.0 line
38.9 0 1.1 1.0 NULL
40.0 1 2.0 1.0 line
42.0 0 1.0 1.0 NULL
43.0 1 2.0 1.0 line
45.0 0 1.3 1.0 NULL
46.3 2 2.0 1.0 square
48.3 0 1.0 1.0 NULL
49.3 2 2.0 1.0 square
51.3 0 1.3 1.0 NULL
52.599999999999994 2 2.0 1.0 square
54.599999999999994 0 1.7 1.0 NULL
56.3 2 2.0 1.0 square
58.3 0 1.0 1.0 NULL
59.3 1 2.0 1.0 line
61.3 0 1.1 1.0 NULL
62.4 1 2.0 1.0 line
64.39999999999999 0 1.9 1.0 NULL
66.3 2 2.0 1.0 square
68.3 0 1.0 1.0 NULL
69.3 1 2.0 1.0 line
71.3 0 1.0 1.0 NULL
72.3 2 2.0 1.0 square
74.3 0 1.0 1.0 NULL
75.3 1 2.0 1.0 line
77.3 0 1.3 1.0 NULL
78.6 2 2.0 1.0 square
80.6 0 1.0 1.0 NULL
81.6 2 2.0 1.0 square
83.6 0 2.0 1.0 NULL
85.6 1 2.0 1.0 line
87.6 0 1.2 1.0 NULL
88.8 2 2.0 1.0 square
90.8 0 1.7 1.0 NULL
92.5 1 2.0 1.0 line
94.5 0 1.0 1.0 NULL
95.5 2 2.0 1.0 square
97.5 0 1.2 1.0 NULL
98.7 1 2.0 1.0 line
100.7 0 1.2 1.0 NULL
101.9 2 2.0 1.0 square
103.9 0 1.4 1.0 NULL
105.30000000000001 2 2.0 1.0 square
107.30000000000001 0 1.1 1.0 NULL
108.4 1 2.0 1.0 line
110.4 0 1.2 1.0 NULL
111.60000000000001 2 2.0 1.0 square
113.60000000000001 0 1.1 1.0 NULL
114.7 1 2.0 1.0 line
116.69999999999999 0 1.8 1.0 NULL
118.49999999999999 2 2.0 1.0 square
120.49999999999999 0 1.4 1.0 NULL
121.89999999999999 1 2.0 1.0 line
123.89999999999999 0 1.0 1.0 NULL
124.89999999999999 2 2.0 1.0 square
126.89999999999999 0 1.1 1.0 NULL
127.99999999999999 1 2.0 1.0 line
129.99999999999997 0 1.0 1.0 NULL
