0.0 0 1.2 1.0 NULL
1.2 2 2.0 1.0 square
3.2 0 1.4 1.0 NULL
4.6 2 2.0 1.0 square
6.6 0 1.0 1.0 NULL
7.6 1 2.0 1.0 line
9.6 0 1.0 1.0 NULL
10.6 1 2.0 1.0 line
12.6 0 1.1 1.0 NULL
13.7 2 2.0 1.0 square
15.7 0 1.2 1.0 NULL
16.9 1 2.0 1.0 line
18.9 0 1.1 1.0 NULL
20.0 1 2.0 1.0 line
22.0 0 1.1 1.0 NULL
23.1 1 2.0 1.0 line
25.099999999999998 0 1.4 1.0 NULL
26.499999999999996 1 2.0 1.0 line
28.499999999999996 0 2.0 1.0 NULL
30.499999999999996 2 2.0 1.0 square
32.5 0 1.0 1.0 NULL
33.5 2 2.0 1.0 square
35.5 0 1.9 1.0 NULL
37.4 1 2.0 1.0 line
39.4 0 1.5 1.0 NULL
40.9 1 2.0 1.0 line
42.9 0 1.0 1.0 NULL
43.9 2 2.0 1.0 square
45.9 0 1.5 1.0 NULL
47.4 2 2.0 1.0 square
49.4 0 1.3 1.0 NULL
50.699999999999996 2 2.0 1.0 square
52.699999999999996 0 1.5 1.0 NULL
54.199999999999996 1 2.0 1.0 line
56.199999999999996 0 1.0 1.0 NULL
57.199999999999996 1 2.0 1.0 line
59.199999999999996 0 1.0 1.0 NULL
60.199999999999996 2 2.0 1.0 square
62.199999999999996 0 1.8 1.0 NULL
63.99999999999999 2 2.0 1.0 square
66.0 0 1.2 1.0 NULL
67.2 2 2.0 1.0 square
69.2 0 1.2 1.0 NULL
70.4 2 2.0 1.0 square
72.4 0 1.1 1.0 NULL
73.5 2 2.0 1.0 square
75.5 0 1.3 1.0 NULL
76.8 1 2.0 1.0 line
78.8 0 1.0 1.0 NULL
79.8 1 2.0 1.0 line
81.8 0 1.8 1.0 NULL
83.6 2 2.0 1.0 square
85.6 0 1.5 1.0 NULL
87.1 2 2.0 1.0 square
89.1 0 1.0 1.0 NULL
90.1 2 2.0 1.0 square
92.1 0 1.0 1.0 NULL
93.1 1 2.0 1.0 line
95.1 0 1.8 1.0 NULL
96.89999999999999 2 2.0 1.0 square
98.89999999999999 0 1.1 1.0 NULL
99.99999999999999 1 2.0 1.0 line
101.99999999999999 0 1.1 1.0 NULL
103.09999999999998 2 2.0 1.0 square
105.1 0 1.0 1.0 NULL
106.1 1 2.0 1.0 line
108.1 0 1.3 1.0 NULL
109.39999999999999 1 2.0 1.0 line
111.39999999999999 0 1.2 1.0 NULL
112.6 2 2.0 1.0 square
114.6 0 1.0 1.0 NULL
115.6 2 2.0 1.0 square
117.6 0 1.1 1.0 NULL
118.69999999999999 1 2.0 1.0 line
120.69999999999999 0 1.1 1.0 NULL
121.79999999999998 1 2.0 1.0 line
123.79999999999998 0 1.3 1.0 NULL
125.09999999999998 1 2.0 1.0 line
127.09999999999998 0 1.0 1.0 NULL
128.09999999999997 1 2.0 1.0 line
130.1 0 1.1 1.0 NULL
