0.0 0 1.8 1.0 NULL
1.8 1 2.0 1.0 line
3.8 0 1.0 1.0 NULL
4.8 2 2.0 1.0 square
6.8 0 1.5 1.0 NULL
8.3 1 2.0 1.0 line
10.3 0 1.3 1.0 NULL
11.600000000000001 1 2.0 1.0 line
13.6 0 1.3 1.0 NULL
14.9 1 2.0 1.0 line
16.9 0 1.6 1.0 NULL
18.5 1 2.0 1.0 line
20.5 0 1.0 1.0 NULL
21.5 2 2.0 1.0 square
23.5 0 1.2 1.0 NULL
24.7 1 2.0 1.0 line
26.7 0 1.2 1.0 NULL
27.9 1 2.0 1.0 line
29.9 0 1.3 1.0 NULL
31.2 2 2.0 1.0 square
33.2 0 1.7 1.0 NULL
34.900000000000006 2 2.0 1.0 square
36.900000000000006 0 1.0 1.0 NULL
37.900000000000006 2 2.0 1.0 square
39.900000000000006 0 1.7 1.0 NULL
41.60000000000001 1 2.0 1.0 line
43.60000000000001 0 1.0 1.0 NULL
44.60000000000001 1 2.0 1.0 line
46.60000000000001 0 1.0 1.0 NULL
47.60000000000001 1 2.0 1.0 line
49.60000000000001 0 1.4 1.0 NULL
51.00000000000001 2 2.0 1.0 square
53.0 0 1.1 1.0 NULL
54.1 1 2.0 1.0 line
56.1 0 1.1 1.0 NULL
57.2 2 2.0 1.0 square
59.2 0 1.2 1.0 NULL
60.400000000000006 1 2.0 1.0 line
62.400000000000006 0 1.0 1.0 NULL
63.400000000000006 2 2.0 1.0 square
65.4 0 1.3 1.0 NULL
66.7 1 2.0 1.0 line
68.7 0 1.8 1.0 NULL
70.5 1 2.0 1.0 line
72.5 0 1.5 1.0 NULL
74.0 2 2.0 1.0 square
76.0 0 1.8 1.0 NULL
77.8 2 2.0 1.0 square
79.8 0 1.0 1.0 NULL
80.8 1 2.0 1.0 line
82.8 0 1.0 1.0 NULL
83.8 2 2.0 1.0 square
85.8 0 1.1 1.0 NULL
86.89999999999999 1 2.0 1.0 line
88.89999999999999 0 1.1 1.0 NULL
89.99999999999999 1 2.0 1.0 line
92.0 0 1.0 1.0 NULL
93.0 2 2.0 1.0 square
95.0 0 1.0 1.0 NULL
96.0 2 2.0 1.0 square
98.0 0 2.0 1.0 NULL
100.0 2 2.0 1.0 square
102.0 0 1.1 1.0 NULL
103.1 2 2.0 1.0 square
105.1 0 1.1 1.0 NULL
106.19999999999999 2 2.0 1.0 square
108.19999999999999 0 1.0 1.0 NULL
109.19999999999999 1 2.0 1.0 line
111.19999999999999 0 1.6 1.0 NULL
112.79999999999998 2 2.0 1.0 square
114.79999999999998 0 1.0 1.0 NULL
115.79999999999998 2 2.0 1.0 square
117.8 0 1.1 1.0 NULL
118.89999999999999 1 2.0 1.0 line
120.89999999999999 0 1.3 1.0 NULL
122.19999999999999 2 2.0 1.0 square
124.19999999999999 0 1.2 1.0 NULL
125.39999999999999 1 2.0 1.0 line
127.39999999999999 0 1.0 1.0 NULL
128.39999999999998 2 2.0 1.0 square
130.39999999999998 0 1.4 1.0 NULL
