0.0 0 1.2 1.0 NULL
1.2 2 2.0 1.0 square
3.2 0 1.0 1.0 NULL
4.2 2 2.0 1.0 square
6.2 0 1.2 1.0 NULL
7.4 2 2.0 1.0 square
9.4 0 1.0 1.0 NULL
10.4 1 2.0 1.0 line
12.4 0 1.5 1.0 NULL
13.9 1 2.0 1.0 line
15.9 0 1.0 1.0 NULL
16.9 1 2.0 1.0 line
18.9 0 1.5 1.0 NULL
20.4 2 2.0 1.0 square
22.4 0 1.5 1.0 NULL
23.9 1 2.0 1.0 line
25.9 0 1.0 1.0 NULL
26.9 1 2.0 1.0 line
28.9 0 1.8 1.0 NULL
30.7 2 2.0 1.0 square
32.7 0 1.2 1.0 NULL
33.900000000000006 2 2.0 1.0 square
35.900000000000006 0 1.5 1.0 NULL
37.400000000000006 1 2.0 1.0 line
39.4 0 1.0 1.0 NULL
40.4 2 2.0 1.0 square
42.4 0 1.7 1.0 NULL
44.1 1 2.0 1.0 line
46.1 0 1.0 1.0 NULL
47.1 2 2.0 1.0 square
49.1 0 1.4 1.0 NULL
50.5 1 2.0 1.0 line
52.5 0 1.8 1.0 NULL
54.3 1 2.0 1.0 line
56.3 0 1.0 1.0 NULL
57.3 2 2.0 1.0 square
59.3 0 1.0 1.0 NULL
60.3 1 2.0 1.0 line
62.3 0 1.4 1.0 NULL
63.699999999999996 2 2.0 1.0 square
65.7 0 1.8 1.0 NULL
67.5 1 2.0 1.0 line
69.5 0 1.2 1.0 NULL
70.7 1 2.0 1.0 line
72.7 0 1.2 1.0 NULL
73.9 2 2.0 1.0 square
75.9 0 1.1 1.0 NULL
77.0 1 2.0 1.0 line
79.0 0 1.1 1.0 NULL
80.1 2 2.0 1.0 square
82.1 0 1.1 1.0 NULL
83.19999999999999 2 2.0 1.0 square
85.19999999999999 0 1.6 1.0 NULL
86.79999999999998 2 2.0 1.0 square
88.79999999999998 0 1.0 1.0 NULL
89.79999999999998 1 2.0 1.0 line
91.80000000000001 0 1.4 1.0 NULL
93.20000000000002 2 2.0 1.0 square
95.20000000000002 0 1.1 1.0 NULL
96.30000000000001 2 2.0 1.0 square
98.30000000000001 0 1.0 1.0 NULL
99.30000000000001 2 2.0 1.0 square
101.30000000000001 0 1.0 1.0 NULL
102.30000000000001 2 2.0 1.0 square
104.30000000000001 0 1.1 1.0 NULL
105.4 1 2.0 1.0 line
107.4 0 1.6 1.0 NULL
109.0 1 2.0 1.0 line
111.0 0 1.0 1.0 NULL
112.0 2 2.0 1.0 square
114.0 0 1.1 1.0 NULL
115.1 1 2.0 1.0 line
117.1 0 1.0 1.0 NULL
118.1 1 2.0 1.0 line
120.1 0 1.1 1.0 NULL
121.19999999999999 2 2.0 1.0 square
123.19999999999999 0 1.1 1.0 NULL
124.29999999999998 1 2.0 1.0 line
126.29999999999998 0 1.0 1.0 NULL
127.29999999999998 1 2.0 1.0 line
129.3 0 1.9 1.0 NULL
