0.0 0 1.0 1.0 NULL
1.0 1 2.0 1.0 line
3.0 0 1.0 1.0 NULL
4.0 2 2.0 1.0 square
6.0 0 1.7 1.0 NULL
7.7 1 2.0 1.0 line
9.7 0 1.1 1.0 NULL
10.799999999999999 1 2.0 1.0 line
12.8 0 1.1 1.0 NULL
13.9 1 2.0 1.0 line
15.9 0 1.0 1.0 NULL
16.9 1 2.0 1.0 line
18.9 0 1.0 1.0 NULL
19.9 1 2.0 1.0 line
21.9 0 1.3 1.0 NULL
23.2 2 2.0 1.0 square
25.200000000000003 0 1.5 1.0 NULL
26.700000000000003 1 2.0 1.0 line
28.700000000000003 0 1.4 1.0 NULL
30.1 2 2.0 1.0 square
32.1 0 1.0 1.0 NULL
33.1 2 2.0 1.0 square
35.1 0 1.5 1.0 NULL
36.6 2 2.0 1.0 square
38.6 0 1.3 1.0 NULL
39.9 2 2.0 1.0 square
41.9 0 1.2 1.0 NULL
43.1 1 2.0 1.0 line
45.1 0 2.0 1.0 NULL
47.1 1 2.0 1.0 line
49.1 0 1.0 1.0 NULL
50.1 2 2.0 1.0 square
52.1 0 1.0 1.0 NULL
53.1 2 2.0 1.0 square
55.1 0 1.2 1.0 NULL
56.300000000000004 1 2.0 1.0 line
58.300000000000004 0 1.1 1.0 NULL
59.400000000000006 1 2.0 1.0 line
61.400000000000006 0 1.7 1.0 NULL
63.10000000000001 2 2.0 1.0 square
65.10000000000001 0 1.1 1.0 NULL
66.2 1 2.0 1.0 line
68.2 0 1.0 1.0 NULL
69.2 1 2.0 1.0 line
71.2 0 1.5 1.0 NULL
72.7 2 2.0 1.0 square
74.7 0 1.4 1.0 NULL
76.10000000000001 1 2.0 1.0 line
78.1 0 1.3 1.0 NULL
79.39999999999999 1 2.0 1.0 line
81.39999999999999 0 1.1 1.0 NULL
82.49999999999999 2 2.0 1.0 square
84.49999999999999 0 1.2 1.0 NULL
85.69999999999999 2 2.0 1.0 square
87.69999999999999 0 1.1 1.0 NULL
88.79999999999998 2 2.0 1.0 square
90.80000000000001 0 1.2 1.0 NULL
92.00000000000001 1 2.0 1.0 line
94.00000000000001 0 1.0 1.0 NULL
95.00000000000001 1 2.0 1.0 line
97.00000000000001 0 1.0 1.0 NULL
98.00000000000001 2 2.0 1.0 square
100.00000000000001 0 1.8 1.0 NULL
101.80000000000001 2 2.0 1.0 square
103.8 0 1.0 1.0 NULL
104.8 2 2.0 1.0 square
106.8 0 1.1 1.0 NULL
107.89999999999999 2 2.0 1.0 square
109.89999999999999 0 1.1 1.0 NULL
110.99999999999999 2 2.0 1.0 square
112.99999999999999 0 1.8 1.0 NULL
114.79999999999998 2 2.0 1.0 square
116.80000000000001 0 1.0 1.0 NULL
117.80000000000001 1 2.0 1.0 line
119.80000000000001 0 1.2 1.0 NULL
121.00000000000001 2 2.0 1.0 square
123.00000000000001 0 1.7 1.0 NULL
124.70000000000002 1 2.0 1.0 line
126.70000000000002 0 1.3 1.0 NULL
128.00000000000003 1 2.0 1.0 line
130.0 0 1.0 1.0 NULL
