0.0 0 1.0 1.0 NULL
1.0 2 2.0 1.0 square
3.0 0 1.1 1.0 NULL
4.1 2 2.0 1.0 square
6.1 0 1.5 1.0 NULL
7.6 1 2.0 1.0 line
9.6 0 1.0 1.0 NULL
10.6 1 2.0 1.0 line
12.6 0 1.1 1.0 NULL
13.7 2 2.0 1.0 square
15.7 0 1.0 1.0 NULL
16.7 2 2.0 1.0 square
18.7 0 1.1 1.0 NULL
19.8 1 2.0 1.0 line
21.8 0 1.8 1.0 NULL
23.6 1 2.0 1.0 line
25.599999999999998 0 1.2 1.0 NULL
26.799999999999997 1 2.0 1.0 line
28.799999999999997 0 1.4 1.0 NULL
30.199999999999996 1 2.0 1.0 line
32.199999999999996 0 1.0 1.0 NULL
33.199999999999996 1 2.0 1.0 line
35.199999999999996 0 1.0 1.0 NULL
36.199999999999996 1 2.0 1.0 line
38.2 0 1.4 1.0 NULL
39.6 2 2.0 1.0 square
41.6 0 1.4 1.0 NULL
43.0 2 2.0 1.0 square
45.0 0 1.0 1.0 NULL
46.0 1 2.0 1.0 line
48.0 0 1.5 1.0 NULL
49.5 2 2.0 1.0 square
51.5 0 1.6 1.0 NULL
53.1 2 2.0 1.0 square
55.1 0 1.1 1.0 NULL
56.2 2 2.0 1.0 square
58.2 0 1.0 1.0 NULL
59.2 2 2.0 1.0 square
61.2 0 1.3 1.0 NULL
62.5 2 2.0 1.0 square
64.5 0 1.9 1.0 NULL
66.4 1 2.0 1.0 line
68.4 0 1.0 1.0 NULL
69.4 2 2.0 1.0 square
71.4 0 1.2 1.0 NULL
72.60000000000001 1 2.0 1.0 line
74.60000000000001 0 1.0 1.0 NULL
75.60000000000001 2 2.0 1.0 square
77.60000000000001 0 1.4 1.0 NULL
79.00000000000001 1 2.0 1.0 line
81.00000000000001 0 1.2 1.0 NULL
82.20000000000002 1 2.0 1.0 line
84.20000000000002 0 1.2 1.0 NULL
85.40000000000002 2 2.0 1.0 square
87.40000000000002 0 1.3 1.0 NULL
88.70000000000002 1 2.0 1.0 line
90.69999999999999 0 1.6 1.0 NULL
92.29999999999998 2 2.0 1.0 square
94.29999999999998 0 1.1 1.0 NULL
95.39999999999998 1 2.0 1.0 line
97.39999999999998 0 1.1 1.0 NULL
98.49999999999997 2 2.0 1.0 square
100.49999999999997 0 1.0 1.0 NULL
101.49999999999997 1 2.0 1.0 line
103.5 0 2.0 1.0 NULL
105.5 2 2.0 1.0 square
107.5 0 1.0 1.0 NULL
108.5 2 2.0 1.0 square
110.5 0 1.0 1.0 NULL
111.5 1 2.0 1.0 line
113.5 0 1.8 1.0 NULL
115.3 1 2.0 1.0 line
117.30000000000001 0 1.0 1.0 NULL
118.30000000000001 1 2.0 1.0 line
120.30000000000001 0 1.5 1.0 NULL
121.80000000000001 2 2.0 1.0 square
123.80000000000001 0 1.0 1.0 NULL
124.80000000000001 2 2.0 1.0 square
126.80000000000001 0 1.2 1.0 NULL
128.0 1 2.0 1.0 line
130.0 0 1.0 1.0 NULL
