0.0 0 1.0 1.0 NULL
1.0 1 2.0 1.0 line
3.0 0 1.3 1.0 NULL
4.3 1 2.0 1.0 line
6.3 0 1.2 1.0 NULL
7.5 2 2.0 1.0 square
9.5 0 1.0 1.0 NULL
10.5 1 2.0 1.0 line
12.5 0 1.0 1.0 NULL
13.5 1 2.0 1.0 line
15.5 0 1.4 1.0 NULL
16.9 2 2.0 1.0 square
18.9 0 1.2 1.0 NULL
20.099999999999998 1 2.0 1.0 line
22.099999999999998 0 1.2 1.0 NULL
23.299999999999997 1 2.0 1.0 line
25.3 0 1.6 1.0 NULL
26.900000000000002 1 2.0 1.0 line
28.900000000000002 0 1.0 1.0 NULL
29.900000000000002 2 2.0 1.0 square
31.900000000000002 0 1.3 1.0 NULL
33.2 1 2.0 1.0 line
35.2 0 1.0 1.0 NULL
36.2 1 2.0 1.0 line
38.199999999999996 0 1.5 1.0 NULL
39.699999999999996 1 2.0 1.0 line
41.699999999999996 0 1.5 1.0 NULL
43.199999999999996 1 2.0 1.0 line
45.199999999999996 0 1.1 1.0 NULL
46.3 2 2.0 1.0 square
48.3 0 1.1 1.0 NULL
49.4 2 2.0 1.0 square
51.4 0 1.1 1.0 NULL
52.5 2 2.0 1.0 square
54.5 0 1.0 1.0 NULL
55.5 1 2.0 1.0 line
57.5 0 1.2 1.0 NULL
58.7 2 2.0 1.0 square
60.7 0 1.1 1.0 NULL
61.800000000000004 1 2.0 1.0 line
63.8 0 2.0 1.0 NULL
65.8 1 2.0 1.0 line
67.8 0 1.0 1.0 NULL
68.8 2 2.0 1.0 square
70.8 0 1.3 1.0 NULL
72.1 2 2.0 1.0 square
74.1 0 1.0 1.0 NULL
75.1 2 2.0 1.0 square
77.1 0 1.4 1.0 NULL
78.5 2 2.0 1.0 square
80.5 0 1.1 1.0 NULL
81.6 2 2.0 1.0 square
83.6 0 1.2 1.0 NULL
84.8 2 2.0 1.0 square
86.8 0 1.1 1.0 NULL
87.89999999999999 1 2.0 1.0 line
89.9 0 1.1 1.0 NULL
91.0 2 2.0 1.0 square
93.0 0 1.0 1.0 NULL
94.0 1 2.0 1.0 line
96.0 0 1.9 1.0 NULL
97.9 1 2.0 1.0 line
99.9 0 1.0 1.0 NULL
100.9 1 2.0 1.0 line
102.9 0 1.9 1.0 NULL
104.80000000000001 2 2.0 1.0 square
106.80000000000001 0 1.7 1.0 NULL
108.50000000000001 2 2.0 1.0 square
110.50000000000001 0 1.2 1.0 NULL
111.70000000000002 1 2.0 1.0 line
113.70000000000002 0 1.0 1.0 NULL
114.70000000000002 2 2.0 1.0 square
116.7 0 1.8 1.0 NULL
118.5 2 2.0 1.0 square
120.5 0 1.1 1.0 NULL
121.6 2 2.0 1.0 square
123.6 0 1.1 1.0 NULL
124.69999999999999 2 2.0 1.0 square
126.69999999999999 0 1.1 1.0 NULL
127.79999999999998 1 2.0 1.0 line
129.8 0 1.2 1.0 NULL
