0.0 0 1.0 1.0 NULL
1.0 1 2.0 1.0 line
3.0 0 1.2 1.0 NULL
4.2 1 2.0 1.0 line
6.2 0 1.5 1.0 NULL
7.7 2 2.0 1.0 square
9.7 0 2.0 1.0 NULL
11.7 2 2.0 1.0 square
13.7 0 1.3 1.0 NULL
15.0 1 2.0 1.0 line
17.0 0 1.1 1.0 NULL
18.1 2 2.0 1.0 square
20.1 0 1.1 1.0 NULL
21.200000000000003 2 2.0 1.0 square
23.200000000000003 0 1.0 1.0 NULL
24.200000000000003 2 2.0 1.0 square
26.2 0 1.1 1.0 NULL
27.3 2 2.0 1.0 square
29.3 0 1.1 1.0 NULL
30.400000000000002 1 2.0 1.0 line
32.400000000000006 0 1.0 1.0 NULL
33.400000000000006 2 2.0 1.0 square
35.400000000000006 0 1.0 1.0 NULL
36.400000000000006 1 2.0 1.0 line
38.400000000000006 0 1.9 1.0 NULL
40.300000000000004 2 2.0 1.0 square
42.300000000000004 0 1.0 1.0 NULL
43.300000000000004 2 2.0 1.0 square
45.300000000000004 0 1.2 1.0 NULL
46.50000000000001 2 2.0 1.0 square
48.50000000000001 0 1.4 1.0 NULL
49.900000000000006 2 2.0 1.0 square
51.900000000000006 0 1.0 1.0 NULL
52.900000000000006 2 2.0 1.0 square
54.900000000000006 0 1.0 1.0 NULL
55.900000000000006 1 2.0 1.0 line
57.900000000000006 0 1.3 1.0 NULL
59.2 1 2.0 1.0 line
61.2 0 1.1 1.0 NULL
62.300000000000004 1 2.0 1.0 line
64.30000000000001 0 2.0 1.0 NULL
66.30000000000001 2 2.0 1.0 square
68.30000000000001 0 1.0 1.0 NULL
69.30000000000001 2 2.0 1.0 square
71.30000000000001 0 1.5 1.0 NULL
72.80000000000001 1 2.0 1.0 line
74.80000000000001 0 1.0 1.0 NULL
75.80000000000001 1 2.0 1.0 line
77.80000000000001 0 1.1 1.0 NULL
78.9 1 2.0 1.0 line
80.9 0 1.0 1.0 NULL
81.9 1 2.0 1.0 line
83.9 0 1.2 1.0 NULL
85.10000000000001 2 2.0 1.0 square
87.10000000000001 0 1.2 1.0 NULL
88.30000000000001 1 2.0 1.0 line
90.3 0 1.0 1.0 NULL
91.3 1 2.0 1.0 line
93.3 0 1.6 1.0 NULL
94.89999999999999 1 2.0 1.0 line
96.89999999999999 0 1.0 1.0 NULL
97.89999999999999 2 2.0 1.0 square
99.89999999999999 0 1.5 1.0 NULL
101.39999999999999 2 2.0 1.0 square
103.4 0 1.6 1.0 NULL
105.0 1 2.0 1.0 line
107.0 0 1.0 1.0 NULL
108.0 1 2.0 1.0 line
110.0 0 1.1 1.0 NULL
111.1 2 2.0 1.0 square
113.1 0 1.3 1.0 NULL
114.39999999999999 2 2.0 1.0 square
116.4 0 1.2 1.0 NULL
117.60000000000001 1 2.0 1.0 line
119.60000000000001 0 1.0 1.0 NULL
120.60000000000001 2 2.0 1.0 square
122.60000000000001 0 2.0 1.0 NULL
124.60000000000001 1 2.0 1.0 line
126.60000000000001 0 1.1 1.0 NULL
127.7 1 2.0 1.0 line
129.7 0 1.3 1.0 NULL
