0.0 0 1.3 1.0 NULL
1.3 1 2.0 1.0 line
3.3 0 1.0 1.0 NULL
4.3 2 2.0 1.0 square
6.3 0 1.7 1.0 NULL
8.0 1 2.0 1.0 line
10.0 0 1.1 1.0 NULL
11.1 2 2.0 1.0 square
13.100000000000001 0 1.1 1.0 NULL
14.200000000000001 2 2.0 1.0 square
16.200000000000003 0 1.7 1.0 NULL
17.900000000000002 2 2.0 1.0 square
19.900000000000002 0 1.1 1.0 NULL
21.000000000000004 2 2.0 1.0 square
23.000000000000004 0 1.2 1.0 NULL
24.200000000000003 1 2.0 1.0 line
26.200000000000003 0 1.0 1.0 NULL
27.200000000000003 2 2.0 1.0 square
29.200000000000003 0 1.7 1.0 NULL
30.900000000000002 2 2.0 1.0 square
32.900000000000006 0 1.0 1.0 NULL
33.900000000000006 1 2.0 1.0 line
35.900000000000006 0 1.2 1.0 NULL
37.10000000000001 1 2.0 1.0 line
39.1 0 1.5 1.0 NULL
40.6 1 2.0 1.0 line
42.6 0 1.1 1.0 NULL
43.7 1 2.0 1.0 line
45.7 0 1.2 1.0 NULL
46.900000000000006 1 2.0 1.0 line
48.900000000000006 0 1.6 1.0 NULL
50.50000000000001 1 2.0 1.0 line
52.5 0 1.6 1.0 NULL
54.1 2 2.0 1.0 square
56.1 0 1.0 1.0 NULL
57.1 2 2.0 1.0 square
59.1 0 1.3 1.0 NULL
60.4 2 2.0 1.0 square
62.4 0 1.0 1.0 NULL
63.4 1 2.0 1.0 line
65.4 0 1.8 1.0 NULL
67.2 1 2.0 1.0 line
69.2 0 1.3 1.0 NULL
70.5 2 2.0 1.0 square
72.5 0 1.1 1.0 NULL
73.6 1 2.0 1.0 line
75.6 0 1.8 1.0 NULL
77.39999999999999 1 2.0 1.0 line
79.4 0 1.0 1.0 NULL
80.4 2 2.0 1.0 square
82.4 0 1.0 1.0 NULL
83.4 2 2.0 1.0 square
85.4 0 1.5 1.0 NULL
86.9 1 2.0 1.0 line
88.9 0 1.1 1.0 NULL
90.0 2 2.0 1.0 square
92.0 0 1.5 1.0 NULL
93.5 2 2.0 1.0 square
95.5 0 1.0 1.0 NULL
96.5 2 2.0 1.0 square
98.5 0 1.2 1.0 NULL
99.7 2 2.0 1.0 square
101.7 0 1.1 1.0 NULL
102.8 2 2.0 1.0 square
104.80000000000001 0 1.0 1.0 NULL
105.80000000000001 2 2.0 1.0 square
107.80000000000001 0 1.9 1.0 NULL
109.70000000000002 2 2.0 1.0 square
111.70000000000002 0 1.1 1.0 NULL
112.80000000000001 1 2.0 1.0 line
114.80000000000001 0 1.0 1.0 NULL
115.80000000000001 1 2.0 1.0 line
117.8 0 1.0 1.0 NULL
118.8 1 2.0 1.0 line
120.8 0 1.1 1.0 NULL
121.89999999999999 1 2.0 1.0 line
123.89999999999999 0 1.1 1.0 NULL
124.99999999999999 1 2.0 1.0 line
126.99999999999999 0 1.2 1.0 NULL
128.2 1 2.0 1.0 line
130.2 0 1.1 1.0 NULL
