0.0 0 1.8 1.0 NULL
1.8 2 2.0 1.0 square
3.8 0 1.1 1.0 NULL
4.9 1 2.0 1.0 line
6.9 0 1.2 1.0 NULL
8.1 1 2.0 1.0 line
10.1 0 1.1 1.0 NULL
11.2 1 2.0 1.0 line
13.200000000000001 0 1.0 1.0 NULL
14.200000000000001 1 2.0 1.0 line
16.200000000000003 0 1.2 1.0 NULL
17.400000000000002 2 2.0 1.0 square
19.400000000000002 0 1.0 1.0 NULL
20.400000000000002 2 2.0 1.0 square
22.400000000000002 0 1.3 1.0 NULL
23.700000000000003 1 2.0 1.0 line
25.700000000000003 0 1.0 1.0 NULL
26.700000000000003 1 2.0 1.0 line
28.700000000000003 0 1.0 1.0 NULL
29.700000000000003 1 2.0 1.0 line
31.700000000000003 0 2.0 1.0 NULL
33.7 2 2.0 1.0 square
35.7 0 1.7 1.0 NULL
37.400000000000006 1 2.0 1.0 line
39.400000000000006 0 1.0 1.0 NULL
40.400000000000006 2 2.0 1.0 square
42.400000000000006 0 1.2 1.0 NULL
43.60000000000001 1 2.0 1.0 line
45.60000000000001 0 1.9 1.0 NULL
47.50000000000001 1 2.0 1.0 line
49.50000000000001 0 1.1 1.0 NULL
50.60000000000001 2 2.0 1.0 square
52.6 0 1.4 1.0 NULL
54.0 1 2.0 1.0 line
56.0 0 1.1 1.0 NULL
57.1 1 2.0 1.0 line
59.1 0 1.1 1.0 NULL
60.2 1 2.0 1.0 line
62.2 0 1.9 1.0 NULL
64.10000000000001 2 2.0 1.0 square
66.1 0 1.1 1.0 NULL
67.19999999999999 2 2.0 1.0 square
69.19999999999999 0 1.8 1.0 NULL
70.99999999999999 2 2.0 1.0 square
72.99999999999999 0 1.3 1.0 NULL
74.29999999999998 2 2.0 1.0 square
76.29999999999998 0 1.1 1.0 NULL
77.39999999999998 2 2.0 1.0 square
79.4 0 1.0 1.0 NULL
80.4 2 2.0 1.0 square
82.4 0 1.0 1.0 NULL
83.4 1 2.0 1.0 line
85.4 0 1.9 1.0 NULL
87.30000000000001 2 2.0 1.0 square
89.30000000000001 0 1.0 1.0 NULL
90.30000000000001 1 2.0 1.0 line
92.3 0 1.2 1.0 NULL
93.5 2 2.0 1.0 square
95.5 0 1.4 1.0 NULL
96.9 1 2.0 1.0 line
98.9 0 1.0 1.0 NULL
99.9 1 2.0 1.0 line
101.9 0 1.2 1.0 NULL
103.10000000000001 2 2.0 1.0 square
105.1 0 1.0 1.0 NULL
106.1 2 2.0 1.0 square
108.1 0 2.0 1.0 NULL
110.1 1 2.0 1.0 line
112.1 0 1.0 1.0 NULL
113.1 2 2.0 1.0 square
115.1 0 1.1 1.0 NULL
116.19999999999999 1 2.0 1.0 line
118.19999999999999 0 1.1 1.0 NULL
119.29999999999998 2 2.0 1.0 square
121.29999999999998 0 1.0 1.0 NULL
122.29999999999998 2 2.0 1.0 square
124.29999999999998 0 1.1 1.0 NULL
125.39999999999998 1 2.0 1.0 line
127.39999999999998 0 1.1 1.0 NULL
128.49999999999997 2 2.0 1.0 square
130.5 0 1.3 1.0 NULL
