0.0 0 1.6 1.0 NULL
1.6 2 2.0 1.0 square
3.6 0 1.1 1.0 NULL
4.7 2 2.0 1.0 square
6.7 0 1.3 1.0 NULL
8.0 2 2.0 1.0 square
10.0 0 1.3 1.0 NULL
11.3 2 2.0 1.0 square
13.3 0 1.5 1.0 NULL
14.8 2 2.0 1.0 square
16.8 0 1.0 1.0 NULL
17.8 2 2.0 1.0 square
19.8 0 1.4 1.0 NULL
21.2 2 2.0 1.0 square
23.2 0 1.9 1.0 NULL
25.099999999999998 1 2.0 1.0 line
27.1 0 1.0 1.0 NULL
28.1 1 2.0 1.0 line
30.1 0 1.0 1.0 NULL
31.1 2 2.0 1.0 square
33.1 0 1.6 1.0 NULL
34.7 1 2.0 1.0 line
36.7 0 1.0 1.0 NULL
37.7 2 2.0 1.0 square
39.7 0 1.4 1.0 NULL
41.1 2 2.0 1.0 square
43.1 0 1.4 1.0 NULL
44.5 2 2.0 1.0 square
46.5 0 1.1 1.0 NULL
47.6 1 2.0 1.0 line
49.6 0 1.0 1.0 NULL
50.6 1 2.0 1.0 line
52.6 0 1.1 1.0 NULL
53.7 2 2.0 1.0 square
55.7 0 1.2 1.0 NULL
56.900000000000006 2 2.0 1.0 square
58.900000000000006 0 1.0 1.0 NULL
59.900000000000006 1 2.0 1.0 line
61.900000000000006 0 1.9 1.0 NULL
63.800000000000004 2 2.0 1.0 square
65.8 0 1.0 1.0 NULL
66.8 1 2.0 1.0 line
68.8 0 1.6 1.0 NULL
70.39999999999999 1 2.0 1.0 line
72.39999999999999 0 1.1 1.0 NULL
73.49999999999999 1 2.0 1.0 line
75.49999999999999 0 1.3 1.0 NULL
76.79999999999998 2 2.0 1.0 square
78.80000000000001 0 1.9 1.0 NULL
80.70000000000002 1 2.0 1.0 line
82.70000000000002 0 1.1 1.0 NULL
83.80000000000001 2 2.0 1.0 square
85.80000000000001 0 1.1 1.0 NULL
86.9 1 2.0 1.0 line
88.9 0 1.2 1.0 NULL
90.10000000000001 2 2.0 1.0 square
92.1 0 1.0 1.0 NULL
93.1 2 2.0 1.0 square
95.1 0 1.2 1.0 NULL
96.3 1 2.0 1.0 line
98.3 0 1.4 1.0 NULL
99.7 1 2.0 1.0 line
101.7 0 1.0 1.0 NULL
102.7 1 2.0 1.0 line
104.7 0 1.6 1.0 NULL
106.3 1 2.0 1.0 line
108.3 0 1.2 1.0 NULL
109.5 1 2.0 1.0 line
111.5 0 1.2 1.0 NULL
112.7 2 2.0 1.0 square
114.7 0 1.6 1.0 NULL
116.3 1 2.0 1.0 line
118.3 0 1.0 1.0 NULL
119.3 1 2.0 1.0 line
121.3 0 1.2 1.0 NULL
122.5 1 2.0 1.0 line
124.5 0 1.0 1.0 NULL
125.5 1 2.0 1.0 line
127.5 0 1.0 1.0 NULL
128.5 2 2.0 1.0 square
130.5 0 1.1 1.0 NULL
