0.0 0 1.0 1.0 NULL
1.0 1 2.0 1.0 line
3.0 0 1.0 1.0 NULL
4.0 2 2.0 1.0 square
6.0 0 1.2 1.0 NULL
7.2 1 2.0 1.0 line
9.2 0 1.0 1.0 NULL
10.2 1 2.0 1.0 line
12.2 0 1.1 1.0 NULL
13.299999999999999 1 2.0 1.0 line
15.299999999999999 0 1.5 1.0 NULL
16.799999999999997 1 2.0 1.0 line
18.799999999999997 0 1.2 1.0 NULL
19.999999999999996 2 2.0 1.0 square
21.999999999999996 0 1.7 1.0 NULL
23.699999999999996 2 2.0 1.0 square
25.700000000000003 0 1.0 1.0 NULL
26.700000000000003 1 2.0 1.0 line
28.700000000000003 0 1.4 1.0 NULL
30.1 1 2.0 1.0 line
32.1 0 1.8 1.0 NULL
33.9 2 2.0 1.0 square
35.9 0 1.1 1.0 NULL
37.0 1 2.0 1.0 line
39.0 0 1.0 1.0 NULL
40.0 2 2.0 1.0 square
42.0 0 1.0 1.0 NULL
43.0 1 2.0 1.0 line
45.0 0 1.7 1.0 NULL
46.7 1 2.0 1.0 line
48.7 0 1.9 1.0 NULL
50.6 2 2.0 1.0 square
52.6 0 1.0 1.0 NULL
53.6 2 2.0 1.0 square
55.6 0 1.3 1.0 NULL
56.9 2 2.0 1.0 square
58.9 0 1.4 1.0 NULL
60.3 2 2.0 1.0 square
62.3 0 1.0 1.0 NULL
63.3 1 2.0 1.0 line
65.3 0 1.1 1.0 NULL
66.39999999999999 1 2.0 1.0 line
68.39999999999999 0 1.0 1.0 NULL
69.39999999999999 2 2.0 1.0 square
71.39999999999999 0 2.0 1.0 NULL
73.39999999999999 2 2.0 1.0 square
75.39999999999999 0 1.3 1.0 NULL
76.69999999999999 2 2.0 1.0 square
78.69999999999999 0 1.0 1.0 NULL
79.69999999999999 2 2.0 1.0 square
81.69999999999999 0 1.1 1.0 NULL
82.79999999999998 2 2.0 1.0 square
84.79999999999998 0 1.5 1.0 NULL
86.29999999999998 1 2.0 1.0 line
88.29999999999998 0 1.0 1.0 NULL
89.29999999999998 1 2.0 1.0 line
91.3 0 1.9 1.0 NULL
93.2 2 2.0 1.0 square
95.2 0 1.2 1.0 NULL
96.4 1 2.0 1.0 line
98.4 0 1.1 1.0 NULL
99.5 2 2.0 1.0 square
101.5 0 1.6 1.0 NULL
103.1 2 2.0 1.0 square
105.1 0 1.0 1.0 NULL
106.1 2 2.0 1.0 square
108.1 0 1.0 1.0 NULL
109.1 2 2.0 1.0 square
111.1 0 1.0 1.0 NULL
112.1 1 2.0 1.0 line
114.1 0 1.2 1.0 NULL
115.3 2 2.0 1.0 square
117.3 0 1.1 1.0 NULL
118.39999999999999 1 2.0 1.0 line
120.39999999999999 0 1.1 1.0 NULL
121.49999999999999 1 2.0 1.0 line
123.49999999999999 0 1.2 1.0 NULL
124.69999999999999 1 2.0 1.0 line
126.69999999999999 0 1.0 1.0 NULL
127.69999999999999 1 2.0 1.0 line
129.7 0 1.3 1.0 NULL
