0.0 0 1.6 1.0 NULL
1.6 1 2.0 1.0 line
3.6 0 1.2 1.0 NULL
4.8 1 2.0 1.0 line
6.8 0 1.1 1.0 NULL
7.9 2 2.0 1.0 square
9.9 0 1.4 1.0 NULL
11.3 1 2.0 1.0 line
13.3 0 1.0 1.0 NULL
14.3 2 2.0 1.0 square
16.3 0 1.0 1.0 NULL
17.3 2 2.0 1.0 square
19.3 0 1.2 1.0 NULL
20.5 1 2.0 1.0 line
22.5 0 1.5 1.0 NULL
24.0 2 2.0 1.0 square
26.0 0 1.1 1.0 NULL
27.1 2 2.0 1.0 square
29.1 0 1.0 1.0 NULL
30.1 2 2.0 1.0 square
32.1 0 1.8 1.0 NULL
33.9 2 2.0 1.0 square
35.9 0 1.2 1.0 NULL
37.1 2 2.0 1.0 square
39.099999999999994 0 1.0 1.0 NULL
40.099999999999994 1 2.0 1.0 line
42.099999999999994 0 1.0 1.0 NULL
43.099999999999994 2 2.0 1.0 square
45.099999999999994 0 2.0 1.0 NULL
47.099999999999994 2 2.0 1.0 square
49.099999999999994 0 1.1 1.0 NULL
50.199999999999996 1 2.0 1.0 line
52.199999999999996 0 1.6 1.0 NULL
53.8 1 2.0 1.0 line
55.8 0 1.1 1.0 NULL
56.9 1 2.0 1.0 line
58.9 0 1.0 1.0 NULL
59.9 1 2.0 1.0 line
61.9 0 1.2 1.0 NULL
63.1 2 2.0 1.0 square
65.1 0 1.0 1.0 NULL
66.1 2 2.0 1.0 square
68.1 0 1.6 1.0 NULL
69.69999999999999 2 2.0 1.0 square
71.69999999999999 0 1.1 1.0 NULL
72.79999999999998 2 2.0 1.0 square
74.79999999999998 0 1.7 1.0 NULL
76.49999999999999 1 2.0 1.0 line
78.5 0 1.1 1.0 NULL
79.6 1 2.0 1.0 line
81.6 0 1.6 1.0 NULL
83.19999999999999 2 2.0 1.0 square
85.19999999999999 0 1.0 1.0 NULL
86.19999999999999 2 2.0 1.0 square
88.19999999999999 0 1.3 1.0 NULL
89.49999999999999 2 2.0 1.0 square
91.5 0 1.2 1.0 NULL
92.7 1 2.0 1.0 line
94.7 0 1.8 1.0 NULL
96.5 2 2.0 1.0 square
98.5 0 1.0 1.0 NULL
99.5 1 2.0 1.0 line
101.5 0 1.0 1.0 NULL
102.5 2 2.0 1.0 square
104.5 0 1.2 1.0 NULL
105.7 1 2.0 1.0 line
107.7 0 1.3 1.0 NULL
109.0 1 2.0 1.0 line
111.0 0 1.0 1.0 NULL
112.0 1 2.0 1.0 line
114.0 0 1.7 1.0 NULL
115.7 1 2.0 1.0 line
117.69999999999999 0 1.0 1.0 NULL
118.69999999999999 1 2.0 1.0 line
120.69999999999999 0 1.4 1.0 NULL
122.1 1 2.0 1.0 line
124.1 0 1.2 1.0 NULL
125.3 2 2.0 1.0 square
127.3 0 1.0 1.0 NULL
128.3 1 2.0 1.0 line
130.3 0 1.3 1.0 NULL
