0.0 0 1.2 1.0 NULL
1.2 2 2.0 1.0 square
3.2 0 1.0 1.0 NULL
4.2 1 2.0 1.0 line
6.2 0 1.7 1.0 NULL
7.9 1 2.0 1.0 line
9.9 0 2.0 1.0 NULL
11.9 1 2.0 1.0 line
13.9 0 1.1 1.0 NULL
15.0 1 2.0 1.0 line
17.0 0 1.2 1.0 NULL
18.2 2 2.0 1.0 square
20.2 0 1.0 1.0 NULL
21.2 1 2.0 1.0 line
23.2 0 1.1 1.0 NULL
24.3 2 2.0 1.0 square
26.3 0 1.7 1.0 NULL
28.0 1 2.0 1.0 line
30.0 0 1.0 1.0 NULL
31.0 1 2.0 1.0 line
33.0 0 1.3 1.0 NULL
34.3 1 2.0 1.0 line
36.3 0 1.0 1.0 NULL
37.3 2 2.0 1.0 square
39.3 0 1.9 1.0 NULL
41.199999999999996 2 2.0 1.0 square
43.199999999999996 0 1.5 1.0 NULL
44.699999999999996 1 2.0 1.0 line
46.699999999999996 0 1.1 1.0 NULL
47.8 2 2.0 1.0 square
49.8 0 1.0 1.0 NULL
50.8 2 2.0 1.0 square
52.8 0 1.4 1.0 NULL
54.199999999999996 1 2.0 1.0 line
56.199999999999996 0 1.0 1.0 NULL
57.199999999999996 2 2.0 1.0 square
59.199999999999996 0 1.6 1.0 NULL
60.8 1 2.0 1.0 line
62.8 0 1.9 1.0 NULL
64.7 2 2.0 1.0 square
66.7 0 1.1 1.0 NULL
67.8 2 2.0 1.0 square
69.8 0 1.2 1.0 NULL
71.0 1 2.0 1.0 line
73.0 0 1.3 1.0 NULL
74.3 1 2.0 1.0 line
76.3 0 1.4 1.0 NULL
77.7 2 2.0 1.0 square
79.69999999999999 0 1.0 1.0 NULL
80.69999999999999 2 2.0 1.0 square
82.69999999999999 0 1.0 1.0 NULL
83.69999999999999 2 2.0 1.0 square
85.69999999999999 0 1.0 1.0 NULL
86.69999999999999 2 2.0 1.0 square
88.69999999999999 0 1.1 1.0 NULL
89.79999999999998 1 2.0 1.0 line
91.8 0 1.2 1.0 NULL
93.0 2 2.0 1.0 square
95.0 0 1.2 1.0 NULL
96.2 1 2.0 1.0 line
98.2 0 1.6 1.0 NULL
99.8 1 2.0 1.0 line
101.8 0 1.0 1.0 NULL
102.8 1 2.0 1.0 line
104.80000000000001 0 1.7 1.0 NULL
106.50000000000001 1 2.0 1.0 line
108.50000000000001 0 1.1 1.0 NULL
109.60000000000001 1 2.0 1.0 line
111.60000000000001 0 1.0 1.0 NULL
112.60000000000001 2 2.0 1.0 square
114.60000000000001 0 1.1 1.0 NULL
115.7 2 2.0 1.0 square
117.7 0 1.1 1.0 NULL
118.8 2 2.0 1.0 square
120.8 0 1.0 1.0 NULL
121.8 2 2.0 1.0 square
123.8 0 1.0 1.0 NULL
124.8 1 2.0 1.0 line
126.8 0 1.3 1.0 NULL
128.1 2 2.0 1.0 square
130.1 0 1.1 1.0 NULL
