0.0 0 1.6 1.0 NULL
1.6 1 2.0 1.0 line
3.6 0 1.2 1.0 NULL
4.8 1 2.0 1.0 line
6.8 0 1.0 1.0 NULL
7.8 1 2.0 1.0 line
9.8 0 1.8 1.0 NULL
11.600000000000001 1 2.0 1.0 line
13.600000000000001 0 1.3 1.0 NULL
14.900000000000002 1 2.0 1.0 line
16.900000000000002 0 1.1 1.0 NULL
18.000000000000004 1 2.0 1.0 line
20.000000000000004 0 1.0 1.0 NULL
21.000000000000004 2 2.0 1.0 square
23.000000000000004 0 1.0 1.0 NULL
24.000000000000004 1 2.0 1.0 line
26.0 0 1.1 1.0 NULL
27.1 2 2.0 1.0 square
29.1 0 1.4 1.0 NULL
30.5 1 2.0 1.0 line
32.5 0 1.0 1.0 NULL
33.5 1 2.0 1.0 line
35.5 0 1.0 1.0 NULL
36.5 2 2.0 1.0 square
38.5 0 1.8 1.0 NULL
40.3 2 2.0 1.0 square
42.3 0 1.3 1.0 NULL
43.599999999999994 1 2.0 1.0 line
45.599999999999994 0 1.5 1.0 NULL
47.099999999999994 2 2.0 1.0 square
49.099999999999994 0 1.0 1.0 NULL
50.099999999999994 2 2.0 1.0 square
52.1 0 1.7 1.0 NULL
53.800000000000004 2 2.0 1.0 square
55.800000000000004 0 1.1 1.0 NULL
56.900000000000006 1 2.0 1.0 line
58.900000000000006 0 1.0 1.0 NULL
59.900000000000006 1 2.0 1.0 line
61.900000000000006 0 1.9 1.0 NULL
63.800000000000004 1 2.0 1.0 line
65.80000000000001 0 1.0 1.0 NULL
66.80000000000001 2 2.0 1.0 square
68.80000000000001 0 1.6 1.0 NULL
70.4 2 2.0 1.0 square
72.4 0 1.0 1.0 NULL
73.4 1 2.0 1.0 line
75.4 0 1.2 1.0 NULL
76.60000000000001 1 2.0 1.0 line
78.6 0 1.1 1.0 NULL
79.69999999999999 2 2.0 1.0 square
81.69999999999999 0 1.7 1.0 NULL
83.39999999999999 2 2.0 1.0 square
85.39999999999999 0 1.2 1.0 NULL
86.6 1 2.0 1.0 line
88.6 0 1.0 1.0 NULL
89.6 2 2.0 1.0 square
91.6 0 1.1 1.0 NULL
92.69999999999999 1 2.0 1.0 line
94.69999999999999 0 1.4 1.0 NULL
96.1 2 2.0 1.0 square
98.1 0 1.1 1.0 NULL
99.19999999999999 2 2.0 1.0 square
101.19999999999999 0 1.2 1.0 NULL
102.39999999999999 2 2.0 1.0 square
104.4 0 1.3 1.0 NULL
105.7 1 2.0 1.0 line
107.7 0 1.5 1.0 NULL
109.2 2 2.0 1.0 square
111.2 0 1.0 1.0 NULL
112.2 2 2.0 1.0 square
114.2 0 1.4 1.0 NULL
115.60000000000001 2 2.0 1.0 square
117.6 0 1.0 1.0 NULL
118.6 1 2.0 1.0 line
120.6 0 1.5 1.0 NULL
122.1 1 2.0 1.0 line
124.1 0 1.4 1.0 NULL
125.5 2 2.0 1.0 square
127.5 0 1.0 1.0 NULL
128.5 2 2.0 1.0 square
130.5 0 1.1 1.0 NULL
