0.0 0 1.4 1.0 NULL
1.4 2 2.0 1.0 square
3.4 0 1.1 1.0 NULL
4.5 2 2.0 1.0 square
6.5 0 1.3 1.0 NULL
7.8 2 2.0 1.0 square
9.8 0 1.6 1.0 NULL
11.4 2 2.0 1.0 square
13.4 0 1.0 1.0 NULL
14.4 1 2.0 1.0 line
16.4 0 1.1 1.0 NULL
17.5 2 2.0 1.0 square
19.5 0 1.7 1.0 NULL
21.2 1 2.0 1.0 line
23.2 0 1.0 1.0 NULL
24.2 2 2.0 1.0 square
26.200000000000003 0 1.6 1.0 NULL
27.800000000000004 2 2.0 1.0 square
29.800000000000004 0 1.0 1.0 NULL
30.800000000000004 1 2.0 1.0 line
32.800000000000004 0 1.2 1.0 NULL
34.00000000000001 2 2.0 1.0 square
36.00000000000001 0 1.4 1.0 NULL
37.400000000000006 2 2.0 1.0 square
39.4 0 1.3 1.0 NULL
40.699999999999996 1 2.0 1.0 line
42.699999999999996 0 1.3 1.0 NULL
43.99999999999999 2 2.0 1.0 square
45.99999999999999 0 1.0 1.0 NULL
46.99999999999999 2 2.0 1.0 square
48.99999999999999 0 1.7 1.0 NULL
50.699999999999996 2 2.0 1.0 square
52.7 0 1.0 1.0 NULL
53.7 2 2.0 1.0 square
55.7 0 1.2 1.0 NULL
56.900000000000006 1 2.0 1.0 line
58.900000000000006 0 1.0 1.0 NULL
59.900000000000006 2 2.0 1.0 square
61.900000000000006 0 1.0 1.0 NULL
62.900000000000006 2 2.0 1.0 square
64.9 0 1.0 1.0 NULL
65.9 1 2.0 1.0 line
67.9 0 1.4 1.0 NULL
69.30000000000001 1 2.0 1.0 line
71.30000000000001 0 1.0 1.0 NULL
72.30000000000001 1 2.0 1.0 line
74.30000000000001 0 1.1 1.0 NULL
75.4 2 2.0 1.0 square
77.4 0 1.4 1.0 NULL
78.80000000000001 1 2.0 1.0 line
80.80000000000001 0 1.2 1.0 NULL
82.00000000000001 1 2.0 1.0 line
84.00000000000001 0 1.9 1.0 NULL
85.90000000000002 1 2.0 1.0 line
87.90000000000002 0 1.0 1.0 NULL
88.90000000000002 2 2.0 1.0 square
90.9 0 1.1 1.0 NULL
92.0 1 2.0 1.0 line
94.0 0 1.0 1.0 NULL
95.0 1 2.0 1.0 line
97.0 0 1.9 1.0 NULL
98.9 1 2.0 1.0 line
100.9 0 1.1 1.0 NULL
102.0 2 2.0 1.0 square
104.0 0 1.1 1.0 NULL
105.1 1 2.0 1.0 line
107.1 0 1.4 1.0 NULL
108.5 1 2.0 1.0 line
110.5 0 1.1 1.0 NULL
111.6 2 2.0 1.0 square
113.6 0 2.0 1.0 NULL
115.6 2 2.0 1.0 square
117.6 0 1.2 1.0 NULL
118.8 1 2.0 1.0 line
120.8 0 1.2 1.0 NULL
122.0 1 2.0 1.0 line
124.0 0 1.4 1.0 NULL
125.4 1 2.0 1.0 line
127.4 0 1.0 1.0 NULL
128.4 1 2.0 1.0 line
130.4 0 1.0 1.0 NULL
