0.0 0 1.4 1.0 NULL
1.4 2 2.0 1.0 square
3.4 0 1.1 1.0 NULL
4.5 1 2.0 1.0 line
6.5 0 1.7 1.0 NULL
8.2 1 2.0 1.0 line
10.2 0 1.2 1.0 NULL
11.399999999999999 1 2.0 1.0 line
13.4 0 1.0 1.0 NULL
14.4 1 2.0 1.0 line
16.4 0 1.0 1.0 NULL
17.4 1 2.0 1.0 line
19.4 0 1.0 1.0 NULL
20.4 1 2.0 1.0 line
22.4 0 1.1 1.0 NULL
23.5 1 2.0 1.0 line
25.5 0 1.2 1.0 NULL
26.7 2 2.0 1.0 square
28.7 0 1.8 1.0 NULL
30.5 2 2.0 1.0 square
32.5 0 1.1 1.0 NULL
33.6 2 2.0 1.0 square
35.6 0 1.0 1.0 NULL
36.6 2 2.0 1.0 square
38.6 0 1.7 1.0 NULL
40.300000000000004 1 2.0 1.0 line
42.300000000000004 0 1.4 1.0 NULL
43.7 1 2.0 1.0 line
45.7 0 1.6 1.0 NULL
47.300000000000004 1 2.0 1.0 line
49.300000000000004 0 1.0 1.0 NULL
50.300000000000004 1 2.0 1.0 line
52.300000000000004 0 1.1 1.0 NULL
53.400000000000006 1 2.0 1.0 line
55.400000000000006 0 1.1 1.0 NULL
56.50000000000001 2 2.0 1.0 square
58.50000000000001 0 1.8 1.0 NULL
60.300000000000004 2 2.0 1.0 square
62.300000000000004 0 1.2 1.0 NULL
63.50000000000001 2 2.0 1.0 square
65.5 0 1.1 1.0 NULL
66.6 2 2.0 1.0 square
68.6 0 1.4 1.0 NULL
70.0 1 2.0 1.0 line
72.0 0 1.0 1.0 NULL
73.0 2 2.0 1.0 square
75.0 0 1.8 1.0 NULL
76.8 1 2.0 1.0 line
78.8 0 1.7 1.0 NULL
80.5 2 2.0 1.0 square
82.5 0 1.0 1.0 NULL
83.5 2 2.0 1.0 square
85.5 0 1.0 1.0 NULL
86.5 2 2.0 1.0 square
88.5 0 1.4 1.0 NULL
89.9 2 2.0 1.0 square
91.9 0 1.0 1.0 NULL
92.9 1 2.0 1.0 line
94.9 0 1.6 1.0 NULL
96.5 1 2.0 1.0 line
98.5 0 1.0 1.0 NULL
99.5 2 2.0 1.0 square
101.5 0 1.2 1.0 NULL
102.7 2 2.0 1.0 square
104.69999999999999 0 1.0 1.0 NULL
105.69999999999999 1 2.0 1.0 line
107.69999999999999 0 1.0 1.0 NULL
108.69999999999999 2 2.0 1.0 square
110.69999999999999 0 1.1 1.0 NULL
111.79999999999998 2 2.0 1.0 square
113.79999999999998 0 1.7 1.0 NULL
115.49999999999999 1 2.0 1.0 line
117.49999999999999 0 1.0 1.0 NULL
118.49999999999999 1 2.0 1.0 line
120.49999999999999 0 1.3 1.0 NULL
121.79999999999998 2 2.0 1.0 square
123.79999999999998 0 1.0 1.0 NULL
124.79999999999998 2 2.0 1.0 square
126.79999999999998 0 1.3 1.0 NULL
128.1 1 2.0 1.0 line
130.1 0 1.3 1.0 NULL
