0.0 0 1.0 1.0 NULL
1.0 2 2.0 1.0 square
3.0 0 1.1 1.0 NULL
4.1 1 2.0 1.0 line
6.1 0 1.1 1.0 NULL
7.199999999999999 1 2.0 1.0 line
9.2 0 1.0 1.0 NULL
10.2 2 2.0 1.0 square
12.2 0 1.1 1.0 NULL
13.299999999999999 1 2.0 1.0 line
15.299999999999999 0 1.2 1.0 NULL
16.5 2 2.0 1.0 square
18.5 0 1.9 1.0 NULL
20.4 2 2.0 1.0 square
22.4 0 1.1 1.0 NULL
23.5 1 2.0 1.0 line
25.5 0 1.3 1.0 NULL
26.8 1 2.0 1.0 line
28.8 0 1.0 1.0 NULL
29.8 1 2.0 1.0 line
31.8 0 1.5 1.0 NULL
33.3 1 2.0 1.0 line
35.3 0 1.0 1.0 NULL
36.3 1 2.0 1.0 line
38.300000000000004 0 1.1 1.0 NULL
39.400000000000006 2 2.0 1.0 square
41.400000000000006 0 1.2 1.0 NULL
42.60000000000001 1 2.0 1.0 line
44.60000000000001 0 1.1 1.0 NULL
45.70000000000001 2 2.0 1.0 square
47.70000000000001 0 1.0 1.0 NULL
48.70000000000001 2 2.0 1.0 square
50.7 0 1.8 1.0 NULL
52.5 2 2.0 1.0 square
54.5 0 1.3 1.0 NULL
55.8 2 2.0 1.0 square
57.8 0 1.3 1.0 NULL
59.099999999999994 1 2.0 1.0 line
61.099999999999994 0 1.4 1.0 NULL
62.49999999999999 1 2.0 1.0 line
64.5 0 1.1 1.0 NULL
65.6 1 2.0 1.0 line
67.6 0 1.0 1.0 NULL
68.6 1 2.0 1.0 line
70.6 0 1.9 1.0 NULL
72.5 1 2.0 1.0 line
74.5 0 1.6 1.0 NULL
76.1 2 2.0 1.0 square
78.1 0 1.6 1.0 NULL
79.69999999999999 1 2.0 1.0 line
81.69999999999999 0 1.0 1.0 NULL
82.69999999999999 2 2.0 1.0 square
84.69999999999999 0 1.0 1.0 NULL
85.69999999999999 2 2.0 1.0 square
87.69999999999999 0 1.1 1.0 NULL
88.79999999999998 2 2.0 1.0 square
90.8 0 1.6 1.0 NULL
92.39999999999999 2 2.0 1.0 square
94.39999999999999 0 1.3 1.0 NULL
95.69999999999999 2 2.0 1.0 square
97.69999999999999 0 1.0 1.0 NULL
98.69999999999999 1 2.0 1.0 line
100.69999999999999 0 1.8 1.0 NULL
102.49999999999999 2 2.0 1.0 square
104.5 0 1.0 1.0 NULL
105.5 2 2.0 1.0 square
107.5 0 1.1 1.0 NULL
108.6 2 2.0 1.0 square
110.6 0 1.1 1.0 NULL
111.69999999999999 2 2.0 1.0 square
113.69999999999999 0 1.8 1.0 NULL
115.49999999999999 1 2.0 1.0 line
117.5 0 1.0 1.0 NULL
118.5 1 2.0 1.0 line
120.5 0 1.1 1.0 NULL
121.6 2 2.0 1.0 square
123.6 0 1.0 1.0 NULL
124.6 1 2.0 1.0 line
126.6 0 1.1 1.0 NULL
127.69999999999999 1 2.0 1.0 line
129.7 0 1.3 1.0 NULL
