0.0 0 1.5 1.0 NULL
1.5 1 2.0 1.0 line
3.5 0 1.0 1.0 NULL
4.5 2 2.0 1.0 square
6.5 0 1.0 1.0 NULL
7.5 1 2.0 1.0 line
9.5 0 1.1 1.0 NULL
10.6 1 2.0 1.0 line
12.6 0 1.5 1.0 NULL
14.1 1 2.0 1.0 line
16.1 0 1.0 1.0 NULL
17.1 2 2.0 1.0 square
19.1 0 1.9 1.0 NULL
21.0 2 2.0 1.0 square
23.0 0 1.1 1.0 NULL
24.1 2 2.0 1.0 square
26.1 0 1.0 1.0 NULL
27.1 2 2.0 1.0 square
29.1 0 1.9 1.0 NULL
31.0 2 2.0 1.0 square
33.0 0 1.7 1.0 NULL
34.7 2 2.0 1.0 square
36.7 0 1.0 1.0 NULL
37.7 1 2.0 1.0 line
39.699999999999996 0 1.7 1.0 NULL
41.4 2 2.0 1.0 square
43.4 0 1.0 1.0 NULL
44.4 2 2.0 1.0 square
46.4 0 1.8 1.0 NULL
48.199999999999996 1 2.0 1.0 line
50.199999999999996 0 1.0 1.0 NULL
51.199999999999996 1 2.0 1.0 line
53.2 0 1.0 1.0 NULL
54.2 1 2.0 1.0 line
56.2 0 1.1 1.0 NULL
57.300000000000004 1 2.0 1.0 line
59.300000000000004 0 2.0 1.0 NULL
61.300000000000004 2 2.0 1.0 square
63.300000000000004 0 1.1 1.0 NULL
64.4 1 2.0 1.0 line
66.4 0 1.2 1.0 NULL
67.60000000000001 1 2.0 1.0 line
69.60000000000001 0 1.5 1.0 NULL
71.10000000000001 2 2.0 1.0 square
73.10000000000001 0 1.5 1.0 NULL
74.60000000000001 2 2.0 1.0 square
76.60000000000001 0 1.1 1.0 NULL
77.7 1 2.0 1.0 line
79.69999999999999 0 1.1 1.0 NULL
80.79999999999998 2 2.0 1.0 square
82.79999999999998 0 1.0 1.0 NULL
83.79999999999998 2 2.0 1.0 square
85.79999999999998 0 1.6 1.0 NULL
87.39999999999998 2 2.0 1.0 square
89.39999999999998 0 1.0 1.0 NULL
90.39999999999998 1 2.0 1.0 line
92.4 0 1.0 1.0 NULL
93.4 2 2.0 1.0 square
95.4 0 1.4 1.0 NULL
96.80000000000001 2 2.0 1.0 square
98.80000000000001 0 1.0 1.0 NULL
99.80000000000001 2 2.0 1.0 square
101.80000000000001 0 1.1 1.0 NULL
102.9 1 2.0 1.0 line
104.9 0 1.4 1.0 NULL
106.30000000000001 2 2.0 1.0 square
108.30000000000001 0 1.0 1.0 NULL
109.30000000000001 1 2.0 1.0 line
111.30000000000001 0 1.2 1.0 NULL
112.50000000000001 1 2.0 1.0 line
114.50000000000001 0 1.2 1.0 NULL
115.70000000000002 1 2.0 1.0 line
117.69999999999999 0 1.1 1.0 NULL
118.79999999999998 1 2.0 1.0 line
120.79999999999998 0 1.0 1.0 NULL
121.79999999999998 1 2.0 1.0 line
123.79999999999998 0 1.2 1.0 NULL
124.99999999999999 1 2.0 1.0 line
126.99999999999999 0 1.3 1.0 NULL
128.29999999999998 2 2.0 1.0 square
130.3 0 1.2 1.0 NULL
