0.0 0 1.1 1.0 NULL
1.1 1 2.0 1.0 line
3.1 0 1.0 1.0 NULL
4.1 1 2.0 1.0 line
6.1 0 1.2 1.0 NULL
7.3 2 2.0 1.0 square
9.3 0 1.0 1.0 NULL
10.3 1 2.0 1.0 line
12.3 0 1.0 1.0 NULL
13.3 2 2.0 1.0 square
15.3 0 1.0 1.0 NULL
16.3 1 2.0 1.0 line
18.3 0 1.0 1.0 NULL
19.3 1 2.0 1.0 line
21.3 0 1.9 1.0 NULL
23.2 1 2.0 1.0 line
25.200000000000003 0 1.0 1.0 NULL
26.200000000000003 2 2.0 1.0 square
28.200000000000003 0 1.5 1.0 NULL
29.700000000000003 1 2.0 1.0 line
31.700000000000003 0 1.5 1.0 NULL
33.2 2 2.0 1.0 square
35.2 0 1.0 1.0 NULL
36.2 1 2.0 1.0 line
38.2 0 1.1 1.0 NULL
39.300000000000004 2 2.0 1.0 square
41.300000000000004 0 1.2 1.0 NULL
42.50000000000001 2 2.0 1.0 square
44.50000000000001 0 1.7 1.0 NULL
46.20000000000001 2 2.0 1.0 square
48.20000000000001 0 1.0 1.0 NULL
49.20000000000001 2 2.0 1.0 square
51.2 0 1.1 1.0 NULL
52.300000000000004 2 2.0 1.0 square
54.300000000000004 0 1.4 1.0 NULL
55.7 1 2.0 1.0 line
57.7 0 1.0 1.0 NULL
58.7 2 2.0 1.0 square
60.7 0 1.3 1.0 NULL
62.0 1 2.0 1.0 line
64.0 0 1.3 1.0 NULL
65.3 1 2.0 1.0 line
67.3 0 1.1 1.0 NULL
68.39999999999999 1 2.0 1.0 line
70.39999999999999 0 1.5 1.0 NULL
71.89999999999999 2 2.0 1.0 square
73.89999999999999 0 1.5 1.0 NULL
75.39999999999999 2 2.0 1.0 square
77.39999999999999 0 1.0 1.0 NULL
78.39999999999999 1 2.0 1.0 line
80.39999999999999 0 1.1 1.0 NULL
81.49999999999999 1 2.0 1.0 line
83.49999999999999 0 1.1 1.0 NULL
84.59999999999998 2 2.0 1.0 square
86.59999999999998 0 1.2 1.0 NULL
87.79999999999998 2 2.0 1.0 square
89.8 0 1.8 1.0 NULL
91.6 1 2.0 1.0 line
93.6 0 1.3 1.0 NULL
94.89999999999999 1 2.0 1.0 line
96.89999999999999 0 2.0 1.0 NULL
98.89999999999999 2 2.0 1.0 square
100.89999999999999 0 1.1 1.0 NULL
101.99999999999999 2 2.0 1.0 square
104.0 0 1.2 1.0 NULL
105.2 1 2.0 1.0 line
107.2 0 1.0 1.0 NULL
108.2 1 2.0 1.0 line
110.2 0 1.7 1.0 NULL
111.9 2 2.0 1.0 square
113.9 0 1.5 1.0 NULL
115.4 1 2.0 1.0 line
117.4 0 1.0 1.0 NULL
118.4 1 2.0 1.0 line
120.4 0 1.1 1.0 NULL
121.5 2 2.0 1.0 square
123.5 0 1.0 1.0 NULL
124.5 2 2.0 1.0 square
126.5 0 1.5 1.0 NULL
128.0 2 2.0 1.0 square
130.0 0 1.1 1.0 NULL
