0.0 0 1.9 1.0 NULL
1.9 2 2.0 1.0 square
3.9 0 1.0 1.0 NULL
4.9 1 2.0 1.0 line
6.9 0 1.0 1.0 NULL
7.9 1 2.0 1.0 line
9.9 0 1.0 1.0 NULL
10.9 1 2.0 1.0 line
12.9 0 1.5 1.0 NULL
14.4 1 2.0 1.0 line
16.4 0 1.0 1.0 NULL
17.4 1 2.0 1.0 line
19.4 0 1.3 1.0 NULL
20.7 2 2.0 1.0 square
22.7 0 1.3 1.0 NULL
24.0 1 2.0 1.0 line
26.0 0 1.8 1.0 NULL
27.8 2 2.0 1.0 square
29.8 0 1.2 1.0 NULL
31.0 2 2.0 1.0 square
33.0 0 1.2 1.0 NULL
34.2 1 2.0 1.0 line
36.2 0 1.1 1.0 NULL
37.300000000000004 2 2.0 1.0 square
39.3 0 1.1 1.0 NULL
40.4 2 2.0 1.0 square
42.4 0 1.0 1.0 NULL
43.4 2 2.0 1.0 square
45.4 0 1.0 1.0 NULL
46.4 1 2.0 1.0 line
48.4 0 1.2 1.0 NULL
49.6 2 2.0 1.0 square
51.6 0 1.9 1.0 NULL
53.5 1 2.0 1.0 line
55.5 0 1.2 1.0 NULL
56.7 2 2.0 1.0 square
58.7 0 1.5 1.0 NULL
60.2 1 2.0 1.0 line
62.2 0 1.0 1.0 NULL
63.2 2 2.0 1.0 square
65.2 0 1.1 1.0 NULL
66.3 1 2.0 1.0 line
68.3 0 1.9 1.0 NULL
70.2 1 2.0 1.0 line
72.2 0 1.1 1.0 NULL
73.3 1 2.0 1.0 line
75.3 0 1.3 1.0 NULL
76.6 2 2.0 1.0 square
78.6 0 1.2 1.0 NULL
79.8 1 2.0 1.0 line
81.8 0 1.5 1.0 NULL
83.3 2 2.0 1.0 square
85.3 0 2.0 1.0 NULL
87.3 2 2.0 1.0 square
89.3 0 1.1 1.0 NULL
90.39999999999999 1 2.0 1.0 line
92.4 0 1.0 1.0 NULL
93.4 1 2.0 1.0 line
95.4 0 1.5 1.0 NULL
96.9 2 2.0 1.0 square
98.9 0 1.0 1.0 NULL
99.9 2 2.0 1.0 square
101.9 0 1.7 1.0 NULL
103.60000000000001 2 2.0 1.0 square
105.6 0 1.0 1.0 NULL
106.6 2 2.0 1.0 square
108.6 0 1.7 1.0 NULL
110.3 1 2.0 1.0 line
112.3 0 1.1 1.0 NULL
113.39999999999999 2 2.0 1.0 square
115.39999999999999 0 1.0 1.0 NULL
116.39999999999999 1 2.0 1.0 line
118.4 0 1.0 1.0 NULL
119.4 2 2.0 1.0 square
121.4 0 1.2 1.0 NULL
122.60000000000001 1 2.0 1.0 line
124.60000000000001 0 1.0 1.0 NULL
125.60000000000001 2 2.0 1.0 square
127.60000000000001 0 1.2 1.0 NULL
128.8 1 2.0 1.0 line
130.8 0 1.1 1.0 NULL
