0.0 0 1.5 1.0 NULL
1.5 2 2.0 1.0 square
3.5 0 1.0 1.0 NULL
4.5 2 2.0 1.0 square
6.5 0 1.0 1.0 NULL
7.5 1 2.0 1.0 line
9.5 0 1.5 1.0 NULL
11.0 2 2.0 1.0 square
13.0 0 1.2 1.0 NULL
14.2 1 2.0 1.0 line
16.2 0 1.2 1.0 NULL
17.4 2 2.0 1.0 square
19.4 0 1.6 1.0 NULL
21.0 1 2.0 1.0 line
23.0 0 1.0 1.0 NULL
24.0 2 2.0 1.0 square
26.0 0 1.3 1.0 NULL
27.3 1 2.0 1.0 line
29.3 0 1.1 1.0 NULL
30.400000000000002 2 2.0 1.0 square
32.400000000000006 0 1.1 1.0 NULL
33.50000000000001 1 2.0 1.0 line
35.50000000000001 0 1.0 1.0 NULL
36.50000000000001 1 2.0 1.0 line
38.5 0 1.2 1.0 NULL
39.7 1 2.0 1.0 line
41.7 0 2.0 1.0 NULL
43.7 1 2.0 1.0 line
45.7 0 1.1 1.0 NULL
46.800000000000004 2 2.0 1.0 square
48.800000000000004 0 1.0 1.0 NULL
49.800000000000004 2 2.0 1.0 square
51.8 0 1.9 1.0 NULL
53.699999999999996 2 2.0 1.0 square
55.699999999999996 0 1.3 1.0 NULL
56.99999999999999 1 2.0 1.0 line
58.99999999999999 0 1.0 1.0 NULL
59.99999999999999 1 2.0 1.0 line
61.99999999999999 0 1.1 1.0 NULL
63.099999999999994 1 2.0 1.0 line
65.1 0 1.0 1.0 NULL
66.1 2 2.0 1.0 square
68.1 0 1.5 1.0 NULL
69.6 2 2.0 1.0 square
71.6 0 1.1 1.0 NULL
72.69999999999999 1 2.0 1.0 line
74.69999999999999 0 1.3 1.0 NULL
75.99999999999999 1 2.0 1.0 line
78.0 0 1.0 1.0 NULL
79.0 1 2.0 1.0 line
81.0 0 1.0 1.0 NULL
82.0 2 2.0 1.0 square
84.0 0 1.5 1.0 NULL
85.5 2 2.0 1.0 square
87.5 0 1.4 1.0 NULL
88.9 1 2.0 1.0 line
90.9 0 1.6 1.0 NULL
92.5 2 2.0 1.0 square
94.5 0 1.5 1.0 NULL
96.0 2 2.0 1.0 square
98.0 0 1.0 1.0 NULL
99.0 2 2.0 1.0 square
101.0 0 1.8 1.0 NULL
102.8 2 2.0 1.0 square
104.8 0 1.0 1.0 NULL
105.8 1 2.0 1.0 line
107.8 0 1.9 1.0 NULL
109.7 1 2.0 1.0 line
111.7 0 1.5 1.0 NULL
113.2 1 2.0 1.0 line
115.2 0 1.0 1.0 NULL
116.2 1 2.0 1.0 line
118.2 0 1.1 1.0 NULL
119.3 2 2.0 1.0 square
121.3 0 1.1 1.0 NULL
122.39999999999999 1 2.0 1.0 line
124.39999999999999 0 1.0 1.0 NULL
125.39999999999999 2 2.0 1.0 square
127.39999999999999 0 1.1 1.0 NULL
128.5 2 2.0 1.0 square
130.5 0 1.0 1.0 NULL
