0.0 0 1.1 1.0 NULL
1.1 1 2.0 1.0 line
3.1 0 1.1 1.0 NULL
4.2 1 2.0 1.0 line
6.2 0 1.1 1.0 NULL
7.300000000000001 2 2.0 1.0 square
9.3 0 1.0 1.0 NULL
10.3 2 2.0 1.0 square
12.3 0 1.3 1.0 NULL
13.600000000000001 2 2.0 1.0 square
15.600000000000001 0 1.1 1.0 NULL
16.700000000000003 2 2.0 1.0 square
18.700000000000003 0 1.2 1.0 NULL
19.900000000000002 2 2.0 1.0 square
21.900000000000002 0 1.1 1.0 NULL
23.000000000000004 1 2.0 1.0 line
25.0 0 1.6 1.0 NULL
26.6 1 2.0 1.0 line
28.6 0 1.0 1.0 NULL
29.6 2 2.0 1.0 square
31.6 0 1.6 1.0 NULL
33.2 1 2.0 1.0 line
35.2 0 1.0 1.0 NULL
36.2 1 2.0 1.0 line
38.2 0 1.3 1.0 NULL
39.5 1 2.0 1.0 line
41.5 0 1.8 1.0 NULL
43.3 1 2.0 1.0 line
45.3 0 1.1 1.0 NULL
46.4 1 2.0 1.0 line
48.4 0 1.2 1.0 NULL
49.6 1 2.0 1.0 line
51.6 0 1.0 1.0 NULL
52.6 2 2.0 1.0 square
54.6 0 2.0 1.0 NULL
56.6 2 2.0 1.0 square
58.6 0 1.0 1.0 NULL
59.6 2 2.0 1.0 square
61.6 0 1.2 1.0 NULL
62.800000000000004 2 2.0 1.0 square
64.8 0 1.0 1.0 NULL
65.8 1 2.0 1.0 line
67.8 0 1.1 1.0 NULL
68.89999999999999 2 2.0 1.0 square
70.89999999999999 0 1.2 1.0 NULL
72.1 2 2.0 1.0 square
74.1 0 1.7 1.0 NULL
75.8 1 2.0 1.0 line
77.80000000000001 0 2.0 1.0 NULL
79.80000000000001 1 2.0 1.0 line
81.80000000000001 0 1.9 1.0 NULL
83.70000000000002 2 2.0 1.0 square
85.70000000000002 0 1.0 1.0 NULL
86.70000000000002 2 2.0 1.0 square
88.70000000000002 0 1.1 1.0 NULL
89.80000000000001 2 2.0 1.0 square
91.8 0 1.3 1.0 NULL
93.1 2 2.0 1.0 square
95.1 0 1.1 1.0 NULL
96.19999999999999 1 2.0 1.0 line
98.19999999999999 0 1.1 1.0 NULL
99.29999999999998 1 2.0 1.0 line
101.29999999999998 0 1.2 1.0 NULL
102.49999999999999 2 2.0 1.0 square
104.5 0 1.2 1.0 NULL
105.7 1 2.0 1.0 line
107.7 0 1.1 1.0 NULL
108.8 2 2.0 1.0 square
110.8 0 1.4 1.0 NULL
112.2 1 2.0 1.0 line
114.2 0 1.0 1.0 NULL
115.2 2 2.0 1.0 square
117.2 0 1.1 1.0 NULL
118.3 1 2.0 1.0 line
120.3 0 1.0 1.0 NULL
121.3 1 2.0 1.0 line
123.3 0 1.2 1.0 NULL
124.5 1 2.0 1.0 line
126.5 0 1.2 1.0 NULL
127.7 2 2.0 1.0 square
129.7 0 1.4 1.0 NULL
