0.0 0 1.0 1.0 NULL
1.0 1 2.0 1.0 line
3.0 0 1.2 1.0 NULL
4.2 2 2.0 1.0 square
6.2 0 1.4 1.0 NULL
7.6 2 2.0 1.0 square
9.6 0 1.0 1.0 NULL
10.6 2 2.0 1.0 square
12.600000000000001 0 1.7 1.0 NULL
14.3 2 2.0 1.0 square
16.3 0 1.0 1.0 NULL
17.3 2 2.0 1.0 square
19.3 0 2.0 1.0 NULL
21.3 1 2.0 1.0 line
23.3 0 1.2 1.0 NULL
24.5 1 2.0 1.0 line
26.5 0 1.1 1.0 NULL
27.6 1 2.0 1.0 line
29.6 0 1.7 1.0 NULL
31.3 2 2.0 1.0 square
33.3 0 1.1 1.0 NULL
34.4 1 2.0 1.0 line
36.4 0 1.3 1.0 NULL
37.699999999999996 2 2.0 1.0 square
39.7 0 1.7 1.0 NULL
41.400000000000006 2 2.0 1.0 square
43.400000000000006 0 1.0 1.0 NULL
44.400000000000006 1 2.0 1.0 line
46.400000000000006 0 1.2 1.0 NULL
47.60000000000001 1 2.0 1.0 line
49.60000000000001 0 1.0 1.0 NULL
50.60000000000001 1 2.0 1.0 line
52.599999999999994 0 1.6 1.0 NULL
54.199999999999996 1 2.0 1.0 line
56.199999999999996 0 1.6 1.0 NULL
57.8 1 2.0 1.0 line
59.8 0 1.1 1.0 NULL
60.9 2 2.0 1.0 square
62.9 0 1.0 1.0 NULL
63.9 2 2.0 1.0 square
65.9 0 1.1 1.0 NULL
67.0 1 2.0 1.0 line
69.0 0 1.0 1.0 NULL
70.0 1 2.0 1.0 line
72.0 0 1.0 1.0 NULL
73.0 1 2.0 1.0 line
75.0 0 1.9 1.0 NULL
76.9 1 2.0 1.0 line
78.9 0 1.0 1.0 NULL
79.9 2 2.0 1.0 square
81.9 0 1.7 1.0 NULL
83.60000000000001 2 2.0 1.0 square
85.60000000000001 0 1.4 1.0 NULL
87.00000000000001 2 2.0 1.0 square
89.00000000000001 0 1.0 1.0 NULL
90.00000000000001 2 2.0 1.0 square
92.0 0 1.4 1.0 NULL
93.4 1 2.0 1.0 line
95.4 0 1.4 1.0 NULL
96.80000000000001 2 2.0 1.0 square
98.80000000000001 0 1.3 1.0 NULL
100.10000000000001 2 2.0 1.0 square
102.10000000000001 0 1.1 1.0 NULL
103.2 1 2.0 1.0 line
105.2 0 1.1 1.0 NULL
106.3 2 2.0 1.0 square
108.3 0 1.2 1.0 NULL
109.5 2 2.0 1.0 square
111.5 0 1.1 1.0 NULL
112.6 2 2.0 1.0 square
114.6 0 1.1 1.0 NULL
115.69999999999999 1 2.0 1.0 line
117.7 0 1.2 1.0 NULL
118.9 2 2.0 1.0 square
120.9 0 1.0 1.0 NULL
121.9 1 2.0 1.0 line
123.9 0 1.0 1.0 NULL
124.9 1 2.0 1.0 line
126.9 0 1.1 1.0 NULL
128.0 1 2.0 1.0 line
130.0 0 1.0 1.0 NULL
