0.0 0 1.8 1.0 NULL
1.8 2 2.0 1.0 square
3.8 0 1.1 1.0 NULL
4.9 1 2.0 1.0 line
6.9 0 1.1 1.0 NULL
8.0 1 2.0 1.0 line
10.0 0 1.6 1.0 NULL
11.6 2 2.0 1.0 square
13.600000000000001 0 1.2 1.0 NULL
14.8 2 2.0 1.0 square
16.8 0 1.5 1.0 NULL
18.3 2 2.0 1.0 square
20.3 0 1.1 1.0 NULL
21.400000000000002 2 2.0 1.0 square
23.400000000000002 0 1.0 1.0 NULL
24.400000000000002 2 2.0 1.0 square
26.4 0 1.3 1.0 NULL
27.7 1 2.0 1.0 line
29.7 0 1.0 1.0 NULL
30.7 2 2.0 1.0 square
32.7 0 1.5 1.0 NULL
34.2 1 2.0 1.0 line
36.2 0 1.5 1.0 NULL
37.7 2 2.0 1.0 square
39.699999999999996 0 1.0 1.0 NULL
40.699999999999996 2 2.0 1.0 square
42.699999999999996 0 1.0 1.0 NULL
43.699999999999996 1 2.0 1.0 line
45.699999999999996 0 1.3 1.0 NULL
46.99999999999999 1 2.0 1.0 line
48.99999999999999 0 1.0 1.0 NULL
49.99999999999999 1 2.0 1.0 line
52.0 0 1.5 1.0 NULL
53.5 1 2.0 1.0 line
55.5 0 1.2 1.0 NULL
56.7 1 2.0 1.0 line
58.7 0 1.3 1.0 NULL
60.0 2 2.0 1.0 square
62.0 0 1.0 1.0 NULL
63.0 2 2.0 1.0 square
65.0 0 1.0 1.0 NULL
66.0 2 2.0 1.0 square
68.0 0 1.8 1.0 NULL
69.8 1 2.0 1.0 line
71.8 0 1.2 1.0 NULL
73.0 1 2.0 1.0 line
75.0 0 1.9 1.0 NULL
76.9 1 2.0 1.0 line
78.9 0 1.0 1.0 NULL
79.9 1 2.0 1.0 line
81.9 0 1.7 1.0 NULL
83.60000000000001 1 2.0 1.0 line
85.60000000000001 0 1.0 1.0 NULL
86.60000000000001 2 2.0 1.0 square
88.60000000000001 0 1.0 1.0 NULL
89.60000000000001 1 2.0 1.0 line
91.6 0 1.9 1.0 NULL
93.5 2 2.0 1.0 square
95.5 0 1.5 1.0 NULL
97.0 1 2.0 1.0 line
99.0 0 1.0 1.0 NULL
100.0 1 2.0 1.0 line
102.0 0 1.4 1.0 NULL
103.4 2 2.0 1.0 square
105.4 0 1.0 1.0 NULL
106.4 1 2.0 1.0 line
108.4 0 1.2 1.0 NULL
109.60000000000001 2 2.0 1.0 square
111.60000000000001 0 1.4 1.0 NULL
113.00000000000001 2 2.0 1.0 square
115.00000000000001 0 1.2 1.0 NULL
116.20000000000002 2 2.0 1.0 square
118.2 0 1.3 1.0 NULL
119.5 1 2.0 1.0 line
121.5 0 1.0 1.0 NULL
122.5 2 2.0 1.0 square
124.5 0 1.2 1.0 NULL
125.7 1 2.0 1.0 line
127.7 0 1.0 1.0 NULL
128.7 2 2.0 1.0 square
130.7 0 1.1 1.0 NULL
