0.0 0 1.1 1.0 NULL
1.1 2 2.0 1.0 square
3.1 0 1.0 1.0 NULL
4.1 1 2.0 1.0 line
6.1 0 1.6 1.0 NULL
7.699999999999999 2 2.0 1.0 square
9.7 0 1.2 1.0 NULL
10.899999999999999 1 2.0 1.0 line
12.9 0 1.1 1.0 NULL
14.0 2 2.0 1.0 square
16.0 0 1.2 1.0 NULL
17.2 2 2.0 1.0 square
19.2 0 1.0 1.0 NULL
20.2 1 2.0 1.0 line
22.2 0 1.5 1.0 NULL
23.7 2 2.0 1.0 square
25.700000000000003 0 1.0 1.0 NULL
26.700000000000003 1 2.0 1.0 line
28.700000000000003 0 1.1 1.0 NULL
29.800000000000004 2 2.0 1.0 square
31.800000000000004 0 1.0 1.0 NULL
32.800000000000004 1 2.0 1.0 line
34.800000000000004 0 1.0 1.0 NULL
35.800000000000004 1 2.0 1.0 line
37.8 0 1.2 1.0 NULL
39.0 1 2.0 1.0 line
41.0 0 1.0 1.0 NULL
42.0 2 2.0 1.0 square
44.0 0 1.5 1.0 NULL
45.5 2 2.0 1.0 square
47.5 0 1.1 1.0 NULL
48.6 2 2.0 1.0 square
50.6 0 1.0 1.0 NULL
51.6 2 2.0 1.0 square
53.6 0 1.1 1.0 NULL
54.7 2 2.0 1.0 square
56.7 0 1.1 1.0 NULL
57.800000000000004 1 2.0 1.0 line
59.800000000000004 0 1.9 1.0 NULL
61.7 2 2.0 1.0 square
63.7 0 1.8 1.0 NULL
65.5 1 2.0 1.0 line
67.5 0 1.1 1.0 NULL
68.6 1 2.0 1.0 line
70.6 0 1.2 1.0 NULL
71.8 1 2.0 1.0 line
73.8 0 1.1 1.0 NULL
74.89999999999999 2 2.0 1.0 square
76.9 0 2.0 1.0 NULL
78.9 1 2.0 1.0 line
80.9 0 1.3 1.0 NULL
82.2 2 2.0 1.0 square
84.2 0 1.3 1.0 NULL
85.5 1 2.0 1.0 line
87.5 0 1.0 1.0 NULL
88.5 1 2.0 1.0 line
90.5 0 1.0 1.0 NULL
91.5 1 2.0 1.0 line
93.5 0 1.8 1.0 NULL
95.3 1 2.0 1.0 line
97.3 0 1.2 1.0 NULL
98.5 2 2.0 1.0 square
100.5 0 1.1 1.0 NULL
101.6 2 2.0 1.0 square
103.6 0 1.4 1.0 NULL
105.0 1 2.0 1.0 line
107.0 0 1.1 1.0 NULL
108.1 1 2.0 1.0 line
110.1 0 1.8 1.0 NULL
111.89999999999999 1 2.0 1.0 line
113.89999999999999 0 1.1 1.0 NULL
114.99999999999999 2 2.0 1.0 square
117.0 0 1.1 1.0 NULL
118.1 1 2.0 1.0 line
120.1 0 1.7 1.0 NULL
121.8 2 2.0 1.0 square
123.8 0 1.2 1.0 NULL
125.0 2 2.0 1.0 square
127.0 0 1.1 1.0 NULL
128.1 2 2.0 1.0 square
130.1 0 1.0 1.0 NULL
