0.0 0 1.6 1.0 NULL
1.6 1 2.0 1.0 line
3.6 0 1.0 1.0 NULL
4.6 1 2.0 1.0 line
6.6 0 1.1 1.0 NULL
7.699999999999999 1 2.0 1.0 line
9.7 0 1.3 1.0 NULL
11.0 2 2.0 1.0 square
13.0 0 1.4 1.0 NULL
14.4 2 2.0 1.0 square
16.4 0 1.0 1.0 NULL
17.4 2 2.0 1.0 square
19.4 0 1.3 1.0 NULL
20.7 2 2.0 1.0 square
22.7 0 1.9 1.0 NULL
24.599999999999998 1 2.0 1.0 line
26.6 0 1.0 1.0 NULL
27.6 2 2.0 1.0 square
29.6 0 1.0 1.0 NULL
30.6 1 2.0 1.0 line
32.6 0 1.5 1.0 NULL
34.1 2 2.0 1.0 square
36.1 0 1.0 1.0 NULL
37.1 2 2.0 1.0 square
39.1 0 1.0 1.0 NULL
40.1 1 2.0 1.0 line
42.1 0 1.1 1.0 NULL
43.2 1 2.0 1.0 line
45.2 0 1.4 1.0 NULL
46.6 1 2.0 1.0 line
48.6 0 1.0 1.0 NULL
49.6 2 2.0 1.0 square
51.6 0 1.6 1.0 NULL
53.2 1 2.0 1.0 line
55.2 0 1.0 1.0 NULL
56.2 1 2.0 1.0 line
58.2 0 1.1 1.0 NULL
59.300000000000004 2 2.0 1.0 square
61.300000000000004 0 1.2 1.0 NULL
62.50000000000001 1 2.0 1.0 line
64.5 0 1.3 1.0 NULL
65.8 1 2.0 1.0 line
67.8 0 1.6 1.0 NULL
69.39999999999999 2 2.0 1.0 square
71.39999999999999 0 1.0 1.0 NULL
72.39999999999999 2 2.0 1.0 square
74.39999999999999 0 1.4 1.0 NULL
75.8 2 2.0 1.0 square
77.8 0 1.3 1.0 NULL
79.1 1 2.0 1.0 line
81.1 0 1.0 1.0 NULL
82.1 2 2.0 1.0 square
84.1 0 1.0 1.0 NULL
85.1 1 2.0 1.0 line
87.1 0 1.1 1.0 NULL
88.19999999999999 1 2.0 1.0 line
90.19999999999999 0 1.3 1.0 NULL
91.49999999999999 2 2.0 1.0 square
93.49999999999999 0 2.0 1.0 NULL
95.49999999999999 1 2.0 1.0 line
97.49999999999999 0 1.0 1.0 NULL
98.49999999999999 2 2.0 1.0 square
100.49999999999999 0 1.1 1.0 NULL
101.59999999999998 1 2.0 1.0 line
103.6 0 1.9 1.0 NULL
105.5 1 2.0 1.0 line
107.5 0 1.0 1.0 NULL
108.5 1 2.0 1.0 line
110.5 0 1.9 1.0 NULL
112.4 2 2.0 1.0 square
114.4 0 1.0 1.0 NULL
115.4 1 2.0 1.0 line
117.39999999999999 0 1.0 1.0 NULL
118.39999999999999 2 2.0 1.0 square
120.39999999999999 0 1.7 1.0 NULL
122.1 2 2.0 1.0 square
124.1 0 1.2 1.0 NULL
125.3 2 2.0 1.0 square
127.3 0 1.1 1.0 NULL
128.4 2 2.0 1.0 square
130.39999999999998 0 1.2 1.0 NULL
