0.0 0 1.1 1.0 NULL
1.1 2 2.0 1.0 square
3.1 0 1.2 1.0 NULL
4.3 1 2.0 1.0 line
6.3 0 1.1 1.0 NULL
7.4 1 2.0 1.0 line
9.4 0 1.0 1.0 NULL
10.4 1 2.0 1.0 line
12.4 0 1.3 1.0 NULL
13.700000000000001 1 2.0 1.0 line
15.700000000000001 0 1.0 1.0 NULL
16.700000000000003 2 2.0 1.0 square
18.700000000000003 0 1.5 1.0 NULL
20.200000000000003 1 2.0 1.0 line
22.200000000000003 0 1.4 1.0 NULL
23.6 1 2.0 1.0 line
25.6 0 1.2 1.0 NULL
26.8 2 2.0 1.0 square
28.8 0 1.0 1.0 NULL
29.8 2 2.0 1.0 square
31.8 0 1.8 1.0 NULL
33.6 1 2.0 1.0 line
35.6 0 1.1 1.0 NULL
36.7 1 2.0 1.0 line
38.7 0 1.3 1.0 NULL
40.0 1 2.0 1.0 line
42.0 0 1.2 1.0 NULL
43.2 1 2.0 1.0 line
45.2 0 1.0 1.0 NULL
46.2 2 2.0 1.0 square
48.2 0 1.2 1.0 NULL
49.400000000000006 2 2.0 1.0 square
51.400000000000006 0 1.0 1.0 NULL
52.400000000000006 2 2.0 1.0 square
54.400000000000006 0 1.0 1.0 NULL
55.400000000000006 1 2.0 1.0 line
57.400000000000006 0 1.1 1.0 NULL
58.50000000000001 2 2.0 1.0 square
60.50000000000001 0 1.7 1.0 NULL
62.20000000000001 1 2.0 1.0 line
64.2 0 1.8 1.0 NULL
66.0 2 2.0 1.0 square
68.0 0 1.1 1.0 NULL
69.1 2 2.0 1.0 square
71.1 0 1.1 1.0 NULL
72.19999999999999 2 2.0 1.0 square
74.19999999999999 0 1.3 1.0 NULL
75.49999999999999 2 2.0 1.0 square
77.5 0 1.3 1.0 NULL
78.8 2 2.0 1.0 square
80.8 0 1.8 1.0 NULL
82.6 1 2.0 1.0 line
84.6 0 1.0 1.0 NULL
85.6 1 2.0 1.0 line
87.6 0 1.0 1.0 NULL
88.6 2 2.0 1.0 square
90.6 0 2.0 1.0 NULL
92.6 2 2.0 1.0 square
94.6 0 1.0 1.0 NULL
95.6 1 2.0 1.0 line
97.6 0 1.3 1.0 NULL
98.89999999999999 2 2.0 1.0 square
100.89999999999999 0 1.1 1.0 NULL
101.99999999999999 2 2.0 1.0 square
104.0 0 1.0 1.0 NULL
105.0 1 2.0 1.0 line
107.0 0 1.0 1.0 NULL
108.0 1 2.0 1.0 line
110.0 0 1.0 1.0 NULL
111.0 1 2.0 1.0 line
113.0 0 1.4 1.0 NULL
114.4 2 2.0 1.0 square
116.39999999999999 0 1.0 1.0 NULL
117.39999999999999 1 2.0 1.0 line
119.39999999999999 0 1.9 1.0 NULL
121.3 2 2.0 1.0 square
123.3 0 1.5 1.0 NULL
124.8 1 2.0 1.0 line
126.8 0 1.3 1.0 NULL
128.1 2 2.0 1.0 square
130.10000000000002 0 1.0 1.0 NULL
