0.0 0 1.0 1.0 NULL
1.0 1 2.0 1.0 line
3.0 0 1.0 1.0 NULL
4.0 2 2.0 1.0 square
6.0 0 1.6 1.0 NULL
7.6 1 2.0 1.0 line
9.6 0 1.0 1.0 NULL
10.6 1 2.0 1.0 line
12.6 0 1.5 1.0 NULL
14.1 1 2.0 1.0 line
16.1 0 1.1 1.0 NULL
17.200000000000003 2 2.0 1.0 square
19.200000000000003 0 1.2 1.0 NULL
20.400000000000002 1 2.0 1.0 line
22.400000000000002 0 1.2 1.0 NULL
23.6 1 2.0 1.0 line
25.6 0 1.0 1.0 NULL
26.6 2 2.0 1.0 square
28.6 0 1.0 1.0 NULL
29.6 2 2.0 1.0 square
31.6 0 1.7 1.0 NULL
33.300000000000004 2 2.0 1.0 square
35.300000000000004 0 1.1 1.0 NULL
36.400000000000006 1 2.0 1.0 line
38.400000000000006 0 1.3 1.0 NULL
39.7 2 2.0 1.0 square
41.7 0 1.4 1.0 NULL
43.1 2 2.0 1.0 square
45.1 0 1.0 1.0 NULL
46.1 2 2.0 1.0 square
48.1 0 1.0 1.0 NULL
49.1 2 2.0 1.0 square
51.1 0 2.0 1.0 NULL
53.1 2 2.0 1.0 square
55.1 0 1.5 1.0 NULL
56.6 1 2.0 1.0 line
58.6 0 1.0 1.0 NULL
59.6 1 2.0 1.0 line
61.6 0 1.1 1.0 NULL
62.7 1 2.0 1.0 line
64.69999999999999 0 1.3 1.0 NULL
65.99999999999999 2 2.0 1.0 square
67.99999999999999 0 1.0 1.0 NULL
68.99999999999999 2 2.0 1.0 square
70.99999999999999 0 1.6 1.0 NULL
72.59999999999998 2 2.0 1.0 square
74.59999999999998 0 1.1 1.0 NULL
75.69999999999997 1 2.0 1.0 line
77.7 0 1.9 1.0 NULL
79.60000000000001 2 2.0 1.0 square
81.60000000000001 0 1.0 1.0 NULL
82.60000000000001 1 2.0 1.0 line
84.60000000000001 0 1.4 1.0 NULL
86.00000000000001 1 2.0 1.0 line
88.00000000000001 0 1.1 1.0 NULL
89.10000000000001 2 2.0 1.0 square
91.1 0 1.0 1.0 NULL
92.1 1 2.0 1.0 line
94.1 0 1.3 1.0 NULL
95.39999999999999 2 2.0 1.0 square
97.39999999999999 0 1.1 1.0 NULL
98.49999999999999 1 2.0 1.0 line
100.49999999999999 0 1.5 1.0 NULL
101.99999999999999 2 2.0 1.0 square
104.0 0 1.0 1.0 NULL
105.0 1 2.0 1.0 line
107.0 0 1.0 1.0 NULL
108.0 1 2.0 1.0 line
110.0 0 1.4 1.0 NULL
111.4 1 2.0 1.0 line
113.4 0 1.6 1.0 NULL
115.0 2 2.0 1.0 square
117.0 0 1.3 1.0 NULL
118.3 2 2.0 1.0 square
120.3 0 1.2 1.0 NULL
121.5 1 2.0 1.0 line
123.5 0 1.1 1.0 NULL
124.6 2 2.0 1.0 square
126.6 0 1.3 1.0 NULL
127.89999999999999 1 2.0 1.0 line
129.89999999999998 0 1.1 1.0 NULL
