0.0 0 1.0 1.0 NULL
1.0 1 2.0 1.0 line
3.0 0 1.0 1.0 NULL
4.0 1 2.0 1.0 line
6.0 0 1.3 1.0 NULL
7.3 1 2.0 1.0 line
9.3 0 1.2 1.0 NULL
10.5 1 2.0 1.0 line
12.5 0 1.2 1.0 NULL
13.7 2 2.0 1.0 square
15.7 0 1.1 1.0 NULL
16.8 2 2.0 1.0 square
18.8 0 1.3 1.0 NULL
20.1 1 2.0 1.0 line
22.1 0 1.9 1.0 NULL
24.0 1 2.0 1.0 line
26.0 0 1.0 1.0 NULL
27.0 2 2.0 1.0 square
29.0 0 1.4 1.0 NULL
30.4 2 2.0 1.0 square
32.4 0 2.0 1.0 NULL
34.4 2 2.0 1.0 square
36.4 0 1.0 1.0 NULL
37.4 2 2.0 1.0 square
39.4 0 1.2 1.0 NULL
40.6 2 2.0 1.0 square
42.6 0 1.0 1.0 NULL
43.6 1 2.0 1.0 line
45.6 0 1.6 1.0 NULL
47.2 1 2.0 1.0 line
49.2 0 1.0 1.0 NULL
50.2 1 2.0 1.0 line
52.199999999999996 0 1.1 1.0 NULL
53.3 1 2.0 1.0 line
55.3 0 1.1 1.0 NULL
56.4 1 2.0 1.0 line
58.4 0 1.0 1.0 NULL
59.4 1 2.0 1.0 line
61.4 0 1.7 1.0 NULL
63.1 2 2.0 1.0 square
65.1 0 1.5 1.0 NULL
66.6 2 2.0 1.0 square
68.6 0 1.0 1.0 NULL
69.6 1 2.0 1.0 line
71.6 0 1.0 1.0 NULL
72.6 1 2.0 1.0 line
74.6 0 1.0 1.0 NULL
75.6 2 2.0 1.0 square
77.6 0 1.5 1.0 NULL
79.1 1 2.0 1.0 line
81.1 0 1.3 1.0 NULL
82.39999999999999 1 2.0 1.0 line
84.39999999999999 0 1.3 1.0 NULL
85.69999999999999 2 2.0 1.0 square
87.69999999999999 0 1.4 1.0 NULL
89.1 2 2.0 1.0 square
91.1 0 1.1 1.0 NULL
92.19999999999999 2 2.0 1.0 square
94.19999999999999 0 1.0 1.0 NULL
95.19999999999999 2 2.0 1.0 square
97.19999999999999 0 1.2 1.0 NULL
98.39999999999999 2 2.0 1.0 square
100.39999999999999 0 1.6 1.0 NULL
101.99999999999999 2 2.0 1.0 square
104.0 0 1.0 1.0 NULL
105.0 1 2.0 1.0 line
107.0 0 1.7 1.0 NULL
108.7 1 2.0 1.0 line
110.7 0 1.0 1.0 NULL
111.7 2 2.0 1.0 square
113.7 0 1.2 1.0 NULL
114.9 1 2.0 1.0 line
116.9 0 1.2 1.0 NULL
118.10000000000001 2 2.0 1.0 square
120.10000000000001 0 1.0 1.0 NULL
121.10000000000001 2 2.0 1.0 square
123.10000000000001 0 1.0 1.0 NULL
124.10000000000001 2 2.0 1.0 square
126.10000000000001 0 1.6 1.0 NULL
127.7 1 2.0 1.0 line
129.7 0 1.3 1.0 NULL
