0.0 0 1.0 1.0 NULL
1.0 2 2.0 1.0 square
3.0 0 1.0 1.0 NULL
4.0 2 2.0 1.0 square
6.0 0 1.1 1.0 NULL
7.1 2 2.0 1.0 square
9.1 0 1.5 1.0 NULL
10.6 2 2.0 1.0 square
12.6 0 1.1 1.0 NULL
13.7 1 2.0 1.0 line
15.7 0 1.4 1.0 NULL
17.099999999999998 1 2.0 1.0 line
19.099999999999998 0 1.2 1.0 NULL
20.299999999999997 1 2.0 1.0 line
22.299999999999997 0 1.0 1.0 NULL
23.299999999999997 2 2.0 1.0 square
25.3 0 1.8 1.0 NULL
27.1 2 2.0 1.0 square
29.1 0 1.0 1.0 NULL
30.1 2 2.0 1.0 square
32.1 0 1.6 1.0 NULL
33.7 2 2.0 1.0 square
35.7 0 1.1 1.0 NULL
36.800000000000004 1 2.0 1.0 line
38.8 0 2.0 1.0 NULL
40.8 1 2.0 1.0 line
42.8 0 1.5 1.0 NULL
44.3 1 2.0 1.0 line
46.3 0 1.0 1.0 NULL
47.3 2 2.0 1.0 square
49.3 0 1.3 1.0 NULL
50.599999999999994 2 2.0 1.0 square
52.6 0 1.2 1.0 NULL
53.800000000000004 2 2.0 1.0 square
55.800000000000004 0 1.2 1.0 NULL
57.00000000000001 1 2.0 1.0 line
59.00000000000001 0 1.7 1.0 NULL
60.70000000000001 2 2.0 1.0 square
62.70000000000001 0 1.0 1.0 NULL
63.70000000000001 1 2.0 1.0 line
65.7 0 1.0 1.0 NULL
66.7 1 2.0 1.0 line
68.7 0 1.0 1.0 NULL
69.7 1 2.0 1.0 line
71.7 0 1.2 1.0 NULL
72.9 1 2.0 1.0 line
74.9 0 1.3 1.0 NULL
76.2 2 2.0 1.0 square
78.2 0 2.0 1.0 NULL
80.2 2 2.0 1.0 square
82.2 0 1.0 1.0 NULL
83.2 1 2.0 1.0 line
85.2 0 1.1 1.0 NULL
86.3 1 2.0 1.0 line
88.3 0 1.4 1.0 NULL
89.7 2 2.0 1.0 square
91.7 0 1.0 1.0 NULL
92.7 1 2.0 1.0 line
94.7 0 1.0 1.0 NULL
95.7 2 2.0 1.0 square
97.7 0 1.3 1.0 NULL
99.0 2 2.0 1.0 square
101.0 0 1.3 1.0 NULL
102.3 2 2.0 1.0 square
104.30000000000001 0 1.8 1.0 NULL
106.10000000000001 1 2.0 1.0 line
108.10000000000001 0 1.1 1.0 NULL
109.2 2 2.0 1.0 square
111.2 0 1.1 1.0 NULL
112.3 1 2.0 1.0 line
114.3 0 1.1 1.0 NULL
115.39999999999999 1 2.0 1.0 line
117.4 0 1.2 1.0 NULL
118.60000000000001 2 2.0 1.0 square
120.60000000000001 0 1.0 1.0 NULL
121.60000000000001 1 2.0 1.0 line
123.60000000000001 0 1.3 1.0 NULL
124.9 1 2.0 1.0 line
126.9 0 1.0 1.0 NULL
127.9 1 2.0 1.0 line
129.9 0 1.1 1.0 NULL
