0.0 0 1.2 1.0 NULL
1.2 1 2.0 1.0 line
3.2 0 1.0 1.0 NULL
4.2 2 2.0 1.0 square
6.2 0 1.1 1.0 NULL
7.300000000000001 1 2.0 1.0 line
9.3 0 1.5 1.0 NULL
10.8 1 2.0 1.0 line
12.8 0 1.1 1.0 NULL
13.9 2 2.0 1.0 square
15.9 0 2.0 1.0 NULL
17.9 2 2.0 1.0 square
19.9 0 1.3 1.0 NULL
21.2 1 2.0 1.0 line
23.2 0 1.2 1.0 NULL
24.4 1 2.0 1.0 line
26.400000000000002 0 1.1 1.0 NULL
27.500000000000004 1 2.0 1.0 line
29.500000000000004 0 1.1 1.0 NULL
30.600000000000005 1 2.0 1.0 line
32.60000000000001 0 1.6 1.0 NULL
34.20000000000001 1 2.0 1.0 line
36.20000000000001 0 1.0 1.0 NULL
37.20000000000001 2 2.0 1.0 square
39.2 0 1.0 1.0 NULL
40.2 1 2.0 1.0 line
42.2 0 1.0 1.0 NULL
43.2 2 2.0 1.0 square
45.2 0 1.5 1.0 NULL
46.7 1 2.0 1.0 line
48.7 0 1.0 1.0 NULL
49.7 2 2.0 1.0 square
51.7 0 1.0 1.0 NULL
52.7 2 2.0 1.0 square
54.7 0 1.3 1.0 NULL
56.0 1 2.0 1.0 line
58.0 0 1.1 1.0 NULL
59.1 1 2.0 1.0 line
61.1 0 1.8 1.0 NULL
62.9 2 2.0 1.0 square
64.9 0 1.0 1.0 NULL
65.9 1 2.0 1.0 line
67.9 0 1.2 1.0 NULL
69.10000000000001 2 2.0 1.0 square
71.10000000000001 0 1.6 1.0 NULL
72.7 2 2.0 1.0 square
74.7 0 1.1 1.0 NULL
75.8 2 2.0 1.0 square
77.8 0 1.2 1.0 NULL
79.0 2 2.0 1.0 square
81.0 0 1.3 1.0 NULL
82.3 2 2.0 1.0 square
84.3 0 1.3 1.0 NULL
85.6 2 2.0 1.0 square
87.6 0 1.7 1.0 NULL
89.3 2 2.0 1.0 square
91.3 0 1.0 1.0 NULL
92.3 2 2.0 1.0 square
94.3 0 1.1 1.0 NULL
95.39999999999999 1 2.0 1.0 line
97.39999999999999 0 1.6 1.0 NULL
98.99999999999999 1 2.0 1.0 line
100.99999999999999 0 1.0 1.0 NULL
101.99999999999999 1 2.0 1.0 line
104.0 0 1.6 1.0 NULL
105.6 1 2.0 1.0 line
107.6 0 1.1 1.0 NULL
108.69999999999999 2 2.0 1.0 square
110.69999999999999 0 1.4 1.0 NULL
112.1 2 2.0 1.0 square
114.1 0 1.0 1.0 NULL
115.1 1 2.0 1.0 line
117.1 0 1.5 1.0 NULL
118.6 2 2.0 1.0 square
120.6 0 1.0 1.0 NULL
121.6 1 2.0 1.0 line
123.6 0 1.3 1.0 NULL
124.89999999999999 2 2.0 1.0 square
126.89999999999999 0 1.1 1.0 NULL
127.99999999999999 1 2.0 1.0 line
130.0 0 1.2 1.0 NULL
