0.0 0 1.4 1.0 NULL
1.4 2 2.0 1.0 square
3.4 0 1.1 1.0 NULL
4.5 2 2.0 1.0 square
6.5 0 1.2 1.0 NULL
7.7 2 2.0 1.0 square
9.7 0 1.2 1.0 NULL
10.899999999999999 2 2.0 1.0 square
12.9 0 1.0 1.0 NULL
13.9 1 2.0 1.0 line
15.9 0 1.7 1.0 NULL
17.6 1 2.0 1.0 line
19.6 0 1.1 1.0 NULL
20.700000000000003 1 2.0 1.0 line
22.700000000000003 0 1.3 1.0 NULL
24.000000000000004 1 2.0 1.0 line
26.0 0 2.0 1.0 NULL
28.0 1 2.0 1.0 line
30.0 0 1.0 1.0 NULL
31.0 2 2.0 1.0 square
33.0 0 1.9 1.0 NULL
34.9 2 2.0 1.0 square
36.9 0 1.0 1.0 NULL
37.9 1 2.0 1.0 line
39.900000000000006 0 1.1 1.0 NULL
41.00000000000001 2 2.0 1.0 square
43.00000000000001 0 1.8 1.0 NULL
44.800000000000004 2 2.0 1.0 square
46.800000000000004 0 1.0 1.0 NULL
47.800000000000004 2 2.0 1.0 square
49.800000000000004 0 1.5 1.0 NULL
51.300000000000004 1 2.0 1.0 line
53.3 0 1.1 1.0 NULL
54.4 2 2.0 1.0 square
56.4 0 1.0 1.0 NULL
57.4 2 2.0 1.0 square
59.4 0 1.2 1.0 NULL
60.6 1 2.0 1.0 line
62.6 0 1.1 1.0 NULL
63.7 2 2.0 1.0 square
65.7 0 1.0 1.0 NULL
66.7 1 2.0 1.0 line
68.7 0 1.4 1.0 NULL
70.10000000000001 2 2.0 1.0 square
72.10000000000001 0 1.1 1.0 NULL
73.2 1 2.0 1.0 line
75.2 0 1.0 1.0 NULL
76.2 1 2.0 1.0 line
78.2 0 1.0 1.0 NULL
79.2 1 2.0 1.0 line
81.2 0 1.2 1.0 NULL
82.4 1 2.0 1.0 line
84.4 0 1.1 1.0 NULL
85.5 2 2.0 1.0 square
87.5 0 1.3 1.0 NULL
88.8 1 2.0 1.0 line
90.8 0 1.0 1.0 NULL
91.8 1 2.0 1.0 line
93.8 0 1.2 1.0 NULL
95.0 2 2.0 1.0 square
97.0 0 1.0 1.0 NULL
98.0 2 2.0 1.0 square
100.0 0 1.0 1.0 NULL
101.0 2 2.0 1.0 square
103.0 0 2.0 1.0 NULL
105.0 1 2.0 1.0 line
107.0 0 1.2 1.0 NULL
108.2 1 2.0 1.0 line
110.2 0 1.0 1.0 NULL
111.2 2 2.0 1.0 square
113.2 0 1.9 1.0 NULL
115.10000000000001 2 2.0 1.0 square
117.10000000000001 0 1.2 1.0 NULL
118.30000000000001 1 2.0 1.0 line
120.30000000000001 0 1.3 1.0 NULL
121.60000000000001 2 2.0 1.0 square
123.60000000000001 0 1.0 1.0 NULL
124.60000000000001 1 2.0 1.0 line
126.60000000000001 0 1.6 1.0 NULL
128.20000000000002 1 2.0 1.0 line
130.2 0 1.2 1.0 NULL
