0.0 0 1.5 1.0 NULL
1.5 2 2.0 1.0 square
3.5 0 1.0 1.0 NULL
4.5 1 2.0 1.0 line
6.5 0 1.6 1.0 NULL
8.1 1 2.0 1.0 line
10.1 0 1.0 1.0 NULL
11.1 1 2.0 1.0 line
13.1 0 1.7 1.0 NULL
14.799999999999999 2 2.0 1.0 square
16.799999999999997 0 1.0 1.0 NULL
17.799999999999997 1 2.0 1.0 line
19.799999999999997 0 1.3 1.0 NULL
21.099999999999998 1 2.0 1.0 line
23.099999999999998 0 1.8 1.0 NULL
24.9 1 2.0 1.0 line
26.9 0 1.3 1.0 NULL
28.2 2 2.0 1.0 square
30.2 0 1.2 1.0 NULL
31.4 1 2.0 1.0 line
33.4 0 1.1 1.0 NULL
34.5 1 2.0 1.0 line
36.5 0 1.0 1.0 NULL
37.5 1 2.0 1.0 line
39.5 0 1.0 1.0 NULL
40.5 2 2.0 1.0 square
42.5 0 1.4 1.0 NULL
43.9 1 2.0 1.0 line
45.9 0 1.0 1.0 NULL
46.9 2 2.0 1.0 square
48.9 0 1.1 1.0 NULL
50.0 2 2.0 1.0 square
52.0 0 1.4 1.0 NULL
53.4 2 2.0 1.0 square
55.4 0 1.3 1.0 NULL
56.699999999999996 2 2.0 1.0 square
58.699999999999996 0 1.3 1.0 NULL
59.99999999999999 2 2.0 1.0 square
61.99999999999999 0 1.1 1.0 NULL
63.099999999999994 1 2.0 1.0 line
65.1 0 1.3 1.0 NULL
66.39999999999999 2 2.0 1.0 square
68.39999999999999 0 1.5 1.0 NULL
69.89999999999999 2 2.0 1.0 square
71.89999999999999 0 1.3 1.0 NULL
73.19999999999999 1 2.0 1.0 line
75.19999999999999 0 1.1 1.0 NULL
76.29999999999998 1 2.0 1.0 line
78.30000000000001 0 1.0 1.0 NULL
79.30000000000001 1 2.0 1.0 line
81.30000000000001 0 2.0 1.0 NULL
83.30000000000001 1 2.0 1.0 line
85.30000000000001 0 1.0 1.0 NULL
86.30000000000001 2 2.0 1.0 square
88.30000000000001 0 1.0 1.0 NULL
89.30000000000001 2 2.0 1.0 square
91.30000000000001 0 1.7 1.0 NULL
93.00000000000001 1 2.0 1.0 line
95.00000000000001 0 1.8 1.0 NULL
96.80000000000001 2 2.0 1.0 square
98.80000000000001 0 1.1 1.0 NULL
99.9 2 2.0 1.0 square
101.9 0 1.3 1.0 NULL
103.2 1 2.0 1.0 line
105.19999999999999 0 1.0 1.0 NULL
106.19999999999999 2 2.0 1.0 square
108.19999999999999 0 1.0 1.0 NULL
109.19999999999999 2 2.0 1.0 square
111.19999999999999 0 1.0 1.0 NULL
112.19999999999999 2 2.0 1.0 square
114.19999999999999 0 1.5 1.0 NULL
115.69999999999999 1 2.0 1.0 line
117.69999999999999 0 1.4 1.0 NULL
119.1 2 2.0 1.0 square
121.1 0 1.2 1.0 NULL
122.3 1 2.0 1.0 line
124.3 0 1.2 1.0 NULL
125.5 2 2.0 1.0 square
127.5 0 1.0 1.0 NULL
128.5 1 2.0 1.0 line
130.5 0 1.0 1.0 NULL
