0.0 0 1.2 1.0 NULL
1.2 1 2.0 1.0 line
3.2 0 1.0 1.0 NULL
4.2 2 2.0 1.0 square
6.2 0 1.1 1.0 NULL
7.300000000000001 1 2.0 1.0 line
9.3 0 1.0 1.0 NULL
10.3 2 2.0 1.0 square
12.3 0 1.4 1.0 NULL
13.700000000000001 2 2.0 1.0 square
15.700000000000001 0 1.2 1.0 NULL
16.900000000000002 1 2.0 1.0 line
18.900000000000002 0 1.5 1.0 NULL
20.400000000000002 1 2.0 1.0 line
22.400000000000002 0 1.1 1.0 NULL
23.500000000000004 1 2.0 1.0 line
25.5 0 1.2 1.0 NULL
26.7 1 2.0 1.0 line
28.7 0 1.4 1.0 NULL
30.099999999999998 1 2.0 1.0 line
32.099999999999994 0 1.4 1.0 NULL
33.49999999999999 2 2.0 1.0 square
35.49999999999999 0 1.1 1.0 NULL
36.599999999999994 2 2.0 1.0 square
38.599999999999994 0 1.1 1.0 NULL
39.699999999999996 1 2.0 1.0 line
41.699999999999996 0 1.1 1.0 NULL
42.8 1 2.0 1.0 line
44.8 0 2.0 1.0 NULL
46.8 1 2.0 1.0 line
48.8 0 1.4 1.0 NULL
50.199999999999996 1 2.0 1.0 line
52.2 0 1.0 1.0 NULL
53.2 1 2.0 1.0 line
55.2 0 1.0 1.0 NULL
56.2 2 2.0 1.0 square
58.2 0 1.3 1.0 NULL
59.5 2 2.0 1.0 square
61.5 0 1.0 1.0 NULL
62.5 2 2.0 1.0 square
64.5 0 1.0 1.0 NULL
65.5 1 2.0 1.0 line
67.5 0 1.2 1.0 NULL
68.7 1 2.0 1.0 line
70.7 0 1.0 1.0 NULL
71.7 1 2.0 1.0 line
73.7 0 1.9 1.0 NULL
75.60000000000001 1 2.0 1.0 line
77.6 0 1.1 1.0 NULL
78.69999999999999 1 2.0 1.0 line
80.69999999999999 0 2.0 1.0 NULL
82.69999999999999 2 2.0 1.0 square
84.69999999999999 0 1.4 1.0 NULL
86.1 2 2.0 1.0 square
88.1 0 1.0 1.0 NULL
89.1 2 2.0 1.0 square
91.1 0 1.0 1.0 NULL
92.1 2 2.0 1.0 square
94.1 0 1.0 1.0 NULL
95.1 2 2.0 1.0 square
97.1 0 1.1 1.0 NULL
98.19999999999999 2 2.0 1.0 square
100.19999999999999 0 1.9 1.0 NULL
102.1 2 2.0 1.0 square
104.1 0 1.1 1.0 NULL
105.19999999999999 2 2.0 1.0 square
107.19999999999999 0 1.1 1.0 NULL
108.29999999999998 2 2.0 1.0 square
110.29999999999998 0 2.0 1.0 NULL
112.29999999999998 1 2.0 1.0 line
114.29999999999998 0 1.1 1.0 NULL
115.39999999999998 2 2.0 1.0 square
117.4 0 1.0 1.0 NULL
118.4 2 2.0 1.0 square
120.4 0 1.2 1.0 NULL
121.60000000000001 2 2.0 1.0 square
123.60000000000001 0 1.2 1.0 NULL
124.80000000000001 1 2.0 1.0 line
126.80000000000001 0 1.2 1.0 NULL
128.0 1 2.0 1.0 line
130.0 0 1.2 1.0 NULL
