0.0 0 1.7 1.0 NULL
1.7 1 2.0 1.0 line
3.7 0 1.1 1.0 NULL
4.800000000000001 2 2.0 1.0 square
6.800000000000001 0 1.1 1.0 NULL
7.9 1 2.0 1.0 line
9.9 0 1.1 1.0 NULL
11.0 1 2.0 1.0 line
13.0 0 1.6 1.0 NULL
14.6 1 2.0 1.0 line
16.6 0 1.0 1.0 NULL
17.6 1 2.0 1.0 line
19.6 0 1.2 1.0 NULL
20.8 1 2.0 1.0 line
22.8 0 1.1 1.0 NULL
23.900000000000002 2 2.0 1.0 square
25.9 0 1.1 1.0 NULL
27.0 2 2.0 1.0 square
29.0 0 1.0 1.0 NULL
30.0 1 2.0 1.0 line
32.0 0 1.7 1.0 NULL
33.7 2 2.0 1.0 square
35.7 0 1.0 1.0 NULL
36.7 1 2.0 1.0 line
38.7 0 1.6 1.0 NULL
40.300000000000004 2 2.0 1.0 square
42.300000000000004 0 1.5 1.0 NULL
43.800000000000004 1 2.0 1.0 line
45.800000000000004 0 1.0 1.0 NULL
46.800000000000004 1 2.0 1.0 line
48.800000000000004 0 1.0 1.0 NULL
49.800000000000004 1 2.0 1.0 line
51.8 0 1.3 1.0 NULL
53.099999999999994 2 2.0 1.0 square
55.099999999999994 0 1.1 1.0 NULL
56.199999999999996 1 2.0 1.0 line
58.199999999999996 0 1.5 1.0 NULL
59.699999999999996 1 2.0 1.0 line
61.699999999999996 0 1.0 1.0 NULL
62.699999999999996 2 2.0 1.0 square
64.7 0 1.9 1.0 NULL
66.60000000000001 2 2.0 1.0 square
68.60000000000001 0 1.7 1.0 NULL
70.30000000000001 2 2.0 1.0 square
72.30000000000001 0 1.1 1.0 NULL
73.4 2 2.0 1.0 square
75.4 0 1.0 1.0 NULL
76.4 2 2.0 1.0 square
78.39999999999999 0 1.5 1.0 NULL
79.89999999999999 2 2.0 1.0 square
81.89999999999999 0 1.0 1.0 NULL
82.89999999999999 1 2.0 1.0 line
84.89999999999999 0 1.4 1.0 NULL
86.3 1 2.0 1.0 line
88.3 0 1.3 1.0 NULL
89.6 2 2.0 1.0 square
91.6 0 1.0 1.0 NULL
92.6 2 2.0 1.0 square
94.6 0 1.9 1.0 NULL
96.5 2 2.0 1.0 square
98.5 0 1.2 1.0 NULL
99.7 1 2.0 1.0 line
101.7 0 1.2 1.0 NULL
102.9 1 2.0 1.0 line
104.9 0 1.0 1.0 NULL
105.9 2 2.0 1.0 square
107.9 0 1.6 1.0 NULL
109.5 2 2.0 1.0 square
111.5 0 1.3 1.0 NULL
112.8 2 2.0 1.0 square
114.8 0 1.0 1.0 NULL
115.8 2 2.0 1.0 square
117.8 0 1.2 1.0 NULL
119.0 2 2.0 1.0 square
121.0 0 1.1 1.0 NULL
122.1 1 2.0 1.0 line
124.1 0 1.1 1.0 NULL
125.19999999999999 1 2.0 1.0 line
127.19999999999999 0 1.1 1.0 NULL
128.29999999999998 1 2.0 1.0 line
130.3 0 1.4 1.0 NULL
