0.0 0 1.6 1.0 NULL
1.6 2 2.0 1.0 square
3.6 0 1.2 1.0 NULL
4.8 1 2.0 1.0 line
6.8 0 1.9 1.0 NULL
8.7 2 2.0 1.0 square
10.7 0 1.1 1.0 NULL
11.799999999999999 1 2.0 1.0 line
13.8 0 1.1 1.0 NULL
14.9 2 2.0 1.0 square
16.9 0 1.1 1.0 NULL
18.0 1 2.0 1.0 line
20.0 0 1.0 1.0 NULL
21.0 1 2.0 1.0 line
23.0 0 1.3 1.0 NULL
24.3 1 2.0 1.0 line
26.3 0 2.0 1.0 NULL
28.3 1 2.0 1.0 line
30.3 0 1.0 1.0 NULL
31.3 2 2.0 1.0 square
33.3 0 1.2 1.0 NULL
34.5 2 2.0 1.0 square
36.5 0 1.2 1.0 NULL
37.7 2 2.0 1.0 square
39.7 0 1.8 1.0 NULL
41.5 2 2.0 1.0 square
43.5 0 1.1 1.0 NULL
44.6 2 2.0 1.0 square
46.6 0 1.4 1.0 NULL
48.0 2 2.0 1.0 square
50.0 0 1.1 1.0 NULL
51.1 2 2.0 1.0 square
53.1 0 1.5 1.0 NULL
54.6 1 2.0 1.0 line
56.6 0 1.0 1.0 NULL
57.6 1 2.0 1.0 line
59.6 0 1.4 1.0 NULL
61.0 1 2.0 1.0 line
63.0 0 1.1 1.0 NULL
64.1 2 2.0 1.0 square
66.1 0 1.1 1.0 NULL
67.19999999999999 1 2.0 1.0 line
69.19999999999999 0 1.6 1.0 NULL
70.79999999999998 2 2.0 1.0 square
72.79999999999998 0 1.0 1.0 NULL
73.79999999999998 1 2.0 1.0 line
75.79999999999998 0 1.3 1.0 NULL
77.09999999999998 2 2.0 1.0 square
79.1 0 1.6 1.0 NULL
80.69999999999999 1 2.0 1.0 line
82.69999999999999 0 1.2 1.0 NULL
83.89999999999999 2 2.0 1.0 square
85.89999999999999 0 1.4 1.0 NULL
87.3 2 2.0 1.0 square
89.3 0 1.0 1.0 NULL
90.3 1 2.0 1.0 line
92.30000000000001 0 1.0 1.0 NULL
93.30000000000001 2 2.0 1.0 square
95.30000000000001 0 1.3 1.0 NULL
96.60000000000001 2 2.0 1.0 square
98.60000000000001 0 1.3 1.0 NULL
99.9 1 2.0 1.0 line
101.9 0 1.1 1.0 NULL
103.0 1 2.0 1.0 line
105.0 0 1.1 1.0 NULL
106.1 2 2.0 1.0 square
108.1 0 1.7 1.0 NULL
109.8 1 2.0 1.0 line
111.8 0 1.3 1.0 NULL
113.1 2 2.0 1.0 square
115.1 0 1.2 1.0 NULL
116.3 1 2.0 1.0 line
118.3 0 1.1 1.0 NULL
119.39999999999999 1 2.0 1.0 line
121.39999999999999 0 1.2 1.0 NULL
122.6 2 2.0 1.0 square
124.6 0 1.0 1.0 NULL
125.6 1 2.0 1.0 line
127.6 0 1.0 1.0 NULL
128.6 1 2.0 1.0 line
130.60000000000002 0 1.0 1.0 NULL
