0.0 0 1.0 1.0 NULL
1.0 2 2.0 1.0 square
3.0 0 1.1 1.0 NULL
4.1 1 2.0 1.0 line
6.1 0 1.0 1.0 NULL
7.1 2 2.0 1.0 square
9.1 0 1.5 1.0 NULL
10.6 1 2.0 1.0 line
12.6 0 1.4 1.0 NULL
14.0 1 2.0 1.0 line
16.0 0 1.0 1.0 NULL
17.0 2 2.0 1.0 square
19.0 0 1.2 1.0 NULL
20.2 1 2.0 1.0 line
22.2 0 1.3 1.0 NULL
23.5 1 2.0 1.0 line
25.5 0 1.3 1.0 NULL
26.8 2 2.0 1.0 square
28.8 0 2.0 1.0 NULL
30.8 1 2.0 1.0 line
32.8 0 1.0 1.0 NULL
33.8 2 2.0 1.0 square
35.8 0 1.0 1.0 NULL
36.8 2 2.0 1.0 square
38.8 0 1.1 1.0 NULL
39.9 2 2.0 1.0 square
41.9 0 1.0 1.0 NULL
42.9 1 2.0 1.0 line
44.9 0 1.0 1.0 NULL
45.9 2 2.0 1.0 square
47.9 0 1.0 1.0 NULL
48.9 1 2.0 1.0 line
50.9 0 1.6 1.0 NULL
52.5 1 2.0 1.0 line
54.5 0 1.3 1.0 NULL
55.8 1 2.0 1.0 line
57.8 0 1.4 1.0 NULL
59.199999999999996 2 2.0 1.0 square
61.199999999999996 0 1.1 1.0 NULL
62.3 1 2.0 1.0 line
64.3 0 2.0 1.0 NULL
66.3 1 2.0 1.0 line
68.3 0 1.0 1.0 NULL
69.3 2 2.0 1.0 square
71.3 0 1.0 1.0 NULL
72.3 2 2.0 1.0 square
74.3 0 1.4 1.0 NULL
75.7 2 2.0 1.0 square
77.7 0 1.1 1.0 NULL
78.8 2 2.0 1.0 square
80.8 0 1.9 1.0 NULL
82.7 1 2.0 1.0 line
84.7 0 1.1 1.0 NULL
85.8 1 2.0 1.0 line
87.8 0 1.2 1.0 NULL
89.0 2 2.0 1.0 square
91.0 0 2.0 1.0 NULL
93.0 2 2.0 1.0 square
95.0 0 1.4 1.0 NULL
96.4 2 2.0 1.0 square
98.4 0 1.2 1.0 NULL
99.60000000000001 1 2.0 1.0 line
101.60000000000001 0 1.1 1.0 NULL
102.7 2 2.0 1.0 square
104.7 0 1.0 1.0 NULL
105.7 1 2.0 1.0 line
107.7 0 1.0 1.0 NULL
108.7 1 2.0 1.0 line
110.7 0 1.7 1.0 NULL
112.4 2 2.0 1.0 square
114.4 0 1.1 1.0 NULL
115.5 1 2.0 1.0 line
117.5 0 1.2 1.0 NULL
118.7 1 2.0 1.0 line
120.7 0 1.0 1.0 NULL
121.7 2 2.0 1.0 square
123.7 0 1.2 1.0 NULL
124.9 1 2.0 1.0 line
126.9 0 1.1 1.0 NULL
128.0 2 2.0 1.0 square
130.0 0 1.0 1.0 NULL
