0.0 0 1.4 1.0 NULL
1.4 2 2.0 1.0 square
3.4 0 1.0 1.0 NULL
4.4 2 2.0 1.0 square
6.4 0 1.4 1.0 NULL
7.800000000000001 1 2.0 1.0 line
9.8 0 1.3 1.0 NULL
11.100000000000001 1 2.0 1.0 line
13.1 0 1.7 1.0 NULL
14.799999999999999 1 2.0 1.0 line
16.799999999999997 0 1.1 1.0 NULL
17.9 1 2.0 1.0 line
19.9 0 1.0 1.0 NULL
20.9 2 2.0 1.0 square
22.9 0 1.0 1.0 NULL
23.9 1 2.0 1.0 line
25.9 0 1.6 1.0 NULL
27.5 2 2.0 1.0 square
29.5 0 1.0 1.0 NULL
30.5 2 2.0 1.0 square
32.5 0 1.7 1.0 NULL
34.2 1 2.0 1.0 line
36.2 0 1.1 1.0 NULL
37.300000000000004 1 2.0 1.0 line
39.3 0 1.3 1.0 NULL
40.599999999999994 2 2.0 1.0 square
42.599999999999994 0 1.2 1.0 NULL
43.8 2 2.0 1.0 square
45.8 0 1.9 1.0 NULL
47.699999999999996 2 2.0 1.0 square
49.699999999999996 0 1.6 1.0 NULL
51.3 1 2.0 1.0 line
53.3 0 1.0 1.0 NULL
54.3 1 2.0 1.0 line
56.3 0 1.6 1.0 NULL
57.9 1 2.0 1.0 line
59.9 0 1.1 1.0 NULL
61.0 2 2.0 1.0 square
63.0 0 1.2 1.0 NULL
64.2 1 2.0 1.0 line
66.19999999999999 0 1.0 1.0 NULL
67.19999999999999 2 2.0 1.0 square
69.19999999999999 0 1.4 1.0 NULL
70.6 2 2.0 1.0 square
72.6 0 1.3 1.0 NULL
73.89999999999999 2 2.0 1.0 square
75.89999999999999 0 1.1 1.0 NULL
76.99999999999999 2 2.0 1.0 square
79.0 0 1.2 1.0 NULL
80.2 2 2.0 1.0 square
82.2 0 1.7 1.0 NULL
83.9 2 2.0 1.0 square
85.9 0 1.0 1.0 NULL
86.9 1 2.0 1.0 line
88.9 0 1.1 1.0 NULL
90.0 1 2.0 1.0 line
92.0 0 1.1 1.0 NULL
93.1 2 2.0 1.0 square
95.1 0 1.1 1.0 NULL
96.19999999999999 1 2.0 1.0 line
98.19999999999999 0 1.4 1.0 NULL
99.6 2 2.0 1.0 square
101.6 0 1.0 1.0 NULL
102.6 1 2.0 1.0 line
104.6 0 1.0 1.0 NULL
105.6 1 2.0 1.0 line
107.6 0 1.0 1.0 NULL
108.6 1 2.0 1.0 line
110.6 0 1.1 1.0 NULL
111.69999999999999 1 2.0 1.0 line
113.69999999999999 0 1.5 1.0 NULL
115.19999999999999 2 2.0 1.0 square
117.19999999999999 0 2.0 1.0 NULL
119.19999999999999 2 2.0 1.0 square
121.19999999999999 0 1.0 1.0 NULL
122.19999999999999 2 2.0 1.0 square
124.19999999999999 0 1.0 1.0 NULL
125.19999999999999 1 2.0 1.0 line
127.19999999999999 0 1.1 1.0 NULL
128.29999999999998 1 2.0 1.0 line
130.3 0 1.1 1.0 NULL
