0.0 0 1.9 1.0 NULL
1.9 2 2.0 1.0 square
3.9 0 1.1 1.0 NULL
5.0 1 2.0 1.0 line
7.0 0 1.0 1.0 NULL
8.0 2 2.0 1.0 square
10.0 0 1.0 1.0 NULL
11.0 2 2.0 1.0 square
13.0 0 1.4 1.0 NULL
14.4 2 2.0 1.0 square
16.4 0 1.5 1.0 NULL
17.9 2 2.0 1.0 square
19.9 0 1.1 1.0 NULL
21.0 2 2.0 1.0 square
23.0 0 1.0 1.0 NULL
24.0 2 2.0 1.0 square
26.0 0 1.5 1.0 NULL
27.5 1 2.0 1.0 line
29.5 0 1.0 1.0 NULL
30.5 1 2.0 1.0 line
32.5 0 1.4 1.0 NULL
33.9 2 2.0 1.0 square
35.9 0 1.0 1.0 NULL
36.9 1 2.0 1.0 line
38.9 0 1.5 1.0 NULL
40.4 1 2.0 1.0 line
42.4 0 1.3 1.0 NULL
43.699999999999996 2 2.0 1.0 square
45.699999999999996 0 1.0 1.0 NULL
46.699999999999996 2 2.0 1.0 square
48.699999999999996 0 1.0 1.0 NULL
49.699999999999996 2 2.0 1.0 square
51.7 0 1.4 1.0 NULL
53.1 2 2.0 1.0 square
55.1 0 1.3 1.0 NULL
56.4 1 2.0 1.0 line
58.4 0 1.4 1.0 NULL
59.8 1 2.0 1.0 line
61.8 0 1.1 1.0 NULL
62.9 1 2.0 1.0 line
64.9 0 1.8 1.0 NULL
66.7 2 2.0 1.0 square
68.7 0 1.9 1.0 NULL
70.60000000000001 1 2.0 1.0 line
72.60000000000001 0 1.1 1.0 NULL
73.7 2 2.0 1.0 square
75.7 0 2.0 1.0 NULL
77.7 1 2.0 1.0 line
79.7 0 1.0 1.0 NULL
80.7 2 2.0 1.0 square
82.7 0 1.0 1.0 NULL
83.7 1 2.0 1.0 line
85.7 0 1.3 1.0 NULL
87.0 1 2.0 1.0 line
89.0 0 1.0 1.0 NULL
90.0 1 2.0 1.0 line
92.0 0 1.2 1.0 NULL
93.2 2 2.0 1.0 square
95.2 0 1.0 1.0 NULL
96.2 1 2.0 1.0 line
98.2 0 1.0 1.0 NULL
99.2 1 2.0 1.0 line
101.2 0 1.5 1.0 NULL
102.7 2 2.0 1.0 square
104.7 0 1.1 1.0 NULL
105.8 1 2.0 1.0 line
107.8 0 1.2 1.0 NULL
109.0 1 2.0 1.0 line
111.0 0 1.1 1.0 NULL
112.1 2 2.0 1.0 square
114.1 0 1.3 1.0 NULL
115.39999999999999 1 2.0 1.0 line
117.39999999999999 0 1.1 1.0 NULL
118.49999999999999 2 2.0 1.0 square
120.49999999999999 0 1.3 1.0 NULL
121.79999999999998 1 2.0 1.0 line
123.79999999999998 0 1.6 1.0 NULL
125.39999999999998 2 2.0 1.0 square
127.39999999999998 0 1.3 1.0 NULL
128.7 1 2.0 1.0 line
130.7 0 1.2 1.0 NULL
