0.0 0 1.3 1.0 NULL
1.3 1 2.0 1.0 line
3.3 0 1.0 1.0 NULL
4.3 1 2.0 1.0 line
6.3 0 1.0 1.0 NULL
7.3 2 2.0 1.0 square
9.3 0 1.0 1.0 NULL
10.3 1 2.0 1.0 line
12.3 0 1.1 1.0 NULL
13.4 1 2.0 1.0 line
15.4 0 1.1 1.0 NULL
16.5 1 2.0 1.0 line
18.5 0 1.0 1.0 NULL
19.5 1 2.0 1.0 line
21.5 0 1.9 1.0 NULL
23.4 1 2.0 1.0 line
25.4 0 1.0 1.0 NULL
26.4 2 2.0 1.0 square
28.4 0 1.0 1.0 NULL
29.4 1 2.0 1.0 line
31.4 0 1.5 1.0 NULL
32.9 1 2.0 1.0 line
34.9 0 1.0 1.0 NULL
35.9 2 2.0 1.0 square
37.9 0 1.1 1.0 NULL
39.0 1 2.0 1.0 line
41.0 0 1.0 1.0 NULL
42.0 2 2.0 1.0 square
44.0 0 1.5 1.0 NULL
45.5 2 2.0 1.0 square
47.5 0 1.2 1.0 NULL
48.7 2 2.0 1.0 square
50.7 0 1.5 1.0 NULL
52.2 2 2.0 1.0 square
54.2 0 1.0 1.0 NULL
55.2 2 2.0 1.0 square
57.2 0 1.2 1.0 NULL
58.400000000000006 1 2.0 1.0 line
60.400000000000006 0 1.2 1.0 NULL
61.60000000000001 2 2.0 1.0 square
63.6 0 1.2 1.0 NULL
64.8 2 2.0 1.0 square
66.8 0 1.3 1.0 NULL
68.1 1 2.0 1.0 line
70.1 0 1.9 1.0 NULL
72.0 1 2.0 1.0 line
74.0 0 1.7 1.0 NULL
75.7 2 2.0 1.0 square
77.69999999999999 0 1.3 1.0 NULL
78.99999999999999 2 2.0 1.0 square
80.99999999999999 0 1.0 1.0 NULL
81.99999999999999 2 2.0 1.0 square
83.99999999999999 0 1.0 1.0 NULL
84.99999999999999 1 2.0 1.0 line
86.99999999999999 0 1.8 1.0 NULL
88.79999999999998 2 2.0 1.0 square
90.80000000000001 0 1.0 1.0 NULL
91.80000000000001 1 2.0 1.0 line
93.80000000000001 0 1.3 1.0 NULL
95.10000000000001 2 2.0 1.0 square
97.10000000000001 0 1.0 1.0 NULL
98.10000000000001 2 2.0 1.0 square
100.10000000000001 0 1.6 1.0 NULL
101.7 1 2.0 1.0 line
103.7 0 1.1 1.0 NULL
104.8 1 2.0 1.0 line
106.8 0 1.1 1.0 NULL
107.89999999999999 2 2.0 1.0 square
109.89999999999999 0 2.0 1.0 NULL
111.89999999999999 2 2.0 1.0 square
113.89999999999999 0 1.2 1.0 NULL
115.1 1 2.0 1.0 line
117.1 0 1.3 1.0 NULL
118.39999999999999 1 2.0 1.0 line
120.39999999999999 0 1.1 1.0 NULL
121.49999999999999 1 2.0 1.0 line
123.49999999999999 0 1.1 1.0 NULL
124.59999999999998 2 2.0 1.0 square
126.59999999999998 0 1.7 1.0 NULL
128.29999999999998 2 2.0 1.0 square
130.3 0 1.0 1.0 NULL
