0.0 0 1.7 1.0 NULL
1.7 1 2.0 1.0 line
3.7 0 1.0 1.0 NULL
4.7 1 2.0 1.0 line
6.7 0 1.2 1.0 NULL
7.9 1 2.0 1.0 line
9.9 0 1.4 1.0 NULL
11.3 1 2.0 1.0 line
13.3 0 1.4 1.0 NULL
14.700000000000001 1 2.0 1.0 line
16.700000000000003 0 1.4 1.0 NULL
18.1 1 2.0 1.0 line
20.1 0 1.1 1.0 NULL
21.200000000000003 1 2.0 1.0 line
23.200000000000003 0 1.0 1.0 NULL
24.200000000000003 1 2.0 1.0 line
26.2 0 1.7 1.0 NULL
27.9 1 2.0 1.0 line
29.9 0 1.2 1.0 NULL
31.099999999999998 1 2.0 1.0 line
33.099999999999994 0 1.0 1.0 NULL
34.099999999999994 1 2.0 1.0 line
36.099999999999994 0 1.0 1.0 NULL
37.099999999999994 1 2.0 1.0 line
39.1 0 1.3 1.0 NULL
40.4 1 2.0 1.0 line
42.4 0 1.2 1.0 NULL
43.6 1 2.0 1.0 line
45.6 0 1.0 1.0 NULL
46.6 1 2.0 1.0 line
48.6 0 1.3 1.0 NULL
49.9 1 2.0 1.0 line
51.9 0 1.0 1.0 NULL
52.9 1 2.0 1.0 line
54.9 0 1.0 1.0 NULL
55.9 1 2.0 1.0 line
57.9 0 2.0 1.0 NULL
59.9 1 2.0 1.0 line
61.9 0 1.0 1.0 NULL
62.9 1 2.0 1.0 line
64.9 0 1.4 1.0 NULL
66.30000000000001 1 2.0 1.0 line
68.30000000000001 0 1.7 1.0 NULL
70.00000000000001 1 2.0 1.0 line
72.00000000000001 0 1.0 1.0 NULL
73.00000000000001 1 2.0 1.0 line
75.00000000000001 0 1.2 1.0 NULL
76.20000000000002 1 2.0 1.0 line
78.2 0 1.1 1.0 NULL
79.3 1 2.0 1.0 line
81.3 0 1.1 1.0 NULL
82.39999999999999 1 2.0 1.0 line
84.39999999999999 0 1.4 1.0 NULL
85.8 1 2.0 1.0 line
87.8 0 1.2 1.0 NULL
89.0 1 2.0 1.0 line
91.0 0 2.0 1.0 NULL
93.0 1 2.0 1.0 line
95.0 0 1.1 1.0 NULL
96.1 1 2.0 1.0 line
98.1 0 1.4 1.0 NULL
99.5 1 2.0 1.0 line
101.5 0 1.0 1.0 NULL
102.5 1 2.0 1.0 line
104.5 0 2.0 1.0 NULL
106.5 1 2.0 1.0 line
108.5 0 1.1 1.0 NULL
109.6 1 2.0 1.0 line
111.6 0 1.3 1.0 NULL
112.89999999999999 1 2.0 1.0 line
114.89999999999999 0 1.1 1.0 NULL
115.99999999999999 1 2.0 1.0 line
118.0 0 1.2 1.0 NULL
119.2 1 2.0 1.0 line
121.2 0 1.3 1.0 NULL
122.5 1 2.0 1.0 line
124.5 0 1.1 1.0 NULL
125.6 1 2.0 1.0 line
127.6 0 1.0 1.0 NULL
128.6 1 2.0 1.0 line
130.60000000000002 0 1.1 1.0 NULL
