0.0 0 1.2 1.0 NULL
1.2 1 2.0 1.0 line
3.2 0 1.3 1.0 NULL
4.5 1 2.0 1.0 line
6.5 0 1.1 1.0 NULL
7.6 1 2.0 1.0 line
9.6 0 1.0 1.0 NULL
10.6 1 2.0 1.0 line
12.6 0 1.2 1.0 NULL
13.799999999999999 1 2.0 1.0 line
15.799999999999999 0 1.2 1.0 NULL
17.0 1 2.0 1.0 line
19.0 0 1.1 1.0 NULL
20.1 1 2.0 1.0 line
22.1 0 1.0 1.0 NULL
23.1 1 2.0 1.0 line
25.1 0 1.0 1.0 NULL
26.1 1 2.0 1.0 line
28.1 0 1.6 1.0 NULL
29.700000000000003 1 2.0 1.0 line
31.700000000000003 0 1.0 1.0 NULL
32.7 1 2.0 1.0 line
34.7 0 1.3 1.0 NULL
36.0 1 2.0 1.0 line
38.0 0 1.0 1.0 NULL
39.0 1 2.0 1.0 line
41.0 0 1.1 1.0 NULL
42.1 1 2.0 1.0 line
44.1 0 2.0 1.0 NULL
46.1 1 2.0 1.0 line
48.1 0 1.2 1.0 NULL
49.300000000000004 1 2.0 1.0 line
51.3 0 1.2 1.0 NULL
52.5 1 2.0 1.0 line
54.5 0 1.5 1.0 NULL
56.0 1 2.0 1.0 line
58.0 0 1.0 1.0 NULL
59.0 1 2.0 1.0 line
61.0 0 1.4 1.0 NULL
62.4 1 2.0 1.0 line
64.4 0 1.5 1.0 NULL
65.9 1 2.0 1.0 line
67.9 0 1.2 1.0 NULL
69.10000000000001 1 2.0 1.0 line
71.10000000000001 0 1.0 1.0 NULL
72.10000000000001 1 2.0 1.0 line
74.10000000000001 0 1.2 1.0 NULL
75.30000000000001 1 2.0 1.0 line
77.3 0 1.3 1.0 NULL
78.6 1 2.0 1.0 line
80.6 0 1.0 1.0 NULL
81.6 1 2.0 1.0 line
83.6 0 1.9 1.0 NULL
85.5 1 2.0 1.0 line
87.5 0 1.7 1.0 NULL
89.2 1 2.0 1.0 line
91.2 0 1.0 1.0 NULL
92.2 1 2.0 1.0 line
94.2 0 1.1 1.0 NULL
95.3 1 2.0 1.0 line
97.3 0 1.0 1.0 NULL
98.3 1 2.0 1.0 line
100.3 0 1.7 1.0 NULL
102.0 1 2.0 1.0 line
104.0 0 1.0 1.0 NULL
105.0 1 2.0 1.0 line
107.0 0 1.7 1.0 NULL
108.7 1 2.0 1.0 line
110.7 0 1.1 1.0 NULL
111.8 1 2.0 1.0 line
113.8 0 1.9 1.0 NULL
115.7 1 2.0 1.0 line
117.69999999999999 0 1.3 1.0 NULL
118.99999999999999 1 2.0 1.0 line
120.99999999999999 0 1.0 1.0 NULL
121.99999999999999 1 2.0 1.0 line
123.99999999999999 0 1.0 1.0 NULL
124.99999999999999 1 2.0 1.0 line
126.99999999999999 0 1.2 1.0 NULL
128.2 1 2.0 1.0 line
130.20000000000002 0 1.0 1.0 NULL
