0.0 0 1.0 1.0 NULL
1.0 1 2.0 1.0 line
3.0 0 1.1 1.0 NULL
4.1 1 2.0 1.0 line
6.1 0 1.4 1.0 NULL
7.5 1 2.0 1.0 line
9.5 0 1.1 1.0 NULL
10.6 1 2.0 1.0 line
12.6 0 1.0 1.0 NULL
13.6 1 2.0 1.0 line
15.6 0 1.2 1.0 NULL
16.8 1 2.0 1.0 line
18.8 0 1.3 1.0 NULL
20.1 1 2.0 1.0 line
22.1 0 1.1 1.0 NULL
23.200000000000003 1 2.0 1.0 line
25.200000000000003 0 1.9 1.0 NULL
27.1 1 2.0 1.0 line
29.1 0 1.9 1.0 NULL
31.0 1 2.0 1.0 line
33.0 0 1.0 1.0 NULL
34.0 1 2.0 1.0 line
36.0 0 1.1 1.0 NULL
37.1 1 2.0 1.0 line
39.1 0 1.1 1.0 NULL
40.2 1 2.0 1.0 line
42.2 0 2.0 1.0 NULL
44.2 1 2.0 1.0 line
46.2 0 1.0 1.0 NULL
47.2 1 2.0 1.0 line
49.2 0 1.3 1.0 NULL
50.5 1 2.0 1.0 line
52.5 0 1.0 1.0 NULL
53.5 1 2.0 1.0 line
55.5 0 1.1 1.0 NULL
56.6 1 2.0 1.0 line
58.6 0 1.4 1.0 NULL
60.0 1 2.0 1.0 line
62.0 0 1.6 1.0 NULL
63.6 1 2.0 1.0 line
65.6 0 1.0 1.0 NULL
66.6 1 2.0 1.0 line
68.6 0 1.0 1.0 NULL
69.6 1 2.0 1.0 line
71.6 0 1.9 1.0 NULL
73.5 1 2.0 1.0 line
75.5 0 1.3 1.0 NULL
76.8 1 2.0 1.0 line
78.8 0 1.2 1.0 NULL
80.0 1 2.0 1.0 line
82.0 0 1.0 1.0 NULL
83.0 1 2.0 1.0 line
85.0 0 1.2 1.0 NULL
86.2 1 2.0 1.0 line
88.2 0 1.0 1.0 NULL
89.2 1 2.0 1.0 line
91.2 0 2.0 1.0 NULL
93.2 1 2.0 1.0 line
95.2 0 1.0 1.0 NULL
96.2 1 2.0 1.0 line
98.2 0 1.2 1.0 NULL
99.4 1 2.0 1.0 line
101.4 0 1.0 1.0 NULL
102.4 1 2.0 1.0 line
104.4 0 1.0 1.0 NULL
105.4 1 2.0 1.0 line
107.4 0 1.1 1.0 NULL
108.5 1 2.0 1.0 line
110.5 0 1.3 1.0 NULL
111.8 1 2.0 1.0 line
113.8 0 1.3 1.0 NULL
115.1 1 2.0 1.0 line
117.1 0 1.0 1.0 NULL
118.1 1 2.0 1.0 line
120.1 0 1.5 1.0 NULL
121.6 1 2.0 1.0 line
123.6 0 1.2 1.0 NULL
124.8 1 2.0 1.0 line
126.8 0 1.2 1.0 NULL
128.0 1 2.0 1.0 line
130.0 0 1.0 1.0 NULL
