0.0 0 1.6 1.0 NULL
1.6 1 2.0 1.0 line
3.6 0 1.0 1.0 NULL
4.6 1 2.0 1.0 line
6.6 0 1.9 1.0 NULL
8.5 1 2.0 1.0 line
10.5 0 1.0 1.0 NULL
11.5 1 2.0 1.0 line
13.5 0 1.0 1.0 NULL
14.5 1 2.0 1.0 line
16.5 0 1.4 1.0 NULL
17.9 1 2.0 1.0 line
19.9 0 1.3 1.0 NULL
21.2 1 2.0 1.0 line
23.2 0 1.0 1.0 NULL
24.2 1 2.0 1.0 line
26.2 0 1.2 1.0 NULL
27.4 1 2.0 1.0 line
29.4 0 1.0 1.0 NULL
30.4 1 2.0 1.0 line
32.4 0 1.4 1.0 NULL
33.8 1 2.0 1.0 line
35.8 0 1.6 1.0 NULL
37.4 1 2.0 1.0 line
39.400000000000006 0 1.0 1.0 NULL
40.400000000000006 1 2.0 1.0 line
42.400000000000006 0 1.1 1.0 NULL
43.50000000000001 1 2.0 1.0 line
45.50000000000001 0 1.2 1.0 NULL
46.70000000000001 1 2.0 1.0 line
48.70000000000001 0 1.1 1.0 NULL
49.80000000000001 1 2.0 1.0 line
51.8 0 1.1 1.0 NULL
52.9 1 2.0 1.0 line
54.9 0 1.5 1.0 NULL
56.4 1 2.0 1.0 line
58.4 0 1.0 1.0 NULL
59.4 1 2.0 1.0 line
61.4 0 1.1 1.0 NULL
62.5 1 2.0 1.0 line
64.5 0 1.1 1.0 NULL
65.6 1 2.0 1.0 line
67.6 0 1.6 1.0 NULL
69.19999999999999 1 2.0 1.0 line
71.19999999999999 0 1.3 1.0 NULL
72.49999999999999 1 2.0 1.0 line
74.49999999999999 0 2.0 1.0 NULL
76.49999999999999 1 2.0 1.0 line
78.5 0 1.0 1.0 NULL
79.5 1 2.0 1.0 line
81.5 0 1.0 1.0 NULL
82.5 1 2.0 1.0 line
84.5 0 2.0 1.0 NULL
86.5 1 2.0 1.0 line
88.5 0 1.1 1.0 NULL
89.6 1 2.0 1.0 line
91.6 0 1.7 1.0 NULL
93.3 1 2.0 1.0 line
95.3 0 1.0 1.0 NULL
96.3 1 2.0 1.0 line
98.3 0 1.0 1.0 NULL
99.3 1 2.0 1.0 line
101.3 0 1.7 1.0 NULL
103.0 1 2.0 1.0 line
105.0 0 1.0 1.0 NULL
106.0 1 2.0 1.0 line
108.0 0 1.1 1.0 NULL
109.1 1 2.0 1.0 line
111.1 0 1.0 1.0 NULL
112.1 1 2.0 1.0 line
114.1 0 1.8 1.0 NULL
115.89999999999999 1 2.0 1.0 line
117.9 0 1.0 1.0 NULL
118.9 1 2.0 1.0 line
120.9 0 1.1 1.0 NULL
122.0 1 2.0 1.0 line
124.0 0 1.3 1.0 NULL
125.3 1 2.0 1.0 line
127.3 0 1.2 1.0 NULL
128.5 1 2.0 1.0 line
130.5 0 1.1 1.0 NULL
