0.0 0 1.2 1.0 NULL
1.2 1 2.0 1.0 line
3.2 0 1.2 1.0 NULL
4.4 1 2.0 1.0 line
6.4 0 1.5 1.0 NULL
7.9 1 2.0 1.0 line
9.9 0 1.0 1.0 NULL
10.9 1 2.0 1.0 line
12.9 0 1.1 1.0 NULL
14.0 1 2.0 1.0 line
16.0 0 1.0 1.0 NULL
17.0 1 2.0 1.0 line
19.0 0 1.9 1.0 NULL
20.9 1 2.0 1.0 line
22.9 0 1.3 1.0 NULL
24.2 1 2.0 1.0 line
26.2 0 1.0 1.0 NULL
27.2 1 2.0 1.0 line
29.2 0 1.3 1.0 NULL
30.5 1 2.0 1.0 line
32.5 0 1.2 1.0 NULL
33.7 1 2.0 1.0 line
35.7 0 1.1 1.0 NULL
36.800000000000004 1 2.0 1.0 line
38.8 0 1.0 1.0 NULL
39.8 1 2.0 1.0 line
41.8 0 1.0 1.0 NULL
42.8 1 2.0 1.0 line
44.8 0 1.0 1.0 NULL
45.8 1 2.0 1.0 line
47.8 0 2.0 1.0 NULL
49.8 1 2.0 1.0 line
51.8 0 1.0 1.0 NULL
52.8 1 2.0 1.0 line
54.8 0 1.6 1.0 NULL
56.4 1 2.0 1.0 line
58.4 0 1.3 1.0 NULL
59.699999999999996 1 2.0 1.0 line
61.699999999999996 0 1.3 1.0 NULL
62.99999999999999 1 2.0 1.0 line
65.0 0 1.3 1.0 NULL
66.3 1 2.0 1.0 line
68.3 0 1.2 1.0 NULL
69.5 1 2.0 1.0 line
71.5 0 1.1 1.0 NULL
72.6 1 2.0 1.0 line
74.6 0 1.0 1.0 NULL
75.6 1 2.0 1.0 line
77.60000000000001 0 1.0 1.0 NULL
78.60000000000001 1 2.0 1.0 line
80.60000000000001 0 1.1 1.0 NULL
81.7 1 2.0 1.0 line
83.7 0 1.8 1.0 NULL
85.5 1 2.0 1.0 line
87.5 0 1.0 1.0 NULL
88.5 1 2.0 1.0 line
90.5 0 1.6 1.0 NULL
92.1 1 2.0 1.0 line
94.1 0 1.6 1.0 NULL
95.69999999999999 1 2.0 1.0 line
97.69999999999999 0 1.0 1.0 NULL
98.69999999999999 1 2.0 1.0 line
100.69999999999999 0 1.1 1.0 NULL
101.79999999999998 1 2.0 1.0 line
103.8 0 1.9 1.0 NULL
105.7 1 2.0 1.0 line
107.7 0 2.0 1.0 NULL
109.7 1 2.0 1.0 line
111.7 0 1.0 1.0 NULL
112.7 1 2.0 1.0 line
114.7 0 1.0 1.0 NULL
115.7 1 2.0 1.0 line
117.69999999999999 0 1.0 1.0 NULL
118.69999999999999 1 2.0 1.0 line
120.69999999999999 0 1.1 1.0 NULL
121.79999999999998 1 2.0 1.0 line
123.79999999999998 0 1.2 1.0 NULL
124.99999999999999 1 2.0 1.0 line
126.99999999999999 0 1.0 1.0 NULL
127.99999999999999 1 2.0 1.0 line
130.0 0 1.2 1.0 NULL
