0.0 0 1.2 1.0 NULL
1.2 1 2.0 1.0 line
3.2 0 1.2 1.0 NULL
4.4 1 2.0 1.0 line
6.4 0 1.1 1.0 NULL
7.5 1 2.0 1.0 line
9.5 0 1.1 1.0 NULL
10.6 1 2.0 1.0 line
12.600000000000001 0 1.6 1.0 NULL
14.200000000000001 1 2.0 1.0 line
16.200000000000003 0 1.0 1.0 NULL
17.200000000000003 1 2.0 1.0 line
19.200000000000003 0 2.0 1.0 NULL
21.200000000000003 1 2.0 1.0 line
23.200000000000003 0 1.0 1.0 NULL
24.200000000000003 1 2.0 1.0 line
26.2 0 1.2 1.0 NULL
27.4 1 2.0 1.0 line
29.4 0 1.6 1.0 NULL
31.0 1 2.0 1.0 line
33.0 0 1.0 1.0 NULL
34.0 1 2.0 1.0 line
36.0 0 1.1 1.0 NULL
37.1 1 2.0 1.0 line
39.099999999999994 0 1.8 1.0 NULL
40.89999999999999 1 2.0 1.0 line
42.89999999999999 0 1.0 1.0 NULL
43.89999999999999 1 2.0 1.0 line
45.89999999999999 0 1.3 1.0 NULL
47.19999999999999 1 2.0 1.0 line
49.19999999999999 0 1.5 1.0 NULL
50.69999999999999 1 2.0 1.0 line
52.7 0 1.0 1.0 NULL
53.7 1 2.0 1.0 line
55.7 0 1.0 1.0 NULL
56.7 1 2.0 1.0 line
58.7 0 1.4 1.0 NULL
60.1 1 2.0 1.0 line
62.1 0 1.0 1.0 NULL
63.1 1 2.0 1.0 line
65.1 0 1.8 1.0 NULL
66.89999999999999 1 2.0 1.0 line
68.89999999999999 0 1.2 1.0 NULL
70.1 1 2.0 1.0 line
72.1 0 1.3 1.0 NULL
73.39999999999999 1 2.0 1.0 line
75.39999999999999 0 1.0 1.0 NULL
76.39999999999999 1 2.0 1.0 line
78.4 0 1.2 1.0 NULL
79.60000000000001 1 2.0 1.0 line
81.60000000000001 0 1.0 1.0 NULL
82.60000000000001 1 2.0 1.0 line
84.60000000000001 0 1.1 1.0 NULL
85.7 1 2.0 1.0 line
87.7 0 1.9 1.0 NULL
89.60000000000001 1 2.0 1.0 line
91.6 0 1.0 1.0 NULL
92.6 1 2.0 1.0 line
94.6 0 1.0 1.0 NULL
95.6 1 2.0 1.0 line
97.6 0 1.1 1.0 NULL
98.69999999999999 1 2.0 1.0 line
100.69999999999999 0 1.4 1.0 NULL
102.1 1 2.0 1.0 line
104.1 0 1.0 1.0 NULL
105.1 1 2.0 1.0 line
107.1 0 1.1 1.0 NULL
108.19999999999999 1 2.0 1.0 line
110.19999999999999 0 1.5 1.0 NULL
111.69999999999999 1 2.0 1.0 line
113.69999999999999 0 1.2 1.0 NULL
114.89999999999999 1 2.0 1.0 line
116.9 0 1.3 1.0 NULL
118.2 1 2.0 1.0 line
120.2 0 1.3 1.0 NULL
121.5 1 2.0 1.0 line
123.5 0 1.1 1.0 NULL
124.6 1 2.0 1.0 line
126.6 0 1.0 1.0 NULL
127.6 1 2.0 1.0 line
129.6 0 1.6 1.0 NULL
