0.0 0 1.3 1.0 NULL
1.3 1 2.0 1.0 line
3.3 0 1.0 1.0 NULL
4.3 1 2.0 1.0 line
6.3 0 1.1 1.0 NULL
7.4 1 2.0 1.0 line
9.4 0 1.0 1.0 NULL
10.4 1 2.0 1.0 line
12.399999999999999 0 1.1 1.0 NULL
13.499999999999998 1 2.0 1.0 line
15.499999999999998 0 1.8 1.0 NULL
17.299999999999997 1 2.0 1.0 line
19.299999999999997 0 1.0 1.0 NULL
20.299999999999997 1 2.0 1.0 line
22.299999999999997 0 1.2 1.0 NULL
23.499999999999996 1 2.0 1.0 line
25.5 0 2.0 1.0 NULL
27.5 1 2.0 1.0 line
29.5 0 1.3 1.0 NULL
30.8 1 2.0 1.0 line
32.8 0 1.4 1.0 NULL
34.199999999999996 1 2.0 1.0 line
36.199999999999996 0 1.1 1.0 NULL
37.3 1 2.0 1.0 line
39.3 0 1.1 1.0 NULL
40.4 1 2.0 1.0 line
42.4 0 1.7 1.0 NULL
44.1 1 2.0 1.0 line
46.1 0 1.8 1.0 NULL
47.9 1 2.0 1.0 line
49.9 0 1.0 1.0 NULL
50.9 1 2.0 1.0 line
52.900000000000006 0 1.0 1.0 NULL
53.900000000000006 1 2.0 1.0 line
55.900000000000006 0 1.0 1.0 NULL
56.900000000000006 1 2.0 1.0 line
58.900000000000006 0 1.4 1.0 NULL
60.300000000000004 1 2.0 1.0 line
62.300000000000004 0 1.2 1.0 NULL
63.50000000000001 1 2.0 1.0 line
65.5 0 1.6 1.0 NULL
67.1 1 2.0 1.0 line
69.1 0 1.3 1.0 NULL
70.39999999999999 1 2.0 1.0 line
72.39999999999999 0 1.1 1.0 NULL
73.49999999999999 1 2.0 1.0 line
75.49999999999999 0 1.0 1.0 NULL
76.49999999999999 1 2.0 1.0 line
78.5 0 1.0 1.0 NULL
79.5 1 2.0 1.0 line
81.5 0 1.3 1.0 NULL
82.8 1 2.0 1.0 line
84.8 0 1.6 1.0 NULL
86.39999999999999 1 2.0 1.0 line
88.39999999999999 0 1.0 1.0 NULL
89.39999999999999 1 2.0 1.0 line
91.4 0 1.2 1.0 NULL
92.60000000000001 1 2.0 1.0 line
94.60000000000001 0 1.0 1.0 NULL
95.60000000000001 1 2.0 1.0 line
97.60000000000001 0 1.4 1.0 NULL
99.00000000000001 1 2.0 1.0 line
101.00000000000001 0 1.1 1.0 NULL
102.10000000000001 1 2.0 1.0 line
104.1 0 1.0 1.0 NULL
105.1 1 2.0 1.0 line
107.1 0 1.1 1.0 NULL
108.19999999999999 1 2.0 1.0 line
110.19999999999999 0 2.0 1.0 NULL
112.19999999999999 1 2.0 1.0 line
114.19999999999999 0 1.0 1.0 NULL
115.19999999999999 1 2.0 1.0 line
117.19999999999999 0 1.6 1.0 NULL
118.79999999999998 1 2.0 1.0 line
120.79999999999998 0 1.1 1.0 NULL
121.89999999999998 1 2.0 1.0 line
123.89999999999998 0 1.4 1.0 NULL
125.29999999999998 1 2.0 1.0 line
127.29999999999998 0 1.0 1.0 NULL
128.29999999999998 1 2.0 1.0 line
130.3 0 1.0 1.0 NULL
