0.0 0 1.6 1.0 NULL
1.6 1 2.0 1.0 line
3.6 0 1.0 1.0 NULL
4.6 1 2.0 1.0 line
6.6 0 1.1 1.0 NULL
7.699999999999999 1 2.0 1.0 line
9.7 0 1.1 1.0 NULL
10.799999999999999 1 2.0 1.0 line
12.8 0 1.8 1.0 NULL
14.600000000000001 1 2.0 1.0 line
16.6 0 1.0 1.0 NULL
17.6 1 2.0 1.0 line
19.6 0 1.0 1.0 NULL
20.6 1 2.0 1.0 line
22.6 0 1.1 1.0 NULL
23.700000000000003 1 2.0 1.0 line
25.700000000000003 0 1.8 1.0 NULL
27.500000000000004 1 2.0 1.0 line
29.500000000000004 0 1.1 1.0 NULL
30.600000000000005 1 2.0 1.0 line
32.60000000000001 0 1.9 1.0 NULL
34.50000000000001 1 2.0 1.0 line
36.50000000000001 0 1.5 1.0 NULL
38.00000000000001 1 2.0 1.0 line
40.0 0 1.2 1.0 NULL
41.2 1 2.0 1.0 line
43.2 0 1.3 1.0 NULL
44.5 1 2.0 1.0 line
46.5 0 1.2 1.0 NULL
47.7 1 2.0 1.0 line
49.7 0 1.5 1.0 NULL
51.2 1 2.0 1.0 line
53.2 0 1.1 1.0 NULL
54.300000000000004 1 2.0 1.0 line
56.300000000000004 0 1.0 1.0 NULL
57.300000000000004 1 2.0 1.0 line
59.300000000000004 0 1.3 1.0 NULL
60.6 1 2.0 1.0 line
62.6 0 1.0 1.0 NULL
63.6 1 2.0 1.0 line
65.6 0 1.1 1.0 NULL
66.69999999999999 1 2.0 1.0 line
68.69999999999999 0 1.6 1.0 NULL
70.29999999999998 1 2.0 1.0 line
72.29999999999998 0 1.0 1.0 NULL
73.29999999999998 1 2.0 1.0 line
75.29999999999998 0 1.4 1.0 NULL
76.69999999999999 1 2.0 1.0 line
78.7 0 1.1 1.0 NULL
79.8 1 2.0 1.0 line
81.8 0 1.2 1.0 NULL
83.0 1 2.0 1.0 line
85.0 0 1.0 1.0 NULL
86.0 1 2.0 1.0 line
88.0 0 1.0 1.0 NULL
89.0 1 2.0 1.0 line
91.0 0 1.9 1.0 NULL
92.9 1 2.0 1.0 line
94.9 0 1.4 1.0 NULL
96.30000000000001 1 2.0 1.0 line
98.30000000000001 0 1.0 1.0 NULL
99.30000000000001 1 2.0 1.0 line
101.30000000000001 0 1.8 1.0 NULL
103.10000000000001 1 2.0 1.0 line
105.1 0 1.0 1.0 NULL
106.1 1 2.0 1.0 line
108.1 0 1.3 1.0 NULL
109.39999999999999 1 2.0 1.0 line
111.39999999999999 0 1.3 1.0 NULL
112.69999999999999 1 2.0 1.0 line
114.69999999999999 0 1.1 1.0 NULL
115.79999999999998 1 2.0 1.0 line
117.8 0 1.1 1.0 NULL
118.89999999999999 1 2.0 1.0 line
120.89999999999999 0 1.0 1.0 NULL
121.89999999999999 1 2.0 1.0 line
123.89999999999999 0 1.0 1.0 NULL
124.89999999999999 1 2.0 1.0 line
126.89999999999999 0 1.4 1.0 NULL
128.29999999999998 1 2.0 1.0 line
130.3 0 1.3 1.0 NULL
