0.0 0 1.0 1.0 NULL
1.0 1 2.0 1.0 line
3.0 0 1.2 1.0 NULL
4.2 1 2.0 1.0 line
6.2 0 1.2 1.0 NULL
7.4 1 2.0 1.0 line
9.4 0 1.8 1.0 NULL
11.200000000000001 1 2.0 1.0 line
13.2 0 1.4 1.0 NULL
14.6 1 2.0 1.0 line
16.6 0 1.1 1.0 NULL
17.700000000000003 1 2.0 1.0 line
19.700000000000003 0 1.2 1.0 NULL
20.900000000000002 1 2.0 1.0 line
22.900000000000002 0 1.8 1.0 NULL
24.700000000000003 1 2.0 1.0 line
26.7 0 1.1 1.0 NULL
27.8 1 2.0 1.0 line
29.8 0 2.0 1.0 NULL
31.8 1 2.0 1.0 line
33.8 0 1.0 1.0 NULL
34.8 1 2.0 1.0 line
36.8 0 1.0 1.0 NULL
37.8 1 2.0 1.0 line
39.8 0 1.1 1.0 NULL
40.9 1 2.0 1.0 line
42.9 0 1.7 1.0 NULL
44.6 1 2.0 1.0 line
46.6 0 1.1 1.0 NULL
47.7 1 2.0 1.0 line
49.7 0 1.0 1.0 NULL
50.7 1 2.0 1.0 line
52.7 0 1.3 1.0 NULL
54.0 1 2.0 1.0 line
56.0 0 1.3 1.0 NULL
57.3 1 2.0 1.0 line
59.3 0 1.2 1.0 NULL
60.5 1 2.0 1.0 line
62.5 0 1.5 1.0 NULL
64.0 1 2.0 1.0 line
66.0 0 1.0 1.0 NULL
67.0 1 2.0 1.0 line
69.0 0 1.0 1.0 NULL
70.0 1 2.0 1.0 line
72.0 0 1.0 1.0 NULL
73.0 1 2.0 1.0 line
75.0 0 1.0 1.0 NULL
76.0 1 2.0 1.0 line
78.0 0 1.1 1.0 NULL
79.1 1 2.0 1.0 line
81.1 0 1.8 1.0 NULL
82.89999999999999 1 2.0 1.0 line
84.89999999999999 0 1.0 1.0 NULL
85.89999999999999 1 2.0 1.0 line
87.89999999999999 0 1.0 1.0 NULL
88.89999999999999 1 2.0 1.0 line
90.9 0 1.4 1.0 NULL
92.30000000000001 1 2.0 1.0 line
94.30000000000001 0 1.2 1.0 NULL
95.50000000000001 1 2.0 1.0 line
97.50000000000001 0 1.0 1.0 NULL
98.50000000000001 1 2.0 1.0 line
100.50000000000001 0 1.8 1.0 NULL
102.30000000000001 1 2.0 1.0 line
104.3 0 1.0 1.0 NULL
105.3 1 2.0 1.0 line
107.3 0 1.6 1.0 NULL
108.89999999999999 1 2.0 1.0 line
110.89999999999999 0 1.6 1.0 NULL
112.49999999999999 1 2.0 1.0 line
114.49999999999999 0 1.0 1.0 NULL
115.49999999999999 1 2.0 1.0 line
117.5 0 1.2 1.0 NULL
118.7 1 2.0 1.0 line
120.7 0 1.0 1.0 NULL
121.7 1 2.0 1.0 line
123.7 0 1.0 1.0 NULL
124.7 1 2.0 1.0 line
126.7 0 1.0 1.0 NULL
127.7 1 2.0 1.0 line
129.7 0 1.3 1.0 NULL
