0.0 0 1.1 1.0 NULL
1.1 1 2.0 1.0 line
3.1 0 1.2 1.0 NULL
4.3 1 2.0 1.0 line
6.3 0 1.2 1.0 NULL
7.5 1 2.0 1.0 line
9.5 0 1.1 1.0 NULL
10.6 1 2.0 1.0 line
12.600000000000001 0 1.2 1.0 NULL
13.8 1 2.0 1.0 line
15.8 0 1.6 1.0 NULL
17.400000000000002 1 2.0 1.0 line
19.400000000000002 0 1.3 1.0 NULL
20.700000000000003 1 2.0 1.0 line
22.700000000000003 0 1.0 1.0 NULL
23.700000000000003 1 2.0 1.0 line
25.7 0 1.0 1.0 NULL
26.7 1 2.0 1.0 line
28.7 0 1.3 1.0 NULL
30.0 1 2.0 1.0 line
32.0 0 2.0 1.0 NULL
34.0 1 2.0 1.0 line
36.0 0 1.2 1.0 NULL
37.2 1 2.0 1.0 line
39.2 0 1.0 1.0 NULL
40.2 1 2.0 1.0 line
42.2 0 1.4 1.0 NULL
43.6 1 2.0 1.0 line
45.6 0 1.0 1.0 NULL
46.6 1 2.0 1.0 line
48.6 0 1.7 1.0 NULL
50.300000000000004 1 2.0 1.0 line
52.3 0 1.2 1.0 NULL
53.5 1 2.0 1.0 line
55.5 0 1.2 1.0 NULL
56.7 1 2.0 1.0 line
58.7 0 2.0 1.0 NULL
60.7 1 2.0 1.0 line
62.7 0 1.0 1.0 NULL
63.7 1 2.0 1.0 line
65.7 0 1.1 1.0 NULL
66.8 1 2.0 1.0 line
68.8 0 1.1 1.0 NULL
69.89999999999999 1 2.0 1.0 line
71.89999999999999 0 1.1 1.0 NULL
72.99999999999999 1 2.0 1.0 line
74.99999999999999 0 1.1 1.0 NULL
76.09999999999998 1 2.0 1.0 line
78.10000000000001 0 1.7 1.0 NULL
79.80000000000001 1 2.0 1.0 line
81.80000000000001 0 1.0 1.0 NULL
82.80000000000001 1 2.0 1.0 line
84.80000000000001 0 1.1 1.0 NULL
85.9 1 2.0 1.0 line
87.9 0 1.7 1.0 NULL
89.60000000000001 1 2.0 1.0 line
91.6 0 1.1 1.0 NULL
92.69999999999999 1 2.0 1.0 line
94.69999999999999 0 1.0 1.0 NULL
95.69999999999999 1 2.0 1.0 line
97.69999999999999 0 1.0 1.0 NULL
98.69999999999999 1 2.0 1.0 line
100.69999999999999 0 1.2 1.0 NULL
101.89999999999999 1 2.0 1.0 line
103.9 0 1.0 1.0 NULL
104.9 1 2.0 1.0 line
106.9 0 1.3 1.0 NULL
108.2 1 2.0 1.0 line
110.2 0 2.0 1.0 NULL
112.2 1 2.0 1.0 line
114.2 0 1.0 1.0 NULL
115.2 1 2.0 1.0 line
117.2 0 1.5 1.0 NULL
118.7 1 2.0 1.0 line
120.7 0 1.0 1.0 NULL
121.7 1 2.0 1.0 line
123.7 0 1.2 1.0 NULL
124.9 1 2.0 1.0 line
126.9 0 1.1 1.0 NULL
128.0 1 2.0 1.0 line
130.0 0 1.1 1.0 NULL
