0.0 0 1.0 1.0 NULL
1.0 1 2.0 1.0 line
3.0 0 1.4 1.0 NULL
4.4 1 2.0 1.0 line
6.4 0 1.5 1.0 NULL
7.9 1 2.0 1.0 line
9.9 0 1.0 1.0 NULL
10.9 1 2.0 1.0 line
12.9 0 1.0 1.0 NULL
13.9 1 2.0 1.0 line
15.9 0 2.0 1.0 NULL
17.9 1 2.0 1.0 line
19.9 0 1.0 1.0 NULL
20.9 1 2.0 1.0 line
22.9 0 1.2 1.0 NULL
24.099999999999998 1 2.0 1.0 line
26.1 0 1.0 1.0 NULL
27.1 1 2.0 1.0 line
29.1 0 1.8 1.0 NULL
30.900000000000002 1 2.0 1.0 line
32.900000000000006 0 1.2 1.0 NULL
34.10000000000001 1 2.0 1.0 line
36.10000000000001 0 1.1 1.0 NULL
37.20000000000001 1 2.0 1.0 line
39.2 0 1.1 1.0 NULL
40.300000000000004 1 2.0 1.0 line
42.300000000000004 0 1.0 1.0 NULL
43.300000000000004 1 2.0 1.0 line
45.300000000000004 0 1.4 1.0 NULL
46.7 1 2.0 1.0 line
48.7 0 1.2 1.0 NULL
49.900000000000006 1 2.0 1.0 line
51.9 0 1.1 1.0 NULL
53.0 1 2.0 1.0 line
55.0 0 1.7 1.0 NULL
56.7 1 2.0 1.0 line
58.7 0 1.9 1.0 NULL
60.6 1 2.0 1.0 line
62.6 0 1.0 1.0 NULL
63.6 1 2.0 1.0 line
65.6 0 1.2 1.0 NULL
66.8 1 2.0 1.0 line
68.8 0 1.0 1.0 NULL
69.8 1 2.0 1.0 line
71.8 0 1.5 1.0 NULL
73.3 1 2.0 1.0 line
75.3 0 1.3 1.0 NULL
76.6 1 2.0 1.0 line
78.6 0 1.1 1.0 NULL
79.69999999999999 1 2.0 1.0 line
81.69999999999999 0 1.0 1.0 NULL
82.69999999999999 1 2.0 1.0 line
84.69999999999999 0 1.0 1.0 NULL
85.69999999999999 1 2.0 1.0 line
87.69999999999999 0 1.6 1.0 NULL
89.29999999999998 1 2.0 1.0 line
91.3 0 1.0 1.0 NULL
92.3 1 2.0 1.0 line
94.3 0 1.3 1.0 NULL
95.6 1 2.0 1.0 line
97.6 0 1.4 1.0 NULL
99.0 1 2.0 1.0 line
101.0 0 1.4 1.0 NULL
102.4 1 2.0 1.0 line
104.4 0 1.1 1.0 NULL
105.5 1 2.0 1.0 line
107.5 0 1.0 1.0 NULL
108.5 1 2.0 1.0 line
110.5 0 1.9 1.0 NULL
112.4 1 2.0 1.0 line
114.4 0 1.0 1.0 NULL
115.4 1 2.0 1.0 line
117.4 0 1.2 1.0 NULL
118.60000000000001 1 2.0 1.0 line
120.60000000000001 0 1.3 1.0 NULL
121.9 1 2.0 1.0 line
123.9 0 1.1 1.0 NULL
125.0 1 2.0 1.0 line
127.0 0 1.0 1.0 NULL
128.0 1 2.0 1.0 line
130.0 0 1.0 1.0 NULL
