0.0 0 1.1 1.0 NULL
1.1 1 2.0 1.0 line
3.1 0 1.0 1.0 NULL
4.1 1 2.0 1.0 line
6.1 0 1.3 1.0 NULL
7.3999999999999995 1 2.0 1.0 line
9.399999999999999 0 1.0 1.0 NULL
10.399999999999999 1 2.0 1.0 line
12.399999999999999 0 1.7 1.0 NULL
14.099999999999998 1 2.0 1.0 line
16.099999999999998 0 1.1 1.0 NULL
17.2 1 2.0 1.0 line
19.2 0 1.6 1.0 NULL
20.8 1 2.0 1.0 line
22.8 0 1.1 1.0 NULL
23.900000000000002 1 2.0 1.0 line
25.9 0 1.6 1.0 NULL
27.5 1 2.0 1.0 line
29.5 0 1.2 1.0 NULL
30.7 1 2.0 1.0 line
32.7 0 1.8 1.0 NULL
34.5 1 2.0 1.0 line
36.5 0 1.2 1.0 NULL
37.7 1 2.0 1.0 line
39.7 0 1.0 1.0 NULL
40.7 1 2.0 1.0 line
42.7 0 1.2 1.0 NULL
43.900000000000006 1 2.0 1.0 line
45.900000000000006 0 1.0 1.0 NULL
46.900000000000006 1 2.0 1.0 line
48.900000000000006 0 1.2 1.0 NULL
50.10000000000001 1 2.0 1.0 line
52.099999999999994 0 1.9 1.0 NULL
53.99999999999999 1 2.0 1.0 line
55.99999999999999 0 1.3 1.0 NULL
57.29999999999999 1 2.0 1.0 line
59.29999999999999 0 1.1 1.0 NULL
60.39999999999999 1 2.0 1.0 line
62.39999999999999 0 1.0 1.0 NULL
63.39999999999999 1 2.0 1.0 line
65.4 0 1.0 1.0 NULL
66.4 1 2.0 1.0 line
68.4 0 1.1 1.0 NULL
69.5 1 2.0 1.0 line
71.5 0 1.0 1.0 NULL
72.5 1 2.0 1.0 line
74.5 0 2.0 1.0 NULL
76.5 1 2.0 1.0 line
78.5 0 1.1 1.0 NULL
79.6 1 2.0 1.0 line
81.6 0 1.0 1.0 NULL
82.6 1 2.0 1.0 line
84.6 0 1.7 1.0 NULL
86.3 1 2.0 1.0 line
88.3 0 1.5 1.0 NULL
89.8 1 2.0 1.0 line
91.8 0 1.0 1.0 NULL
92.8 1 2.0 1.0 line
94.8 0 1.2 1.0 NULL
96.0 1 2.0 1.0 line
98.0 0 1.1 1.0 NULL
99.1 1 2.0 1.0 line
101.1 0 1.2 1.0 NULL
102.3 1 2.0 1.0 line
104.3 0 1.1 1.0 NULL
105.39999999999999 1 2.0 1.0 line
107.39999999999999 0 1.0 1.0 NULL
108.39999999999999 1 2.0 1.0 line
110.39999999999999 0 2.0 1.0 NULL
112.39999999999999 1 2.0 1.0 line
114.39999999999999 0 1.1 1.0 NULL
115.49999999999999 1 2.0 1.0 line
117.5 0 1.0 1.0 NULL
118.5 1 2.0 1.0 line
120.5 0 1.1 1.0 NULL
121.6 1 2.0 1.0 line
123.6 0 1.1 1.0 NULL
124.69999999999999 1 2.0 1.0 line
126.69999999999999 0 1.3 1.0 NULL
127.99999999999999 1 2.0 1.0 line
130.0 0 1.1 1.0 NULL
