0.0 0 1.6 1.0 NULL
1.6 1 2.0 1.0 line
3.6 0 1.0 1.0 NULL
4.6 1 2.0 1.0 line
6.6 0 1.3 1.0 NULL
7.8999999999999995 1 2.0 1.0 line
9.899999999999999 0 1.3 1.0 NULL
11.2 1 2.0 1.0 line
13.2 0 1.4 1.0 NULL
14.6 1 2.0 1.0 line
16.6 0 1.2 1.0 NULL
17.8 1 2.0 1.0 line
19.8 0 1.7 1.0 NULL
21.5 1 2.0 1.0 line
23.5 0 1.1 1.0 NULL
24.6 1 2.0 1.0 line
26.6 0 1.0 1.0 NULL
27.6 1 2.0 1.0 line
29.6 0 1.2 1.0 NULL
30.8 1 2.0 1.0 line
32.8 0 1.4 1.0 NULL
34.199999999999996 1 2.0 1.0 line
36.199999999999996 0 1.1 1.0 NULL
37.3 1 2.0 1.0 line
39.3 0 1.9 1.0 NULL
41.199999999999996 1 2.0 1.0 line
43.199999999999996 0 1.5 1.0 NULL
44.699999999999996 1 2.0 1.0 line
46.699999999999996 0 1.0 1.0 NULL
47.699999999999996 1 2.0 1.0 line
49.699999999999996 0 1.1 1.0 NULL
50.8 1 2.0 1.0 line
52.8 0 1.8 1.0 NULL
54.599999999999994 1 2.0 1.0 line
56.599999999999994 0 1.1 1.0 NULL
57.699999999999996 1 2.0 1.0 line
59.699999999999996 0 1.0 1.0 NULL
60.699999999999996 1 2.0 1.0 line
62.699999999999996 0 1.9 1.0 NULL
64.6 1 2.0 1.0 line
66.6 0 1.0 1.0 NULL
67.6 1 2.0 1.0 line
69.6 0 1.6 1.0 NULL
71.19999999999999 1 2.0 1.0 line
73.19999999999999 0 1.1 1.0 NULL
74.29999999999998 1 2.0 1.0 line
76.29999999999998 0 1.0 1.0 NULL
77.29999999999998 1 2.0 1.0 line
79.3 0 1.0 1.0 NULL
80.3 1 2.0 1.0 line
82.3 0 1.1 1.0 NULL
83.39999999999999 1 2.0 1.0 line
85.39999999999999 0 1.0 1.0 NULL
86.39999999999999 1 2.0 1.0 line
88.39999999999999 0 1.7 1.0 NULL
90.1 1 2.0 1.0 line
92.1 0 1.0 1.0 NULL
93.1 1 2.0 1.0 line
95.1 0 1.5 1.0 NULL
96.6 1 2.0 1.0 line
98.6 0 1.5 1.0 NULL
100.1 1 2.0 1.0 line
102.1 0 1.0 1.0 NULL
103.1 1 2.0 1.0 line
105.1 0 1.0 1.0 NULL
106.1 1 2.0 1.0 line
108.1 0 1.0 1.0 NULL
109.1 1 2.0 1.0 line
111.1 0 1.6 1.0 NULL
112.69999999999999 1 2.0 1.0 line
114.69999999999999 0 1.0 1.0 NULL
115.69999999999999 1 2.0 1.0 line
117.69999999999999 0 1.0 1.0 NULL
118.69999999999999 1 2.0 1.0 line
120.69999999999999 0 1.5 1.0 NULL
122.19999999999999 1 2.0 1.0 line
124.19999999999999 0 1.3 1.0 NULL
125.49999999999999 1 2.0 1.0 line
127.49999999999999 0 1.0 1.0 NULL
128.5 1 2.0 1.0 line
130.5 0 1.1 1.0 NULL
