0.0 0 1.4 1.0 NULL
1.4 1 2.0 1.0 line
3.4 0 1.4 1.0 NULL
4.8 1 2.0 1.0 line
6.8 0 1.0 1.0 NULL
7.8 1 2.0 1.0 line
9.8 0 1.0 1.0 NULL
10.8 1 2.0 1.0 line
12.8 0 1.3 1.0 NULL
14.100000000000001 1 2.0 1.0 line
16.1 0 1.9 1.0 NULL
18.0 1 2.0 1.0 line
20.0 0 1.0 1.0 NULL
21.0 1 2.0 1.0 line
23.0 0 1.0 1.0 NULL
24.0 1 2.0 1.0 line
26.0 0 1.1 1.0 NULL
27.1 1 2.0 1.0 line
29.1 0 1.3 1.0 NULL
30.400000000000002 1 2.0 1.0 line
32.400000000000006 0 1.3 1.0 NULL
33.7 1 2.0 1.0 line
35.7 0 2.0 1.0 NULL
37.7 1 2.0 1.0 line
39.7 0 1.0 1.0 NULL
40.7 1 2.0 1.0 line
42.7 0 1.0 1.0 NULL
43.7 1 2.0 1.0 line
45.7 0 1.2 1.0 NULL
46.900000000000006 1 2.0 1.0 line
48.900000000000006 0 1.0 1.0 NULL
49.900000000000006 1 2.0 1.0 line
51.9 0 1.3 1.0 NULL
53.199999999999996 1 2.0 1.0 line
55.199999999999996 0 1.5 1.0 NULL
56.699999999999996 1 2.0 1.0 line
58.699999999999996 0 1.4 1.0 NULL
60.099999999999994 1 2.0 1.0 line
62.099999999999994 0 1.5 1.0 NULL
63.599999999999994 1 2.0 1.0 line
65.6 0 1.0 1.0 NULL
66.6 1 2.0 1.0 line
68.6 0 1.4 1.0 NULL
70.0 1 2.0 1.0 line
72.0 0 1.1 1.0 NULL
73.1 1 2.0 1.0 line
75.1 0 1.5 1.0 NULL
76.6 1 2.0 1.0 line
78.6 0 1.1 1.0 NULL
79.69999999999999 1 2.0 1.0 line
81.69999999999999 0 1.9 1.0 NULL
83.6 1 2.0 1.0 line
85.6 0 1.0 1.0 NULL
86.6 1 2.0 1.0 line
88.6 0 1.1 1.0 NULL
89.69999999999999 1 2.0 1.0 line
91.7 0 1.8 1.0 NULL
93.5 1 2.0 1.0 line
95.5 0 1.0 1.0 NULL
96.5 1 2.0 1.0 line
98.5 0 1.7 1.0 NULL
100.2 1 2.0 1.0 line
102.2 0 1.0 1.0 NULL
103.2 1 2.0 1.0 line
105.19999999999999 0 1.1 1.0 NULL
106.29999999999998 1 2.0 1.0 line
108.29999999999998 0 1.0 1.0 NULL
109.29999999999998 1 2.0 1.0 line
111.29999999999998 0 1.7 1.0 NULL
112.99999999999999 1 2.0 1.0 line
114.99999999999999 0 1.1 1.0 NULL
116.09999999999998 1 2.0 1.0 line
118.1 0 1.1 1.0 NULL
119.19999999999999 1 2.0 1.0 line
121.19999999999999 0 1.2 1.0 NULL
122.39999999999999 1 2.0 1.0 line
124.39999999999999 0 1.0 1.0 NULL
125.39999999999999 1 2.0 1.0 line
127.39999999999999 0 1.0 1.0 NULL
128.39999999999998 1 2.0 1.0 line
130.4 0 1.0 1.0 NULL
