0.0 0 1.0 1.0 NULL
1.0 1 2.0 1.0 line
3.0 0 1.0 1.0 NULL
4.0 1 2.0 1.0 line
6.0 0 1.4 1.0 NULL
7.4 1 2.0 1.0 line
9.4 0 1.1 1.0 NULL
10.5 1 2.0 1.0 line
12.5 0 1.0 1.0 NULL
13.5 1 2.0 1.0 line
15.5 0 1.1 1.0 NULL
16.6 1 2.0 1.0 line
18.6 0 1.8 1.0 NULL
20.400000000000002 1 2.0 1.0 line
22.400000000000002 0 1.0 1.0 NULL
23.400000000000002 1 2.0 1.0 line
25.4 0 1.5 1.0 NULL
26.9 1 2.0 1.0 line
28.9 0 1.6 1.0 NULL
30.5 1 2.0 1.0 line
32.5 0 1.0 1.0 NULL
33.5 1 2.0 1.0 line
35.5 0 1.6 1.0 NULL
37.1 1 2.0 1.0 line
39.099999999999994 0 1.1 1.0 NULL
40.199999999999996 1 2.0 1.0 line
42.199999999999996 0 1.1 1.0 NULL
43.3 1 2.0 1.0 line
45.3 0 1.1 1.0 NULL
46.4 1 2.0 1.0 line
48.4 0 1.1 1.0 NULL
49.5 1 2.0 1.0 line
51.5 0 1.0 1.0 NULL
52.5 1 2.0 1.0 line
54.5 0 1.7 1.0 NULL
56.2 1 2.0 1.0 line
58.2 0 1.2 1.0 NULL
59.400000000000006 1 2.0 1.0 line
61.400000000000006 0 1.1 1.0 NULL
62.50000000000001 1 2.0 1.0 line
64.5 0 1.1 1.0 NULL
65.6 1 2.0 1.0 line
67.6 0 1.0 1.0 NULL
68.6 1 2.0 1.0 line
70.6 0 1.3 1.0 NULL
71.89999999999999 1 2.0 1.0 line
73.89999999999999 0 1.4 1.0 NULL
75.3 1 2.0 1.0 line
77.30000000000001 0 2.0 1.0 NULL
79.30000000000001 1 2.0 1.0 line
81.30000000000001 0 1.0 1.0 NULL
82.30000000000001 1 2.0 1.0 line
84.30000000000001 0 1.0 1.0 NULL
85.30000000000001 1 2.0 1.0 line
87.30000000000001 0 1.0 1.0 NULL
88.30000000000001 1 2.0 1.0 line
90.30000000000001 0 1.0 1.0 NULL
91.30000000000001 1 2.0 1.0 line
93.30000000000001 0 1.8 1.0 NULL
95.10000000000001 1 2.0 1.0 line
97.10000000000001 0 1.5 1.0 NULL
98.60000000000001 1 2.0 1.0 line
100.60000000000001 0 1.0 1.0 NULL
101.60000000000001 1 2.0 1.0 line
103.6 0 1.2 1.0 NULL
104.8 1 2.0 1.0 line
106.8 0 1.5 1.0 NULL
108.3 1 2.0 1.0 line
110.3 0 1.1 1.0 NULL
111.39999999999999 1 2.0 1.0 line
113.39999999999999 0 1.9 1.0 NULL
115.3 1 2.0 1.0 line
117.30000000000001 0 1.3 1.0 NULL
118.60000000000001 1 2.0 1.0 line
120.60000000000001 0 1.0 1.0 NULL
121.60000000000001 1 2.0 1.0 line
123.60000000000001 0 1.2 1.0 NULL
124.80000000000001 1 2.0 1.0 line
126.80000000000001 0 1.1 1.0 NULL
127.9 1 2.0 1.0 line
129.9 0 1.1 1.0 NULL
