0.0 0 1.0 1.0 NULL
1.0 1 2.0 1.0 line
3.0 0 1.0 1.0 NULL
4.0 1 2.0 1.0 line
6.0 0 1.0 1.0 NULL
7.0 1 2.0 1.0 line
9.0 0 1.5 1.0 NULL
10.5 1 2.0 1.0 line
12.5 0 1.0 1.0 NULL
13.5 1 2.0 1.0 line
15.5 0 1.0 1.0 NULL
16.5 1 2.0 1.0 line
18.5 0 1.7 1.0 NULL
20.2 1 2.0 1.0 line
22.2 0 1.1 1.0 NULL
23.3 1 2.0 1.0 line
25.3 0 1.0 1.0 NULL
26.3 1 2.0 1.0 line
28.3 0 1.1 1.0 NULL
29.400000000000002 1 2.0 1.0 line
31.400000000000002 0 1.8 1.0 NULL
33.2 1 2.0 1.0 line
35.2 0 1.1 1.0 NULL
36.300000000000004 1 2.0 1.0 line
38.3 0 1.2 1.0 NULL
39.5 1 2.0 1.0 line
41.5 0 1.6 1.0 NULL
43.1 1 2.0 1.0 line
45.1 0 1.0 1.0 NULL
46.1 1 2.0 1.0 line
48.1 0 1.6 1.0 NULL
49.7 1 2.0 1.0 line
51.7 0 1.2 1.0 NULL
52.900000000000006 1 2.0 1.0 line
54.900000000000006 0 1.0 1.0 NULL
55.900000000000006 1 2.0 1.0 line
57.900000000000006 0 1.4 1.0 NULL
59.300000000000004 1 2.0 1.0 line
61.300000000000004 0 1.0 1.0 NULL
62.300000000000004 1 2.0 1.0 line
64.30000000000001 0 1.8 1.0 NULL
66.10000000000001 1 2.0 1.0 line
68.10000000000001 0 1.0 1.0 NULL
69.10000000000001 1 2.0 1.0 line
71.10000000000001 0 1.4 1.0 NULL
72.50000000000001 1 2.0 1.0 line
74.50000000000001 0 1.5 1.0 NULL
76.00000000000001 1 2.0 1.0 line
78.0 0 1.1 1.0 NULL
79.1 1 2.0 1.0 line
81.1 0 1.1 1.0 NULL
82.19999999999999 1 2.0 1.0 line
84.19999999999999 0 1.2 1.0 NULL
85.39999999999999 1 2.0 1.0 line
87.39999999999999 0 1.6 1.0 NULL
88.99999999999999 1 2.0 1.0 line
91.0 0 1.1 1.0 NULL
92.1 1 2.0 1.0 line
94.1 0 2.0 1.0 NULL
96.1 1 2.0 1.0 line
98.1 0 1.1 1.0 NULL
99.19999999999999 1 2.0 1.0 line
101.19999999999999 0 1.3 1.0 NULL
102.49999999999999 1 2.0 1.0 line
104.5 0 1.2 1.0 NULL
105.7 1 2.0 1.0 line
107.7 0 1.3 1.0 NULL
109.0 1 2.0 1.0 line
111.0 0 1.0 1.0 NULL
112.0 1 2.0 1.0 line
114.0 0 1.7 1.0 NULL
115.7 1 2.0 1.0 line
117.7 0 1.1 1.0 NULL
118.8 1 2.0 1.0 line
120.8 0 1.2 1.0 NULL
122.0 1 2.0 1.0 line
124.0 0 1.0 1.0 NULL
125.0 1 2.0 1.0 line
127.0 0 1.0 1.0 NULL
128.0 1 2.0 1.0 line
130.0 0 1.0 1.0 NULL
