0.0 0 1.0 1.0 NULL
1.0 1 2.0 1.0 line
3.0 0 1.2 1.0 NULL
4.2 1 2.0 1.0 line
6.2 0 1.0 1.0 NULL
7.2 1 2.0 1.0 line
9.2 0 2.0 1.0 NULL
11.2 1 2.0 1.0 line
13.2 0 1.0 1.0 NULL
14.2 1 2.0 1.0 line
16.2 0 1.9 1.0 NULL
18.099999999999998 1 2.0 1.0 line
20.099999999999998 0 1.1 1.0 NULL
21.2 1 2.0 1.0 line
23.2 0 1.1 1.0 NULL
24.3 1 2.0 1.0 line
26.299999999999997 0 1.0 1.0 NULL
27.299999999999997 1 2.0 1.0 line
29.299999999999997 0 1.6 1.0 NULL
30.9 1 2.0 1.0 line
32.9 0 1.0 1.0 NULL
33.9 1 2.0 1.0 line
35.9 0 1.0 1.0 NULL
36.9 1 2.0 1.0 line
38.9 0 1.3 1.0 NULL
40.199999999999996 1 2.0 1.0 line
42.199999999999996 0 1.2 1.0 NULL
43.4 1 2.0 1.0 line
45.4 0 1.0 1.0 NULL
46.4 1 2.0 1.0 line
48.4 0 2.0 1.0 NULL
50.4 1 2.0 1.0 line
52.4 0 1.2 1.0 NULL
53.6 1 2.0 1.0 line
55.6 0 1.1 1.0 NULL
56.7 1 2.0 1.0 line
58.7 0 1.0 1.0 NULL
59.7 1 2.0 1.0 line
61.7 0 1.1 1.0 NULL
62.800000000000004 1 2.0 1.0 line
64.8 0 1.6 1.0 NULL
66.39999999999999 1 2.0 1.0 line
68.39999999999999 0 1.0 1.0 NULL
69.39999999999999 1 2.0 1.0 line
71.39999999999999 0 1.1 1.0 NULL
72.49999999999999 1 2.0 1.0 line
74.49999999999999 0 1.3 1.0 NULL
75.79999999999998 1 2.0 1.0 line
77.80000000000001 0 1.0 1.0 NULL
78.80000000000001 1 2.0 1.0 line
80.80000000000001 0 1.1 1.0 NULL
81.9 1 2.0 1.0 line
83.9 0 1.2 1.0 NULL
85.10000000000001 1 2.0 1.0 line
87.10000000000001 0 1.3 1.0 NULL
88.4 1 2.0 1.0 line
90.4 0 1.1 1.0 NULL
91.5 1 2.0 1.0 line
93.5 0 1.5 1.0 NULL
95.0 1 2.0 1.0 line
97.0 0 1.8 1.0 NULL
98.8 1 2.0 1.0 line
100.8 0 1.3 1.0 NULL
102.1 1 2.0 1.0 line
104.1 0 1.0 1.0 NULL
105.1 1 2.0 1.0 line
107.1 0 1.0 1.0 NULL
108.1 1 2.0 1.0 line
110.1 0 1.6 1.0 NULL
111.69999999999999 1 2.0 1.0 line
113.69999999999999 0 1.1 1.0 NULL
114.79999999999998 1 2.0 1.0 line
116.8 0 1.6 1.0 NULL
118.39999999999999 1 2.0 1.0 line
120.39999999999999 0 1.0 1.0 NULL
121.39999999999999 1 2.0 1.0 line
123.39999999999999 0 1.1 1.0 NULL
124.49999999999999 1 2.0 1.0 line
126.49999999999999 0 1.5 1.0 NULL
127.99999999999999 1 2.0 1.0 line
130.0 0 1.0 1.0 NULL
