0.0 0 1.5 1.0 NULL
1.5 1 2.0 1.0 line
3.5 0 1.2 1.0 NULL
4.7 1 2.0 1.0 line
6.7 0 1.2 1.0 NULL
7.9 1 2.0 1.0 line
9.9 0 1.1 1.0 NULL
11.0 1 2.0 1.0 line
13.0 0 1.3 1.0 NULL
14.3 1 2.0 1.0 line
16.3 0 2.0 1.0 NULL
18.3 1 2.0 1.0 line
20.3 0 2.0 1.0 NULL
22.3 1 2.0 1.0 line
24.3 0 1.0 1.0 NULL
25.3 1 2.0 1.0 line
27.3 0 1.1 1.0 NULL
28.400000000000002 1 2.0 1.0 line
30.400000000000002 0 1.0 1.0 NULL
31.400000000000002 1 2.0 1.0 line
33.400000000000006 0 1.0 1.0 NULL
34.400000000000006 1 2.0 1.0 line
36.400000000000006 0 1.8 1.0 NULL
38.2 1 2.0 1.0 line
40.2 0 1.0 1.0 NULL
41.2 1 2.0 1.0 line
43.2 0 1.0 1.0 NULL
44.2 1 2.0 1.0 line
46.2 0 1.5 1.0 NULL
47.7 1 2.0 1.0 line
49.7 0 1.1 1.0 NULL
50.800000000000004 1 2.0 1.0 line
52.8 0 1.7 1.0 NULL
54.5 1 2.0 1.0 line
56.5 0 1.2 1.0 NULL
57.7 1 2.0 1.0 line
59.7 0 1.0 1.0 NULL
60.7 1 2.0 1.0 line
62.7 0 1.7 1.0 NULL
64.4 1 2.0 1.0 line
66.4 0 1.3 1.0 NULL
67.7 1 2.0 1.0 line
69.7 0 1.5 1.0 NULL
71.2 1 2.0 1.0 line
73.2 0 1.0 1.0 NULL
74.2 1 2.0 1.0 line
76.2 0 1.3 1.0 NULL
77.5 1 2.0 1.0 line
79.5 0 1.0 1.0 NULL
80.5 1 2.0 1.0 line
82.5 0 1.4 1.0 NULL
83.9 1 2.0 1.0 line
85.9 0 1.3 1.0 NULL
87.2 1 2.0 1.0 line
89.2 0 1.0 1.0 NULL
90.2 1 2.0 1.0 line
92.2 0 1.1 1.0 NULL
93.3 1 2.0 1.0 line
95.3 0 1.2 1.0 NULL
96.5 1 2.0 1.0 line
98.5 0 1.1 1.0 NULL
99.6 1 2.0 1.0 line
101.6 0 1.1 1.0 NULL
102.69999999999999 1 2.0 1.0 line
104.7 0 1.4 1.0 NULL
106.10000000000001 1 2.0 1.0 line
108.10000000000001 0 2.0 1.0 NULL
110.10000000000001 1 2.0 1.0 line
112.10000000000001 0 1.0 1.0 NULL
113.10000000000001 1 2.0 1.0 line
115.10000000000001 0 1.2 1.0 NULL
116.30000000000001 1 2.0 1.0 line
118.3 0 1.0 1.0 NULL
119.3 1 2.0 1.0 line
121.3 0 1.1 1.0 NULL
122.39999999999999 1 2.0 1.0 line
124.39999999999999 0 1.0 1.0 NULL
125.39999999999999 1 2.0 1.0 line
127.39999999999999 0 1.0 1.0 NULL
128.39999999999998 1 2.0 1.0 line
130.4 0 1.1 1.0 NULL
