0.0 0 1.1 1.0 NULL
1.1 1 2.0 1.0 line
3.1 0 1.0 1.0 NULL
4.1 1 2.0 1.0 line
6.1 0 1.1 1.0 NULL
7.199999999999999 1 2.0 1.0 line
9.2 0 1.0 1.0 NULL
10.2 1 2.0 1.0 line
12.2 0 1.0 1.0 NULL
13.2 1 2.0 1.0 line
15.2 0 1.0 1.0 NULL
16.2 1 2.0 1.0 line
18.2 0 1.2 1.0 NULL
19.4 1 2.0 1.0 line
21.4 0 2.0 1.0 NULL
23.4 1 2.0 1.0 line
25.4 0 1.0 1.0 NULL
26.4 1 2.0 1.0 line
28.4 0 1.9 1.0 NULL
30.299999999999997 1 2.0 1.0 line
32.3 0 1.0 1.0 NULL
33.3 1 2.0 1.0 line
35.3 0 1.2 1.0 NULL
36.5 1 2.0 1.0 line
38.5 0 1.1 1.0 NULL
39.6 1 2.0 1.0 line
41.6 0 1.0 1.0 NULL
42.6 1 2.0 1.0 line
44.6 0 1.0 1.0 NULL
45.6 1 2.0 1.0 line
47.6 0 1.0 1.0 NULL
48.6 1 2.0 1.0 line
50.6 0 1.4 1.0 NULL
52.0 1 2.0 1.0 line
54.0 0 1.0 1.0 NULL
55.0 1 2.0 1.0 line
57.0 0 1.3 1.0 NULL
58.3 1 2.0 1.0 line
60.3 0 1.4 1.0 NULL
61.699999999999996 1 2.0 1.0 line
63.7 0 2.0 1.0 NULL
65.7 1 2.0 1.0 line
67.7 0 1.1 1.0 NULL
68.8 1 2.0 1.0 line
70.8 0 1.0 1.0 NULL
71.8 1 2.0 1.0 line
73.8 0 1.9 1.0 NULL
75.7 1 2.0 1.0 line
77.7 0 1.4 1.0 NULL
79.10000000000001 1 2.0 1.0 line
81.10000000000001 0 1.2 1.0 NULL
82.30000000000001 1 2.0 1.0 line
84.30000000000001 0 1.1 1.0 NULL
85.4 1 2.0 1.0 line
87.4 0 1.1 1.0 NULL
88.5 1 2.0 1.0 line
90.5 0 1.3 1.0 NULL
91.8 1 2.0 1.0 line
93.8 0 1.4 1.0 NULL
95.2 1 2.0 1.0 line
97.2 0 1.3 1.0 NULL
98.5 1 2.0 1.0 line
100.5 0 1.0 1.0 NULL
101.5 1 2.0 1.0 line
103.5 0 1.8 1.0 NULL
105.3 1 2.0 1.0 line
107.3 0 1.6 1.0 NULL
108.89999999999999 1 2.0 1.0 line
110.89999999999999 0 1.0 1.0 NULL
111.89999999999999 1 2.0 1.0 line
113.89999999999999 0 1.4 1.0 NULL
115.3 1 2.0 1.0 line
117.3 0 1.1 1.0 NULL
118.39999999999999 1 2.0 1.0 line
120.39999999999999 0 1.3 1.0 NULL
121.69999999999999 1 2.0 1.0 line
123.69999999999999 0 1.2 1.0 NULL
124.89999999999999 1 2.0 1.0 line
126.89999999999999 0 1.1 1.0 NULL
127.99999999999999 1 2.0 1.0 line
130.0 0 1.1 1.0 NULL
