0.0 0 1.8 1.0 NULL
1.8 1 2.0 1.0 line
3.8 0 1.1 1.0 NULL
4.9 1 2.0 1.0 line
6.9 0 1.0 1.0 NULL
7.9 1 2.0 1.0 line
9.9 0 1.9 1.0 NULL
11.8 1 2.0 1.0 line
13.8 0 1.0 1.0 NULL
14.8 1 2.0 1.0 line
16.8 0 1.0 1.0 NULL
17.8 1 2.0 1.0 line
19.8 0 1.5 1.0 NULL
21.3 1 2.0 1.0 line
23.3 0 1.0 1.0 NULL
24.3 1 2.0 1.0 line
26.299999999999997 0 2.0 1.0 NULL
28.299999999999997 1 2.0 1.0 line
30.299999999999997 0 1.0 1.0 NULL
31.299999999999997 1 2.0 1.0 line
33.3 0 1.2 1.0 NULL
34.5 1 2.0 1.0 line
36.5 0 1.0 1.0 NULL
37.5 1 2.0 1.0 line
39.5 0 1.1 1.0 NULL
40.6 1 2.0 1.0 line
42.6 0 1.6 1.0 NULL
44.2 1 2.0 1.0 line
46.2 0 1.1 1.0 NULL
47.300000000000004 1 2.0 1.0 line
49.300000000000004 0 1.4 1.0 NULL
50.7 1 2.0 1.0 line
52.7 0 1.0 1.0 NULL
53.7 1 2.0 1.0 line
55.7 0 1.0 1.0 NULL
56.7 1 2.0 1.0 line
58.7 0 1.0 1.0 NULL
59.7 1 2.0 1.0 line
61.7 0 1.0 1.0 NULL
62.7 1 2.0 1.0 line
64.69999999999999 0 1.3 1.0 NULL
65.99999999999999 1 2.0 1.0 line
67.99999999999999 0 1.8 1.0 NULL
69.79999999999998 1 2.0 1.0 line
71.79999999999998 0 1.0 1.0 NULL
72.79999999999998 1 2.0 1.0 line
74.79999999999998 0 1.1 1.0 NULL
75.89999999999998 1 2.0 1.0 line
77.9 0 1.0 1.0 NULL
78.9 1 2.0 1.0 line
80.9 0 1.7 1.0 NULL
82.60000000000001 1 2.0 1.0 line
84.60000000000001 0 1.1 1.0 NULL
85.7 1 2.0 1.0 line
87.7 0 1.7 1.0 NULL
89.4 1 2.0 1.0 line
91.4 0 1.7 1.0 NULL
93.10000000000001 1 2.0 1.0 line
95.10000000000001 0 1.0 1.0 NULL
96.10000000000001 1 2.0 1.0 line
98.10000000000001 0 1.4 1.0 NULL
99.50000000000001 1 2.0 1.0 line
101.50000000000001 0 1.9 1.0 NULL
103.40000000000002 1 2.0 1.0 line
105.39999999999999 0 1.2 1.0 NULL
106.6 1 2.0 1.0 line
108.6 0 1.2 1.0 NULL
109.8 1 2.0 1.0 line
111.8 0 1.1 1.0 NULL
112.89999999999999 1 2.0 1.0 line
114.89999999999999 0 1.1 1.0 NULL
115.99999999999999 1 2.0 1.0 line
118.0 0 1.3 1.0 NULL
119.3 1 2.0 1.0 line
121.3 0 1.2 1.0 NULL
122.5 1 2.0 1.0 line
124.5 0 1.1 1.0 NULL
125.6 1 2.0 1.0 line
127.6 0 1.2 1.0 NULL
128.79999999999998 1 2.0 1.0 line
130.8 0 1.0 1.0 NULL
