0.0 0 1.2 1.0 NULL
1.2 1 2.0 1.0 line
3.2 0 1.0 1.0 NULL
4.2 1 2.0 1.0 line
6.2 0 1.8 1.0 NULL
8.0 1 2.0 1.0 line
10.0 0 1.1 1.0 NULL
11.1 1 2.0 1.0 line
13.100000000000001 0 1.2 1.0 NULL
14.3 1 2.0 1.0 line
16.3 0 1.3 1.0 NULL
17.6 1 2.0 1.0 line
19.6 0 1.4 1.0 NULL
21.0 1 2.0 1.0 line
23.0 0 1.6 1.0 NULL
24.6 1 2.0 1.0 line
26.6 0 1.0 1.0 NULL
27.6 1 2.0 1.0 line
29.6 0 1.8 1.0 NULL
31.400000000000002 1 2.0 1.0 line
33.400000000000006 0 1.3 1.0 NULL
34.7 1 2.0 1.0 line
36.7 0 1.0 1.0 NULL
37.7 1 2.0 1.0 line
39.7 0 1.0 1.0 NULL
40.7 1 2.0 1.0 line
42.7 0 1.4 1.0 NULL
44.1 1 2.0 1.0 line
46.1 0 1.8 1.0 NULL
47.9 1 2.0 1.0 line
49.9 0 1.1 1.0 NULL
51.0 1 2.0 1.0 line
53.0 0 1.0 1.0 NULL
54.0 1 2.0 1.0 line
56.0 0 1.1 1.0 NULL
57.1 1 2.0 1.0 line
59.1 0 1.1 1.0 NULL
60.2 1 2.0 1.0 line
62.2 0 1.0 1.0 NULL
63.2 1 2.0 1.0 line
65.2 0 1.3 1.0 NULL
66.5 1 2.0 1.0 line
68.5 0 1.2 1.0 NULL
69.7 1 2.0 1.0 line
71.7 0 1.2 1.0 NULL
72.9 1 2.0 1.0 line
74.9 0 1.8 1.0 NULL
76.7 1 2.0 1.0 line
78.7 0 1.3 1.0 NULL
80.0 1 2.0 1.0 line
82.0 0 1.2 1.0 NULL
83.2 1 2.0 1.0 line
85.2 0 1.9 1.0 NULL
87.10000000000001 1 2.0 1.0 line
89.10000000000001 0 1.0 1.0 NULL
90.10000000000001 1 2.0 1.0 line
92.1 0 1.1 1.0 NULL
93.19999999999999 1 2.0 1.0 line
95.19999999999999 0 1.0 1.0 NULL
96.19999999999999 1 2.0 1.0 line
98.19999999999999 0 2.0 1.0 NULL
100.19999999999999 1 2.0 1.0 line
102.19999999999999 0 1.0 1.0 NULL
103.19999999999999 1 2.0 1.0 line
105.2 0 1.0 1.0 NULL
106.2 1 2.0 1.0 line
108.2 0 1.4 1.0 NULL
109.60000000000001 1 2.0 1.0 line
111.60000000000001 0 1.0 1.0 NULL
112.60000000000001 1 2.0 1.0 line
114.60000000000001 0 1.0 1.0 NULL
115.60000000000001 1 2.0 1.0 line
117.6 0 1.1 1.0 NULL
118.69999999999999 1 2.0 1.0 line
120.69999999999999 0 1.1 1.0 NULL
121.79999999999998 1 2.0 1.0 line
123.79999999999998 0 1.0 1.0 NULL
124.79999999999998 1 2.0 1.0 line
126.79999999999998 0 1.4 1.0 NULL
128.2 1 2.0 1.0 line
130.2 0 1.0 1.0 NULL
