0.0 0 1.0 1.0 NULL
1.0 1 2.0 1.0 line
3.0 0 1.0 1.0 NULL
4.0 1 2.0 1.0 line
6.0 0 1.0 1.0 NULL
7.0 1 2.0 1.0 line
9.0 0 1.2 1.0 NULL
10.2 1 2.0 1.0 line
12.2 0 1.0 1.0 NULL
13.2 1 2.0 1.0 line
15.2 0 1.1 1.0 NULL
16.3 1 2.0 1.0 line
18.3 0 1.3 1.0 NULL
19.6 1 2.0 1.0 line
21.6 0 1.6 1.0 NULL
23.200000000000003 1 2.0 1.0 line
25.2 0 1.1 1.0 NULL
26.3 1 2.0 1.0 line
28.3 0 1.5 1.0 NULL
29.8 1 2.0 1.0 line
31.8 0 1.3 1.0 NULL
33.1 1 2.0 1.0 line
35.1 0 1.3 1.0 NULL
36.4 1 2.0 1.0 line
38.4 0 1.7 1.0 NULL
40.1 1 2.0 1.0 line
42.1 0 1.1 1.0 NULL
43.2 1 2.0 1.0 line
45.2 0 1.0 1.0 NULL
46.2 1 2.0 1.0 line
48.2 0 1.9 1.0 NULL
50.1 1 2.0 1.0 line
52.1 0 1.1 1.0 NULL
53.2 1 2.0 1.0 line
55.2 0 1.0 1.0 NULL
56.2 1 2.0 1.0 line
58.2 0 1.0 1.0 NULL
59.2 1 2.0 1.0 line
61.2 0 1.0 1.0 NULL
62.2 1 2.0 1.0 line
64.2 0 1.9 1.0 NULL
66.10000000000001 1 2.0 1.0 line
68.10000000000001 0 1.0 1.0 NULL
69.10000000000001 1 2.0 1.0 line
71.10000000000001 0 1.6 1.0 NULL
72.7 1 2.0 1.0 line
74.7 0 1.3 1.0 NULL
76.0 1 2.0 1.0 line
78.0 0 1.9 1.0 NULL
79.9 1 2.0 1.0 line
81.9 0 1.3 1.0 NULL
83.2 1 2.0 1.0 line
85.2 0 1.0 1.0 NULL
86.2 1 2.0 1.0 line
88.2 0 1.1 1.0 NULL
89.3 1 2.0 1.0 line
91.3 0 2.0 1.0 NULL
93.3 1 2.0 1.0 line
95.3 0 1.0 1.0 NULL
96.3 1 2.0 1.0 line
98.3 0 1.2 1.0 NULL
99.5 1 2.0 1.0 line
101.5 0 1.3 1.0 NULL
102.8 1 2.0 1.0 line
104.80000000000001 0 1.0 1.0 NULL
105.80000000000001 1 2.0 1.0 line
107.80000000000001 0 1.4 1.0 NULL
109.20000000000002 1 2.0 1.0 line
111.20000000000002 0 1.5 1.0 NULL
112.70000000000002 1 2.0 1.0 line
114.70000000000002 0 1.0 1.0 NULL
115.70000000000002 1 2.0 1.0 line
117.7 0 1.0 1.0 NULL
118.7 1 2.0 1.0 line
120.7 0 1.3 1.0 NULL
122.0 1 2.0 1.0 line
124.0 0 1.0 1.0 NULL
125.0 1 2.0 1.0 line
127.0 0 1.0 1.0 NULL
128.0 1 2.0 1.0 line
130.0 0 1.0 1.0 NULL
