0.0 0 1.7 1.0 NULL
1.7 1 2.0 1.0 line
3.7 0 1.0 1.0 NULL
4.7 1 2.0 1.0 line
6.7 0 1.0 1.0 NULL
7.7 1 2.0 1.0 line
9.7 0 1.8 1.0 NULL
11.5 1 2.0 1.0 line
13.5 0 1.0 1.0 NULL
14.5 1 2.0 1.0 line
16.5 0 1.1 1.0 NULL
17.6 1 2.0 1.0 line
19.6 0 1.4 1.0 NULL
21.0 1 2.0 1.0 line
23.0 0 1.7 1.0 NULL
24.7 1 2.0 1.0 line
26.700000000000003 0 1.5 1.0 NULL
28.200000000000003 1 2.0 1.0 line
30.200000000000003 0 1.0 1.0 NULL
31.200000000000003 1 2.0 1.0 line
33.2 0 1.0 1.0 NULL
34.2 1 2.0 1.0 line
36.2 0 2.0 1.0 NULL
38.2 1 2.0 1.0 line
40.199999999999996 0 1.0 1.0 NULL
41.199999999999996 1 2.0 1.0 line
43.199999999999996 0 1.3 1.0 NULL
44.49999999999999 1 2.0 1.0 line
46.49999999999999 0 1.1 1.0 NULL
47.599999999999994 1 2.0 1.0 line
49.599999999999994 0 1.6 1.0 NULL
51.199999999999996 1 2.0 1.0 line
53.2 0 1.0 1.0 NULL
54.2 1 2.0 1.0 line
56.2 0 1.2 1.0 NULL
57.400000000000006 1 2.0 1.0 line
59.400000000000006 0 1.2 1.0 NULL
60.60000000000001 1 2.0 1.0 line
62.60000000000001 0 1.2 1.0 NULL
63.80000000000001 1 2.0 1.0 line
65.8 0 1.1 1.0 NULL
66.89999999999999 1 2.0 1.0 line
68.89999999999999 0 1.7 1.0 NULL
70.6 1 2.0 1.0 line
72.6 0 1.0 1.0 NULL
73.6 1 2.0 1.0 line
75.6 0 1.1 1.0 NULL
76.69999999999999 1 2.0 1.0 line
78.69999999999999 0 1.2 1.0 NULL
79.89999999999999 1 2.0 1.0 line
81.89999999999999 0 1.1 1.0 NULL
82.99999999999999 1 2.0 1.0 line
84.99999999999999 0 1.1 1.0 NULL
86.09999999999998 1 2.0 1.0 line
88.09999999999998 0 1.5 1.0 NULL
89.59999999999998 1 2.0 1.0 line
91.6 0 1.0 1.0 NULL
92.6 1 2.0 1.0 line
94.6 0 1.1 1.0 NULL
95.69999999999999 1 2.0 1.0 line
97.69999999999999 0 1.0 1.0 NULL
98.69999999999999 1 2.0 1.0 line
100.69999999999999 0 1.1 1.0 NULL
101.79999999999998 1 2.0 1.0 line
103.8 0 1.1 1.0 NULL
104.89999999999999 1 2.0 1.0 line
106.89999999999999 0 2.0 1.0 NULL
108.89999999999999 1 2.0 1.0 line
110.89999999999999 0 1.2 1.0 NULL
112.1 1 2.0 1.0 line
114.1 0 1.4 1.0 NULL
115.5 1 2.0 1.0 line
117.5 0 1.6 1.0 NULL
119.1 1 2.0 1.0 line
121.1 0 1.4 1.0 NULL
122.5 1 2.0 1.0 line
124.5 0 1.0 1.0 NULL
125.5 1 2.0 1.0 line
127.5 0 1.2 1.0 NULL
128.7 1 2.0 1.0 line
130.7 0 1.0 1.0 NULL
