0.0 0 1.0 1.0 NULL
1.0 1 2.0 1.0 line
3.0 0 1.0 1.0 NULL
4.0 1 2.0 1.0 line
6.0 0 1.0 1.0 NULL
7.0 1 2.0 1.0 line
9.0 0 1.2 1.0 NULL
10.2 1 2.0 1.0 line
12.2 0 1.6 1.0 NULL
13.799999999999999 1 2.0 1.0 line
15.799999999999999 0 1.0 1.0 NULL
16.799999999999997 1 2.0 1.0 line
18.799999999999997 0 1.2 1.0 NULL
19.999999999999996 1 2.0 1.0 line
21.999999999999996 0 1.0 1.0 NULL
22.999999999999996 1 2.0 1.0 line
25.0 0 1.0 1.0 NULL
26.0 1 2.0 1.0 line
28.0 0 1.5 1.0 NULL
29.5 1 2.0 1.0 line
31.5 0 1.0 1.0 NULL
32.5 1 2.0 1.0 line
34.5 0 1.1 1.0 NULL
35.6 1 2.0 1.0 line
37.6 0 1.5 1.0 NULL
39.1 1 2.0 1.0 line
41.1 0 1.0 1.0 NULL
42.1 1 2.0 1.0 line
44.1 0 2.0 1.0 NULL
46.1 1 2.0 1.0 line
48.1 0 1.0 1.0 NULL
49.1 1 2.0 1.0 line
51.1 0 1.3 1.0 NULL
52.4 1 2.0 1.0 line
54.4 0 1.1 1.0 NULL
55.5 1 2.0 1.0 line
57.5 0 1.9 1.0 NULL
59.4 1 2.0 1.0 line
61.4 0 1.0 1.0 NULL
62.4 1 2.0 1.0 line
64.4 0 1.2 1.0 NULL
65.60000000000001 1 2.0 1.0 line
67.60000000000001 0 1.0 1.0 NULL
68.60000000000001 1 2.0 1.0 line
70.60000000000001 0 1.9 1.0 NULL
72.50000000000001 1 2.0 1.0 line
74.50000000000001 0 1.0 1.0 NULL
75.50000000000001 1 2.0 1.0 line
77.5 0 1.2 1.0 NULL
78.7 1 2.0 1.0 line
80.7 0 1.7 1.0 NULL
82.4 1 2.0 1.0 line
84.4 0 1.1 1.0 NULL
85.5 1 2.0 1.0 line
87.5 0 1.1 1.0 NULL
88.6 1 2.0 1.0 line
90.6 0 1.1 1.0 NULL
91.69999999999999 1 2.0 1.0 line
93.69999999999999 0 1.1 1.0 NULL
94.79999999999998 1 2.0 1.0 line
96.79999999999998 0 1.2 1.0 NULL
97.99999999999999 1 2.0 1.0 line
99.99999999999999 0 1.8 1.0 NULL
101.79999999999998 1 2.0 1.0 line
103.8 0 1.5 1.0 NULL
105.3 1 2.0 1.0 line
107.3 0 1.9 1.0 NULL
109.2 1 2.0 1.0 line
111.2 0 1.2 1.0 NULL
112.4 1 2.0 1.0 line
114.4 0 1.2 1.0 NULL
115.60000000000001 1 2.0 1.0 line
117.6 0 1.2 1.0 NULL
118.8 1 2.0 1.0 line
120.8 0 1.1 1.0 NULL
121.89999999999999 1 2.0 1.0 line
123.89999999999999 0 1.0 1.0 NULL
124.89999999999999 1 2.0 1.0 line
126.89999999999999 0 1.0 1.0 NULL
127.89999999999999 1 2.0 1.0 line
129.9 0 1.1 1.0 NULL
