0.0 0 1.0 1.0 NULL
1.0 1 2.0 1.0 line
3.0 0 1.0 1.0 NULL
4.0 1 2.0 1.0 line
6.0 0 1.0 1.0 NULL
7.0 1 2.0 1.0 line
9.0 0 1.0 1.0 NULL
10.0 1 2.0 1.0 line
12.0 0 1.1 1.0 NULL
13.1 1 2.0 1.0 line
15.1 0 1.2 1.0 NULL
16.3 1 2.0 1.0 line
18.3 0 1.1 1.0 NULL
19.400000000000002 1 2.0 1.0 line
21.400000000000002 0 1.0 1.0 NULL
22.400000000000002 1 2.0 1.0 line
24.4 0 1.3 1.0 NULL
25.7 1 2.0 1.0 line
27.7 0 1.0 1.0 NULL
28.7 1 2.0 1.0 line
30.7 0 1.3 1.0 NULL
32.0 1 2.0 1.0 line
34.0 0 1.2 1.0 NULL
35.2 1 2.0 1.0 line
37.2 0 1.2 1.0 NULL
38.400000000000006 1 2.0 1.0 line
40.400000000000006 0 1.2 1.0 NULL
41.60000000000001 1 2.0 1.0 line
43.60000000000001 0 1.0 1.0 NULL
44.60000000000001 1 2.0 1.0 line
46.60000000000001 0 2.0 1.0 NULL
48.60000000000001 1 2.0 1.0 line
50.6 0 1.1 1.0 NULL
51.7 1 2.0 1.0 line
53.7 0 1.1 1.0 NULL
54.800000000000004 1 2.0 1.0 line
56.800000000000004 0 1.0 1.0 NULL
57.800000000000004 1 2.0 1.0 line
59.800000000000004 0 1.0 1.0 NULL
60.800000000000004 1 2.0 1.0 line
62.800000000000004 0 1.8 1.0 NULL
64.60000000000001 1 2.0 1.0 line
66.60000000000001 0 1.0 1.0 NULL
67.60000000000001 1 2.0 1.0 line
69.60000000000001 0 1.9 1.0 NULL
71.50000000000001 1 2.0 1.0 line
73.50000000000001 0 1.0 1.0 NULL
74.50000000000001 1 2.0 1.0 line
76.5 0 1.3 1.0 NULL
77.8 1 2.0 1.0 line
79.8 0 1.8 1.0 NULL
81.6 1 2.0 1.0 line
83.6 0 1.2 1.0 NULL
84.8 1 2.0 1.0 line
86.8 0 1.0 1.0 NULL
87.8 1 2.0 1.0 line
89.80000000000001 0 2.0 1.0 NULL
91.80000000000001 1 2.0 1.0 line
93.80000000000001 0 1.4 1.0 NULL
95.20000000000002 1 2.0 1.0 line
97.20000000000002 0 1.0 1.0 NULL
98.20000000000002 1 2.0 1.0 line
100.20000000000002 0 1.0 1.0 NULL
101.20000000000002 1 2.0 1.0 line
103.2 0 1.9 1.0 NULL
105.10000000000001 1 2.0 1.0 line
107.10000000000001 0 1.0 1.0 NULL
108.10000000000001 1 2.0 1.0 line
110.10000000000001 0 1.0 1.0 NULL
111.10000000000001 1 2.0 1.0 line
113.10000000000001 0 1.3 1.0 NULL
114.4 1 2.0 1.0 line
116.4 0 1.4 1.0 NULL
117.80000000000001 1 2.0 1.0 line
119.80000000000001 0 1.4 1.0 NULL
121.20000000000002 1 2.0 1.0 line
123.20000000000002 0 1.0 1.0 NULL
124.20000000000002 1 2.0 1.0 line
126.20000000000002 0 1.1 1.0 NULL
127.30000000000001 1 2.0 1.0 line
129.3 0 1.7 1.0 NULL
