0.0 0 1.5 1.0 NULL
1.5 1 2.0 1.0 line
3.5 0 1.1 1.0 NULL
4.6 1 2.0 1.0 line
6.6 0 1.2 1.0 NULL
7.8 1 2.0 1.0 line
9.8 0 1.0 1.0 NULL
10.8 1 2.0 1.0 line
12.8 0 1.7 1.0 NULL
14.5 1 2.0 1.0 line
16.5 0 1.0 1.0 NULL
17.5 1 2.0 1.0 line
19.5 0 1.2 1.0 NULL
20.7 1 2.0 1.0 line
22.7 0 1.7 1.0 NULL
24.4 1 2.0 1.0 line
26.400000000000002 0 1.3 1.0 NULL
27.700000000000003 1 2.0 1.0 line
29.700000000000003 0 1.1 1.0 NULL
30.800000000000004 1 2.0 1.0 line
32.800000000000004 0 1.3 1.0 NULL
34.1 1 2.0 1.0 line
36.1 0 1.0 1.0 NULL
37.1 1 2.0 1.0 line
39.099999999999994 0 1.5 1.0 NULL
40.599999999999994 1 2.0 1.0 line
42.599999999999994 0 1.2 1.0 NULL
43.8 1 2.0 1.0 line
45.8 0 1.8 1.0 NULL
47.599999999999994 1 2.0 1.0 line
49.599999999999994 0 1.0 1.0 NULL
50.599999999999994 1 2.0 1.0 line
52.599999999999994 0 1.2 1.0 NULL
53.8 1 2.0 1.0 line
55.8 0 1.1 1.0 NULL
56.9 1 2.0 1.0 line
58.9 0 2.0 1.0 NULL
60.9 1 2.0 1.0 line
62.9 0 1.4 1.0 NULL
64.3 1 2.0 1.0 line
66.30000000000001 0 1.0 1.0 NULL
67.30000000000001 1 2.0 1.0 line
69.30000000000001 0 1.5 1.0 NULL
70.80000000000001 1 2.0 1.0 line
72.80000000000001 0 1.1 1.0 NULL
73.9 1 2.0 1.0 line
75.9 0 1.0 1.0 NULL
76.9 1 2.0 1.0 line
78.9 0 1.2 1.0 NULL
80.10000000000001 1 2.0 1.0 line
82.10000000000001 0 1.6 1.0 NULL
83.7 1 2.0 1.0 line
85.7 0 1.3 1.0 NULL
87.0 1 2.0 1.0 line
89.0 0 2.0 1.0 NULL
91.0 1 2.0 1.0 line
93.0 0 1.0 1.0 NULL
94.0 1 2.0 1.0 line
96.0 0 1.1 1.0 NULL
97.1 1 2.0 1.0 line
99.1 0 1.6 1.0 NULL
100.69999999999999 1 2.0 1.0 line
102.69999999999999 0 1.3 1.0 NULL
103.99999999999999 1 2.0 1.0 line
106.0 0 1.0 1.0 NULL
107.0 1 2.0 1.0 line
109.0 0 1.1 1.0 NULL
110.1 1 2.0 1.0 line
112.1 0 1.0 1.0 NULL
113.1 1 2.0 1.0 line
115.1 0 1.4 1.0 NULL
116.5 1 2.0 1.0 line
118.5 0 1.0 1.0 NULL
119.5 1 2.0 1.0 line
121.5 0 1.0 1.0 NULL
122.5 1 2.0 1.0 line
124.5 0 1.0 1.0 NULL
125.5 1 2.0 1.0 line
127.5 0 1.0 1.0 NULL
128.5 1 2.0 1.0 line
130.5 0 1.0 1.0 NULL
