0.0 0 1.0 1.0 NULL
1.0 1 2.0 1.0 line
3.0 0 1.1 1.0 NULL
4.1 1 2.0 1.0 line
6.1 0 1.1 1.0 NULL
7.199999999999999 1 2.0 1.0 line
9.2 0 1.0 1.0 NULL
10.2 1 2.0 1.0 line
12.2 0 1.1 1.0 NULL
13.299999999999999 1 2.0 1.0 line
15.299999999999999 0 1.5 1.0 NULL
16.799999999999997 1 2.0 1.0 line
18.799999999999997 0 1.4 1.0 NULL
20.199999999999996 1 2.0 1.0 line
22.199999999999996 0 1.0 1.0 NULL
23.199999999999996 1 2.0 1.0 line
25.2 0 1.7 1.0 NULL
26.9 1 2.0 1.0 line
28.9 0 1.0 1.0 NULL
29.9 1 2.0 1.0 line
31.9 0 1.1 1.0 NULL
33.0 1 2.0 1.0 line
35.0 0 1.1 1.0 NULL
36.1 1 2.0 1.0 line
38.099999999999994 0 1.2 1.0 NULL
39.3 1 2.0 1.0 line
41.3 0 2.0 1.0 NULL
43.3 1 2.0 1.0 line
45.3 0 1.0 1.0 NULL
46.3 1 2.0 1.0 line
48.3 0 1.4 1.0 NULL
49.699999999999996 1 2.0 1.0 line
51.7 0 1.0 1.0 NULL
52.7 1 2.0 1.0 line
54.7 0 1.0 1.0 NULL
55.7 1 2.0 1.0 line
57.7 0 1.1 1.0 NULL
58.800000000000004 1 2.0 1.0 line
60.800000000000004 0 1.3 1.0 NULL
62.1 1 2.0 1.0 line
64.1 0 1.1 1.0 NULL
65.19999999999999 1 2.0 1.0 line
67.19999999999999 0 1.0 1.0 NULL
68.19999999999999 1 2.0 1.0 line
70.19999999999999 0 1.5 1.0 NULL
71.69999999999999 1 2.0 1.0 line
73.69999999999999 0 1.0 1.0 NULL
74.69999999999999 1 2.0 1.0 line
76.7 0 2.0 1.0 NULL
78.7 1 2.0 1.0 line
80.7 0 1.0 1.0 NULL
81.7 1 2.0 1.0 line
83.7 0 1.5 1.0 NULL
85.2 1 2.0 1.0 line
87.2 0 1.4 1.0 NULL
88.60000000000001 1 2.0 1.0 line
90.6 0 1.7 1.0 NULL
92.3 1 2.0 1.0 line
94.3 0 1.0 1.0 NULL
95.3 1 2.0 1.0 line
97.3 0 1.3 1.0 NULL
98.6 1 2.0 1.0 line
100.6 0 1.4 1.0 NULL
102.0 1 2.0 1.0 line
104.0 0 1.0 1.0 NULL
105.0 1 2.0 1.0 line
107.0 0 1.9 1.0 NULL
108.9 1 2.0 1.0 line
110.9 0 1.2 1.0 NULL
112.10000000000001 1 2.0 1.0 line
114.10000000000001 0 1.0 1.0 NULL
115.10000000000001 1 2.0 1.0 line
117.1 0 1.3 1.0 NULL
118.39999999999999 1 2.0 1.0 line
120.39999999999999 0 1.3 1.0 NULL
121.69999999999999 1 2.0 1.0 line
123.69999999999999 0 1.2 1.0 NULL
124.89999999999999 1 2.0 1.0 line
126.89999999999999 0 1.0 1.0 NULL
127.89999999999999 1 2.0 1.0 line
129.9 0 1.1 1.0 NULL
