0.0 0 1.0 1.0 NULL
1.0 1 2.0 1.0 line
3.0 0 1.0 1.0 NULL
4.0 1 2.0 1.0 line
6.0 0 1.0 1.0 NULL
7.0 1 2.0 1.0 line
9.0 0 1.3 1.0 NULL
10.3 1 2.0 1.0 line
12.3 0 1.0 1.0 NULL
13.3 1 2.0 1.0 line
15.3 0 1.2 1.0 NULL
16.5 1 2.0 1.0 line
18.5 0 1.2 1.0 NULL
19.7 1 2.0 1.0 line
21.7 0 1.0 1.0 NULL
22.7 1 2.0 1.0 line
24.7 0 1.1 1.0 NULL
25.8 1 2.0 1.0 line
27.8 0 1.2 1.0 NULL
29.0 1 2.0 1.0 line
31.0 0 1.1 1.0 NULL
32.1 1 2.0 1.0 line
34.1 0 1.0 1.0 NULL
35.1 1 2.0 1.0 line
37.1 0 1.6 1.0 NULL
38.7 1 2.0 1.0 line
40.7 0 1.7 1.0 NULL
42.400000000000006 1 2.0 1.0 line
44.400000000000006 0 1.1 1.0 NULL
45.50000000000001 1 2.0 1.0 line
47.50000000000001 0 1.1 1.0 NULL
48.60000000000001 1 2.0 1.0 line
50.6 0 2.0 1.0 NULL
52.6 1 2.0 1.0 line
54.6 0 1.0 1.0 NULL
55.6 1 2.0 1.0 line
57.6 0 2.0 1.0 NULL
59.6 1 2.0 1.0 line
61.6 0 1.0 1.0 NULL
62.6 1 2.0 1.0 line
64.6 0 1.1 1.0 NULL
65.69999999999999 1 2.0 1.0 line
67.69999999999999 0 1.0 1.0 NULL
68.69999999999999 1 2.0 1.0 line
70.69999999999999 0 1.9 1.0 NULL
72.6 1 2.0 1.0 line
74.6 0 1.1 1.0 NULL
75.69999999999999 1 2.0 1.0 line
77.7 0 1.3 1.0 NULL
79.0 1 2.0 1.0 line
81.0 0 1.0 1.0 NULL
82.0 1 2.0 1.0 line
84.0 0 1.0 1.0 NULL
85.0 1 2.0 1.0 line
87.0 0 1.5 1.0 NULL
88.5 1 2.0 1.0 line
90.5 0 1.0 1.0 NULL
91.5 1 2.0 1.0 line
93.5 0 1.0 1.0 NULL
94.5 1 2.0 1.0 line
96.5 0 2.0 1.0 NULL
98.5 1 2.0 1.0 line
100.5 0 1.2 1.0 NULL
101.7 1 2.0 1.0 line
103.7 0 1.0 1.0 NULL
104.7 1 2.0 1.0 line
106.7 0 1.9 1.0 NULL
108.60000000000001 1 2.0 1.0 line
110.60000000000001 0 1.1 1.0 NULL
111.7 1 2.0 1.0 line
113.7 0 1.1 1.0 NULL
114.8 1 2.0 1.0 line
116.8 0 1.3 1.0 NULL
118.1 1 2.0 1.0 line
120.1 0 1.0 1.0 NULL
121.1 1 2.0 1.0 line
123.1 0 1.2 1.0 NULL
124.3 1 2.0 1.0 line
126.3 0 1.0 1.0 NULL
127.3 1 2.0 1.0 line
129.3 0 1.7 1.0 NULL
