0.0 0 1.0 1.0 NULL
1.0 1 2.0 1.0 line
3.0 0 1.1 1.0 NULL
4.1 1 2.0 1.0 line
6.1 0 1.7 1.0 NULL
7.8 1 2.0 1.0 line
9.8 0 1.1 1.0 NULL
10.9 1 2.0 1.0 line
12.9 0 1.0 1.0 NULL
13.9 1 2.0 1.0 line
15.9 0 1.0 1.0 NULL
16.9 1 2.0 1.0 line
18.9 0 1.0 1.0 NULL
19.9 1 2.0 1.0 line
21.9 0 1.3 1.0 NULL
23.2 1 2.0 1.0 line
25.200000000000003 0 1.7 1.0 NULL
26.900000000000002 1 2.0 1.0 line
28.900000000000002 0 1.2 1.0 NULL
30.1 1 2.0 1.0 line
32.1 0 2.0 1.0 NULL
34.1 1 2.0 1.0 line
36.1 0 1.2 1.0 NULL
37.300000000000004 1 2.0 1.0 line
39.3 0 1.1 1.0 NULL
40.4 1 2.0 1.0 line
42.4 0 1.0 1.0 NULL
43.4 1 2.0 1.0 line
45.4 0 1.9 1.0 NULL
47.3 1 2.0 1.0 line
49.3 0 1.4 1.0 NULL
50.699999999999996 1 2.0 1.0 line
52.7 0 1.0 1.0 NULL
53.7 1 2.0 1.0 line
55.7 0 1.1 1.0 NULL
56.800000000000004 1 2.0 1.0 line
58.800000000000004 0 1.0 1.0 NULL
59.800000000000004 1 2.0 1.0 line
61.800000000000004 0 1.1 1.0 NULL
62.900000000000006 1 2.0 1.0 line
64.9 0 1.2 1.0 NULL
66.10000000000001 1 2.0 1.0 line
68.10000000000001 0 1.0 1.0 NULL
69.10000000000001 1 2.0 1.0 line
71.10000000000001 0 1.1 1.0 NULL
72.2 1 2.0 1.0 line
74.2 0 1.1 1.0 NULL
75.3 1 2.0 1.0 line
77.3 0 1.4 1.0 NULL
78.7 1 2.0 1.0 line
80.7 0 1.1 1.0 NULL
81.8 1 2.0 1.0 line
83.8 0 1.1 1.0 NULL
84.89999999999999 1 2.0 1.0 line
86.89999999999999 0 2.0 1.0 NULL
88.89999999999999 1 2.0 1.0 line
90.9 0 1.1 1.0 NULL
92.0 1 2.0 1.0 line
94.0 0 1.1 1.0 NULL
95.1 1 2.0 1.0 line
97.1 0 1.2 1.0 NULL
98.3 1 2.0 1.0 line
100.3 0 1.9 1.0 NULL
102.2 1 2.0 1.0 line
104.2 0 1.0 1.0 NULL
105.2 1 2.0 1.0 line
107.2 0 1.6 1.0 NULL
108.8 1 2.0 1.0 line
110.8 0 1.8 1.0 NULL
112.6 1 2.0 1.0 line
114.6 0 1.0 1.0 NULL
115.6 1 2.0 1.0 line
117.6 0 1.0 1.0 NULL
118.6 1 2.0 1.0 line
120.6 0 1.0 1.0 NULL
121.6 1 2.0 1.0 line
123.6 0 1.2 1.0 NULL
124.8 1 2.0 1.0 line
126.8 0 1.1 1.0 NULL
127.89999999999999 1 2.0 1.0 line
129.9 0 1.1 1.0 NULL
