0.0 0 1.0 1.0 NULL
1.0 1 2.0 1.0 line
3.0 0 1.1 1.0 NULL
4.1 1 2.0 1.0 line
6.1 0 1.0 1.0 NULL
7.1 1 2.0 1.0 line
9.1 0 2.0 1.0 NULL
11.1 1 2.0 1.0 line
13.1 0 1.2 1.0 NULL
14.299999999999999 1 2.0 1.0 line
16.299999999999997 0 1.3 1.0 NULL
17.599999999999998 1 2.0 1.0 line
19.599999999999998 0 1.0 1.0 NULL
20.599999999999998 1 2.0 1.0 line
22.599999999999998 0 1.0 1.0 NULL
23.599999999999998 1 2.0 1.0 line
25.6 0 1.5 1.0 NULL
27.1 1 2.0 1.0 line
29.1 0 1.3 1.0 NULL
30.400000000000002 1 2.0 1.0 line
32.400000000000006 0 1.2 1.0 NULL
33.60000000000001 1 2.0 1.0 line
35.60000000000001 0 1.4 1.0 NULL
37.00000000000001 1 2.0 1.0 line
39.0 0 1.0 1.0 NULL
40.0 1 2.0 1.0 line
42.0 0 1.3 1.0 NULL
43.3 1 2.0 1.0 line
45.3 0 1.0 1.0 NULL
46.3 1 2.0 1.0 line
48.3 0 1.7 1.0 NULL
50.0 1 2.0 1.0 line
52.0 0 1.1 1.0 NULL
53.1 1 2.0 1.0 line
55.1 0 1.1 1.0 NULL
56.2 1 2.0 1.0 line
58.2 0 1.6 1.0 NULL
59.800000000000004 1 2.0 1.0 line
61.800000000000004 0 1.3 1.0 NULL
63.1 1 2.0 1.0 line
65.10000000000001 0 1.0 1.0 NULL
66.10000000000001 1 2.0 1.0 line
68.10000000000001 0 1.0 1.0 NULL
69.10000000000001 1 2.0 1.0 line
71.10000000000001 0 1.1 1.0 NULL
72.2 1 2.0 1.0 line
74.2 0 1.2 1.0 NULL
75.4 1 2.0 1.0 line
77.4 0 1.4 1.0 NULL
78.80000000000001 1 2.0 1.0 line
80.80000000000001 0 1.5 1.0 NULL
82.30000000000001 1 2.0 1.0 line
84.30000000000001 0 1.0 1.0 NULL
85.30000000000001 1 2.0 1.0 line
87.30000000000001 0 1.0 1.0 NULL
88.30000000000001 1 2.0 1.0 line
90.30000000000001 0 1.1 1.0 NULL
91.4 1 2.0 1.0 line
93.4 0 1.9 1.0 NULL
95.30000000000001 1 2.0 1.0 line
97.30000000000001 0 1.0 1.0 NULL
98.30000000000001 1 2.0 1.0 line
100.30000000000001 0 1.7 1.0 NULL
102.00000000000001 1 2.0 1.0 line
104.0 0 1.6 1.0 NULL
105.6 1 2.0 1.0 line
107.6 0 2.0 1.0 NULL
109.6 1 2.0 1.0 line
111.6 0 1.1 1.0 NULL
112.69999999999999 1 2.0 1.0 line
114.69999999999999 0 1.0 1.0 NULL
115.69999999999999 1 2.0 1.0 line
117.69999999999999 0 1.1 1.0 NULL
118.79999999999998 1 2.0 1.0 line
120.79999999999998 0 1.0 1.0 NULL
121.79999999999998 1 2.0 1.0 line
123.79999999999998 0 1.0 1.0 NULL
124.79999999999998 1 2.0 1.0 line
126.79999999999998 0 1.0 1.0 NULL
127.79999999999998 1 2.0 1.0 line
129.8 0 1.2 1.0 NULL
