0.0 0 1.1 1.0 NULL
1.1 1 2.0 1.0 line
3.1 0 1.1 1.0 NULL
4.2 1 2.0 1.0 line
6.2 0 1.3 1.0 NULL
7.5 1 2.0 1.0 line
9.5 0 1.0 1.0 NULL
10.5 1 2.0 1.0 line
12.5 0 1.2 1.0 NULL
13.7 1 2.0 1.0 line
15.7 0 1.2 1.0 NULL
16.9 1 2.0 1.0 line
18.9 0 1.7 1.0 NULL
20.599999999999998 1 2.0 1.0 line
22.599999999999998 0 1.0 1.0 NULL
23.599999999999998 1 2.0 1.0 line
25.6 0 1.0 1.0 NULL
26.6 1 2.0 1.0 line
28.6 0 1.4 1.0 NULL
30.0 1 2.0 1.0 line
32.0 0 1.1 1.0 NULL
33.1 1 2.0 1.0 line
35.1 0 1.5 1.0 NULL
36.6 1 2.0 1.0 line
38.6 0 1.0 1.0 NULL
39.6 1 2.0 1.0 line
41.6 0 1.1 1.0 NULL
42.7 1 2.0 1.0 line
44.7 0 1.0 1.0 NULL
45.7 1 2.0 1.0 line
47.7 0 2.0 1.0 NULL
49.7 1 2.0 1.0 line
51.7 0 1.1 1.0 NULL
52.800000000000004 1 2.0 1.0 line
54.800000000000004 0 1.8 1.0 NULL
56.6 1 2.0 1.0 line
58.6 0 1.1 1.0 NULL
59.7 1 2.0 1.0 line
61.7 0 1.0 1.0 NULL
62.7 1 2.0 1.0 line
64.7 0 1.8 1.0 NULL
66.5 1 2.0 1.0 line
68.5 0 1.1 1.0 NULL
69.6 1 2.0 1.0 line
71.6 0 1.3 1.0 NULL
72.89999999999999 1 2.0 1.0 line
74.89999999999999 0 1.2 1.0 NULL
76.1 1 2.0 1.0 line
78.1 0 1.0 1.0 NULL
79.1 1 2.0 1.0 line
81.1 0 1.4 1.0 NULL
82.5 1 2.0 1.0 line
84.5 0 2.0 1.0 NULL
86.5 1 2.0 1.0 line
88.5 0 1.1 1.0 NULL
89.6 1 2.0 1.0 line
91.6 0 1.2 1.0 NULL
92.8 1 2.0 1.0 line
94.8 0 1.5 1.0 NULL
96.3 1 2.0 1.0 line
98.3 0 1.7 1.0 NULL
100.0 1 2.0 1.0 line
102.0 0 1.2 1.0 NULL
103.2 1 2.0 1.0 line
105.2 0 1.0 1.0 NULL
106.2 1 2.0 1.0 line
108.2 0 1.4 1.0 NULL
109.60000000000001 1 2.0 1.0 line
111.60000000000001 0 1.0 1.0 NULL
112.60000000000001 1 2.0 1.0 line
114.60000000000001 0 1.0 1.0 NULL
115.60000000000001 1 2.0 1.0 line
117.6 0 1.3 1.0 NULL
118.89999999999999 1 2.0 1.0 line
120.89999999999999 0 1.0 1.0 NULL
121.89999999999999 1 2.0 1.0 line
123.89999999999999 0 1.1 1.0 NULL
124.99999999999999 1 2.0 1.0 line
126.99999999999999 0 1.1 1.0 NULL
128.1 1 2.0 1.0 line
130.10000000000002 0 1.0 1.0 NULL
