0.0 0 1.2 1.0 NULL
1.2 1 2.0 1.0 line
3.2 0 1.1 1.0 NULL
4.300000000000001 1 2.0 1.0 line
6.300000000000001 0 1.3 1.0 NULL
7.6000000000000005 1 2.0 1.0 line
9.600000000000001 0 1.6 1.0 NULL
11.200000000000001 1 2.0 1.0 line
13.200000000000001 0 1.2 1.0 NULL
14.4 1 2.0 1.0 line
16.4 0 1.1 1.0 NULL
17.5 1 2.0 1.0 line
19.5 0 1.0 1.0 NULL
20.5 1 2.0 1.0 line
22.5 0 1.4 1.0 NULL
23.9 1 2.0 1.0 line
25.900000000000002 0 1.4 1.0 NULL
27.3 1 2.0 1.0 line
29.3 0 1.0 1.0 NULL
30.3 1 2.0 1.0 line
32.3 0 1.2 1.0 NULL
33.5 1 2.0 1.0 line
35.5 0 1.0 1.0 NULL
36.5 1 2.0 1.0 line
38.5 0 1.0 1.0 NULL
39.5 1 2.0 1.0 line
41.5 0 1.5 1.0 NULL
43.0 1 2.0 1.0 line
45.0 0 1.0 1.0 NULL
46.0 1 2.0 1.0 line
48.0 0 1.0 1.0 NULL
49.0 1 2.0 1.0 line
51.0 0 1.4 1.0 NULL
52.4 1 2.0 1.0 line
54.4 0 1.0 1.0 NULL
55.4 1 2.0 1.0 line
57.4 0 1.1 1.0 NULL
58.5 1 2.0 1.0 line
60.5 0 1.2 1.0 NULL
61.7 1 2.0 1.0 line
63.699999999999996 0 1.1 1.0 NULL
64.8 1 2.0 1.0 line
66.8 0 1.2 1.0 NULL
68.0 1 2.0 1.0 line
70.0 0 2.0 1.0 NULL
72.0 1 2.0 1.0 line
74.0 0 1.0 1.0 NULL
75.0 1 2.0 1.0 line
77.0 0 1.3 1.0 NULL
78.3 1 2.0 1.0 line
80.3 0 1.2 1.0 NULL
81.5 1 2.0 1.0 line
83.5 0 1.0 1.0 NULL
84.5 1 2.0 1.0 line
86.5 0 1.0 1.0 NULL
87.5 1 2.0 1.0 line
89.5 0 2.0 1.0 NULL
91.5 1 2.0 1.0 line
93.5 0 1.2 1.0 NULL
94.7 1 2.0 1.0 line
96.7 0 1.9 1.0 NULL
98.60000000000001 1 2.0 1.0 line
100.60000000000001 0 1.4 1.0 NULL
102.00000000000001 1 2.0 1.0 line
104.0 0 1.1 1.0 NULL
105.1 1 2.0 1.0 line
107.1 0 1.3 1.0 NULL
108.39999999999999 1 2.0 1.0 line
110.39999999999999 0 1.6 1.0 NULL
111.99999999999999 1 2.0 1.0 line
113.99999999999999 0 1.1 1.0 NULL
115.09999999999998 1 2.0 1.0 line
117.1 0 2.0 1.0 NULL
119.1 1 2.0 1.0 line
121.1 0 1.1 1.0 NULL
122.19999999999999 1 2.0 1.0 line
124.19999999999999 0 1.0 1.0 NULL
125.19999999999999 1 2.0 1.0 line
127.19999999999999 0 1.0 1.0 NULL
128.2 1 2.0 1.0 line
130.2 0 1.0 1.0 NULL
