0.0 0 1.2 1.0 NULL
1.2 1 2.0 1.0 line
3.2 0 1.0 1.0 NULL
4.2 1 2.0 1.0 line
6.2 0 1.5 1.0 NULL
7.7 1 2.0 1.0 line
9.7 0 1.1 1.0 NULL
10.799999999999999 1 2.0 1.0 line
12.8 0 1.0 1.0 NULL
13.8 1 2.0 1.0 line
15.8 0 1.1 1.0 NULL
16.900000000000002 1 2.0 1.0 line
18.900000000000002 0 1.1 1.0 NULL
20.000000000000004 1 2.0 1.0 line
22.000000000000004 0 1.2 1.0 NULL
23.200000000000003 1 2.0 1.0 line
25.2 0 1.2 1.0 NULL
26.4 1 2.0 1.0 line
28.4 0 1.9 1.0 NULL
30.299999999999997 1 2.0 1.0 line
32.3 0 1.4 1.0 NULL
33.699999999999996 1 2.0 1.0 line
35.699999999999996 0 1.0 1.0 NULL
36.699999999999996 1 2.0 1.0 line
38.7 0 1.1 1.0 NULL
39.800000000000004 1 2.0 1.0 line
41.800000000000004 0 1.5 1.0 NULL
43.300000000000004 1 2.0 1.0 line
45.300000000000004 0 1.1 1.0 NULL
46.400000000000006 1 2.0 1.0 line
48.400000000000006 0 1.0 1.0 NULL
49.400000000000006 1 2.0 1.0 line
51.4 0 1.0 1.0 NULL
52.4 1 2.0 1.0 line
54.4 0 1.4 1.0 NULL
55.8 1 2.0 1.0 line
57.8 0 1.8 1.0 NULL
59.599999999999994 1 2.0 1.0 line
61.599999999999994 0 1.3 1.0 NULL
62.89999999999999 1 2.0 1.0 line
64.9 0 1.0 1.0 NULL
65.9 1 2.0 1.0 line
67.9 0 1.2 1.0 NULL
69.10000000000001 1 2.0 1.0 line
71.10000000000001 0 1.0 1.0 NULL
72.10000000000001 1 2.0 1.0 line
74.10000000000001 0 2.0 1.0 NULL
76.10000000000001 1 2.0 1.0 line
78.1 0 1.0 1.0 NULL
79.1 1 2.0 1.0 line
81.1 0 1.5 1.0 NULL
82.6 1 2.0 1.0 line
84.6 0 1.3 1.0 NULL
85.89999999999999 1 2.0 1.0 line
87.89999999999999 0 1.2 1.0 NULL
89.1 1 2.0 1.0 line
91.1 0 1.8 1.0 NULL
92.89999999999999 1 2.0 1.0 line
94.89999999999999 0 1.2 1.0 NULL
96.1 1 2.0 1.0 line
98.1 0 1.0 1.0 NULL
99.1 1 2.0 1.0 line
101.1 0 1.0 1.0 NULL
102.1 1 2.0 1.0 line
104.1 0 1.8 1.0 NULL
105.89999999999999 1 2.0 1.0 line
107.89999999999999 0 1.2 1.0 NULL
109.1 1 2.0 1.0 line
111.1 0 1.1 1.0 NULL
112.19999999999999 1 2.0 1.0 line
114.19999999999999 0 1.6 1.0 NULL
115.79999999999998 1 2.0 1.0 line
117.8 0 1.0 1.0 NULL
118.8 1 2.0 1.0 line
120.8 0 1.0 1.0 NULL
121.8 1 2.0 1.0 line
123.8 0 1.1 1.0 NULL
124.89999999999999 1 2.0 1.0 line
126.89999999999999 0 1.1 1.0 NULL
127.99999999999999 1 2.0 1.0 line
130.0 0 1.2 1.0 NULL
