0.0 0 1.7 1.0 NULL
1.7 1 2.0 1.0 line
3.7 0 1.1 1.0 NULL
4.800000000000001 1 2.0 1.0 line
6.800000000000001 0 1.4 1.0 NULL
8.200000000000001 1 2.0 1.0 line
10.200000000000001 0 1.7 1.0 NULL
11.9 1 2.0 1.0 line
13.9 0 1.2 1.0 NULL
15.1 1 2.0 1.0 line
17.1 0 1.3 1.0 NULL
18.400000000000002 1 2.0 1.0 line
20.400000000000002 0 1.2 1.0 NULL
21.6 1 2.0 1.0 line
23.6 0 1.9 1.0 NULL
25.5 1 2.0 1.0 line
27.5 0 1.0 1.0 NULL
28.5 1 2.0 1.0 line
30.5 0 1.0 1.0 NULL
31.5 1 2.0 1.0 line
33.5 0 2.0 1.0 NULL
35.5 1 2.0 1.0 line
37.5 0 1.0 1.0 NULL
38.5 1 2.0 1.0 line
40.5 0 1.1 1.0 NULL
41.6 1 2.0 1.0 line
43.6 0 1.3 1.0 NULL
44.9 1 2.0 1.0 line
46.9 0 1.0 1.0 NULL
47.9 1 2.0 1.0 line
49.9 0 2.0 1.0 NULL
51.9 1 2.0 1.0 line
53.9 0 1.0 1.0 NULL
54.9 1 2.0 1.0 line
56.9 0 1.2 1.0 NULL
58.1 1 2.0 1.0 line
60.1 0 1.3 1.0 NULL
61.4 1 2.0 1.0 line
63.4 0 1.0 1.0 NULL
64.4 1 2.0 1.0 line
66.4 0 1.1 1.0 NULL
67.5 1 2.0 1.0 line
69.5 0 1.7 1.0 NULL
71.2 1 2.0 1.0 line
73.2 0 1.3 1.0 NULL
74.5 1 2.0 1.0 line
76.5 0 1.8 1.0 NULL
78.3 1 2.0 1.0 line
80.3 0 1.1 1.0 NULL
81.39999999999999 1 2.0 1.0 line
83.39999999999999 0 1.6 1.0 NULL
84.99999999999999 1 2.0 1.0 line
86.99999999999999 0 1.1 1.0 NULL
88.09999999999998 1 2.0 1.0 line
90.09999999999998 0 1.0 1.0 NULL
91.09999999999998 1 2.0 1.0 line
93.1 0 1.2 1.0 NULL
94.3 1 2.0 1.0 line
96.3 0 1.0 1.0 NULL
97.3 1 2.0 1.0 line
99.3 0 1.0 1.0 NULL
100.3 1 2.0 1.0 line
102.3 0 1.1 1.0 NULL
103.39999999999999 1 2.0 1.0 line
105.4 0 1.0 1.0 NULL
106.4 1 2.0 1.0 line
108.4 0 1.8 1.0 NULL
110.2 1 2.0 1.0 line
112.2 0 1.0 1.0 NULL
113.2 1 2.0 1.0 line
115.2 0 1.0 1.0 NULL
116.2 1 2.0 1.0 line
118.19999999999999 0 1.0 1.0 NULL
119.19999999999999 1 2.0 1.0 line
121.19999999999999 0 1.2 1.0 NULL
122.39999999999999 1 2.0 1.0 line
124.39999999999999 0 1.1 1.0 NULL
125.49999999999999 1 2.0 1.0 line
127.49999999999999 0 1.1 1.0 NULL
128.6 1 2.0 1.0 line
130.6 0 1.1 1.0 NULL
