0.0 0 1.0 1.0 NULL
1.0 1 2.0 1.0 line
3.0 0 1.0 1.0 NULL
4.0 1 2.0 1.0 line
6.0 0 1.1 1.0 NULL
7.1 1 2.0 1.0 line
9.1 0 2.0 1.0 NULL
11.1 1 2.0 1.0 line
13.1 0 1.2 1.0 NULL
14.299999999999999 1 2.0 1.0 line
16.299999999999997 0 1.0 1.0 NULL
17.299999999999997 1 2.0 1.0 line
19.299999999999997 0 1.1 1.0 NULL
20.4 1 2.0 1.0 line
22.4 0 1.0 1.0 NULL
23.4 1 2.0 1.0 line
25.4 0 1.0 1.0 NULL
26.4 1 2.0 1.0 line
28.4 0 2.0 1.0 NULL
30.4 1 2.0 1.0 line
32.4 0 1.1 1.0 NULL
33.5 1 2.0 1.0 line
35.5 0 1.5 1.0 NULL
37.0 1 2.0 1.0 line
39.0 0 1.2 1.0 NULL
40.2 1 2.0 1.0 line
42.2 0 1.1 1.0 NULL
43.300000000000004 1 2.0 1.0 line
45.300000000000004 0 1.5 1.0 NULL
46.800000000000004 1 2.0 1.0 line
48.800000000000004 0 1.3 1.0 NULL
50.1 1 2.0 1.0 line
52.1 0 1.9 1.0 NULL
54.0 1 2.0 1.0 line
56.0 0 1.0 1.0 NULL
57.0 1 2.0 1.0 line
59.0 0 1.7 1.0 NULL
60.7 1 2.0 1.0 line
62.7 0 1.0 1.0 NULL
63.7 1 2.0 1.0 line
65.7 0 1.6 1.0 NULL
67.3 1 2.0 1.0 line
69.3 0 1.0 1.0 NULL
70.3 1 2.0 1.0 line
72.3 0 1.4 1.0 NULL
73.7 1 2.0 1.0 line
75.7 0 1.2 1.0 NULL
76.9 1 2.0 1.0 line
78.9 0 1.2 1.0 NULL
80.10000000000001 1 2.0 1.0 line
82.10000000000001 0 1.0 1.0 NULL
83.10000000000001 1 2.0 1.0 line
85.10000000000001 0 1.8 1.0 NULL
86.9 1 2.0 1.0 line
88.9 0 1.3 1.0 NULL
90.2 1 2.0 1.0 line
92.2 0 1.0 1.0 NULL
93.2 1 2.0 1.0 line
95.2 0 1.0 1.0 NULL
96.2 1 2.0 1.0 line
98.2 0 1.2 1.0 NULL
99.4 1 2.0 1.0 line
101.4 0 1.1 1.0 NULL
102.5 1 2.0 1.0 line
104.5 0 1.1 1.0 NULL
105.6 1 2.0 1.0 line
107.6 0 1.7 1.0 NULL
109.3 1 2.0 1.0 line
111.3 0 1.2 1.0 NULL
112.5 1 2.0 1.0 line
114.5 0 1.2 1.0 NULL
115.7 1 2.0 1.0 line
117.7 0 1.2 1.0 NULL
118.9 1 2.0 1.0 line
120.9 0 1.1 1.0 NULL
122.0 1 2.0 1.0 line
124.0 0 1.0 1.0 NULL
125.0 1 2.0 1.0 line
127.0 0 1.0 1.0 NULL
128.0 1 2.0 1.0 line
130.0 0 1.0 1.0 NULL
