0.0 0 1.1 1.0 NULL
1.1 1 2.0 1.0 line
3.1 0 1.0 1.0 NULL
4.1 1 2.0 1.0 line
6.1 0 1.4 1.0 NULL
7.5 1 2.0 1.0 line
9.5 0 1.1 1.0 NULL
10.6 1 2.0 1.0 line
12.6 0 1.6 1.0 NULL
14.2 1 2.0 1.0 line
16.2 0 1.1 1.0 NULL
17.3 1 2.0 1.0 line
19.3 0 1.7 1.0 NULL
21.0 1 2.0 1.0 line
23.0 0 1.4 1.0 NULL
24.4 1 2.0 1.0 line
26.4 0 1.0 1.0 NULL
27.4 1 2.0 1.0 line
29.4 0 1.1 1.0 NULL
30.5 1 2.0 1.0 line
32.5 0 1.5 1.0 NULL
34.0 1 2.0 1.0 line
36.0 0 1.2 1.0 NULL
37.2 1 2.0 1.0 line
39.199999999999996 0 1.1 1.0 NULL
40.3 1 2.0 1.0 line
42.3 0 1.2 1.0 NULL
43.5 1 2.0 1.0 line
45.5 0 1.4 1.0 NULL
46.9 1 2.0 1.0 line
48.9 0 1.0 1.0 NULL
49.9 1 2.0 1.0 line
51.900000000000006 0 1.0 1.0 NULL
52.900000000000006 1 2.0 1.0 line
54.900000000000006 0 2.0 1.0 NULL
56.900000000000006 1 2.0 1.0 line
58.900000000000006 0 1.0 1.0 NULL
59.900000000000006 1 2.0 1.0 line
61.900000000000006 0 1.7 1.0 NULL
63.60000000000001 1 2.0 1.0 line
65.6 0 1.1 1.0 NULL
66.69999999999999 1 2.0 1.0 line
68.69999999999999 0 1.1 1.0 NULL
69.79999999999998 1 2.0 1.0 line
71.79999999999998 0 1.8 1.0 NULL
73.59999999999998 1 2.0 1.0 line
75.59999999999998 0 1.3 1.0 NULL
76.89999999999998 1 2.0 1.0 line
78.9 0 1.1 1.0 NULL
80.0 1 2.0 1.0 line
82.0 0 1.0 1.0 NULL
83.0 1 2.0 1.0 line
85.0 0 1.0 1.0 NULL
86.0 1 2.0 1.0 line
88.0 0 1.2 1.0 NULL
89.2 1 2.0 1.0 line
91.2 0 1.0 1.0 NULL
92.2 1 2.0 1.0 line
94.2 0 1.8 1.0 NULL
96.0 1 2.0 1.0 line
98.0 0 1.1 1.0 NULL
99.1 1 2.0 1.0 line
101.1 0 1.2 1.0 NULL
102.3 1 2.0 1.0 line
104.3 0 1.4 1.0 NULL
105.7 1 2.0 1.0 line
107.7 0 1.0 1.0 NULL
108.7 1 2.0 1.0 line
110.7 0 1.0 1.0 NULL
111.7 1 2.0 1.0 line
113.7 0 1.9 1.0 NULL
115.60000000000001 1 2.0 1.0 line
117.6 0 1.4 1.0 NULL
119.0 1 2.0 1.0 line
121.0 0 1.0 1.0 NULL
122.0 1 2.0 1.0 line
124.0 0 1.1 1.0 NULL
125.1 1 2.0 1.0 line
127.1 0 1.0 1.0 NULL
128.1 1 2.0 1.0 line
130.1 0 1.0 1.0 NULL
