0.0 0 1.2 1.0 NULL
1.2 1 2.0 1.0 line
3.2 0 1.0 1.0 NULL
4.2 1 2.0 1.0 line
6.2 0 2.0 1.0 NULL
8.2 1 2.0 1.0 line
10.2 0 1.1 1.0 NULL
11.299999999999999 1 2.0 1.0 line
13.3 0 1.1 1.0 NULL
14.4 1 2.0 1.0 line
16.4 0 1.3 1.0 NULL
17.7 1 2.0 1.0 line
19.7 0 1.3 1.0 NULL
21.0 1 2.0 1.0 line
23.0 0 1.5 1.0 NULL
24.5 1 2.0 1.0 line
26.5 0 1.1 1.0 NULL
27.6 1 2.0 1.0 line
29.6 0 1.0 1.0 NULL
30.6 1 2.0 1.0 line
32.6 0 1.8 1.0 NULL
34.4 1 2.0 1.0 line
36.4 0 1.7 1.0 NULL
38.1 1 2.0 1.0 line
40.1 0 1.0 1.0 NULL
41.1 1 2.0 1.0 line
43.1 0 1.6 1.0 NULL
44.7 1 2.0 1.0 line
46.7 0 1.1 1.0 NULL
47.800000000000004 1 2.0 1.0 line
49.800000000000004 0 1.0 1.0 NULL
50.800000000000004 1 2.0 1.0 line
52.8 0 2.0 1.0 NULL
54.8 1 2.0 1.0 line
56.8 0 1.1 1.0 NULL
57.9 1 2.0 1.0 line
59.9 0 1.0 1.0 NULL
60.9 1 2.0 1.0 line
62.9 0 1.0 1.0 NULL
63.9 1 2.0 1.0 line
65.9 0 1.3 1.0 NULL
67.2 1 2.0 1.0 line
69.2 0 1.2 1.0 NULL
70.4 1 2.0 1.0 line
72.4 0 1.3 1.0 NULL
73.7 1 2.0 1.0 line
75.7 0 1.0 1.0 NULL
76.7 1 2.0 1.0 line
78.69999999999999 0 1.6 1.0 NULL
80.29999999999998 1 2.0 1.0 line
82.29999999999998 0 1.0 1.0 NULL
83.29999999999998 1 2.0 1.0 line
85.29999999999998 0 1.4 1.0 NULL
86.69999999999999 1 2.0 1.0 line
88.69999999999999 0 1.5 1.0 NULL
90.19999999999999 1 2.0 1.0 line
92.2 0 1.0 1.0 NULL
93.2 1 2.0 1.0 line
95.2 0 1.1 1.0 NULL
96.3 1 2.0 1.0 line
98.3 0 1.3 1.0 NULL
99.6 1 2.0 1.0 line
101.6 0 1.1 1.0 NULL
102.69999999999999 1 2.0 1.0 line
104.69999999999999 0 1.1 1.0 NULL
105.79999999999998 1 2.0 1.0 line
107.79999999999998 0 1.8 1.0 NULL
109.59999999999998 1 2.0 1.0 line
111.59999999999998 0 1.0 1.0 NULL
112.59999999999998 1 2.0 1.0 line
114.59999999999998 0 1.0 1.0 NULL
115.59999999999998 1 2.0 1.0 line
117.6 0 1.1 1.0 NULL
118.69999999999999 1 2.0 1.0 line
120.69999999999999 0 1.1 1.0 NULL
121.79999999999998 1 2.0 1.0 line
123.79999999999998 0 1.2 1.0 NULL
124.99999999999999 1 2.0 1.0 line
126.99999999999999 0 1.1 1.0 NULL
128.1 1 2.0 1.0 line
130.10000000000002 0 1.1 1.0 NULL
