0.0 0 1.3 1.0 NULL
1.3 1 2.0 1.0 line
3.3 0 1.0 1.0 NULL
4.3 1 2.0 1.0 line
6.3 0 1.1 1.0 NULL
7.4 1 2.0 1.0 line
9.4 0 1.1 1.0 NULL
10.5 1 2.0 1.0 line
12.5 0 1.0 1.0 NULL
13.5 1 2.0 1.0 line
15.5 0 1.2 1.0 NULL
16.7 1 2.0 1.0 line
18.7 0 1.4 1.0 NULL
20.099999999999998 1 2.0 1.0 line
22.099999999999998 0 1.0 1.0 NULL
23.099999999999998 1 2.0 1.0 line
25.1 0 1.0 1.0 NULL
26.1 1 2.0 1.0 line
28.1 0 1.2 1.0 NULL
29.3 1 2.0 1.0 line
31.3 0 1.0 1.0 NULL
32.3 1 2.0 1.0 line
34.3 0 1.2 1.0 NULL
35.5 1 2.0 1.0 line
37.5 0 1.1 1.0 NULL
38.6 1 2.0 1.0 line
40.6 0 2.0 1.0 NULL
42.6 1 2.0 1.0 line
44.6 0 1.1 1.0 NULL
45.7 1 2.0 1.0 line
47.7 0 1.1 1.0 NULL
48.800000000000004 1 2.0 1.0 line
50.8 0 2.0 1.0 NULL
52.8 1 2.0 1.0 line
54.8 0 1.6 1.0 NULL
56.4 1 2.0 1.0 line
58.4 0 1.0 1.0 NULL
59.4 1 2.0 1.0 line
61.4 0 1.1 1.0 NULL
62.5 1 2.0 1.0 line
64.5 0 1.0 1.0 NULL
65.5 1 2.0 1.0 line
67.5 0 1.3 1.0 NULL
68.8 1 2.0 1.0 line
70.8 0 1.3 1.0 NULL
72.1 1 2.0 1.0 line
74.1 0 1.2 1.0 NULL
75.3 1 2.0 1.0 line
77.3 0 1.5 1.0 NULL
78.8 1 2.0 1.0 line
80.8 0 1.0 1.0 NULL
81.8 1 2.0 1.0 line
83.8 0 1.9 1.0 NULL
85.7 1 2.0 1.0 line
87.7 0 1.1 1.0 NULL
88.8 1 2.0 1.0 line
90.8 0 1.9 1.0 NULL
92.7 1 2.0 1.0 line
94.7 0 1.4 1.0 NULL
96.10000000000001 1 2.0 1.0 line
98.10000000000001 0 1.0 1.0 NULL
99.10000000000001 1 2.0 1.0 line
101.10000000000001 0 1.1 1.0 NULL
102.2 1 2.0 1.0 line
104.19999999999999 0 2.0 1.0 NULL
106.19999999999999 1 2.0 1.0 line
108.19999999999999 0 1.7 1.0 NULL
109.89999999999999 1 2.0 1.0 line
111.89999999999999 0 1.0 1.0 NULL
112.89999999999999 1 2.0 1.0 line
114.89999999999999 0 1.0 1.0 NULL
115.89999999999999 1 2.0 1.0 line
117.9 0 1.2 1.0 NULL
119.10000000000001 1 2.0 1.0 line
121.10000000000001 0 1.0 1.0 NULL
122.10000000000001 1 2.0 1.0 line
124.10000000000001 0 1.1 1.0 NULL
125.2 1 2.0 1.0 line
127.2 0 1.1 1.0 NULL
128.3 1 2.0 1.0 line
130.3 0 1.0 1.0 NULL
