0.0 0 1.6 1.0 NULL
1.6 1 2.0 1.0 line
3.6 0 1.0 1.0 NULL
4.6 1 2.0 1.0 line
6.6 0 1.2 1.0 NULL
7.8 1 2.0 1.0 line
9.8 0 1.7 1.0 NULL
11.5 1 2.0 1.0 line
13.5 0 1.0 1.0 NULL
14.5 1 2.0 1.0 line
16.5 0 2.0 1.0 NULL
18.5 1 2.0 1.0 line
20.5 0 1.0 1.0 NULL
21.5 1 2.0 1.0 line
23.5 0 1.0 1.0 NULL
24.5 1 2.0 1.0 line
26.5 0 1.0 1.0 NULL
27.5 1 2.0 1.0 line
29.5 0 1.1 1.0 NULL
30.6 1 2.0 1.0 line
32.6 0 1.1 1.0 NULL
33.7 1 2.0 1.0 line
35.7 0 1.7 1.0 NULL
37.400000000000006 1 2.0 1.0 line
39.400000000000006 0 1.7 1.0 NULL
41.10000000000001 1 2.0 1.0 line
43.10000000000001 0 1.0 1.0 NULL
44.10000000000001 1 2.0 1.0 line
46.10000000000001 0 1.0 1.0 NULL
47.10000000000001 1 2.0 1.0 line
49.10000000000001 0 1.5 1.0 NULL
50.60000000000001 1 2.0 1.0 line
52.6 0 1.6 1.0 NULL
54.2 1 2.0 1.0 line
56.2 0 1.2 1.0 NULL
57.400000000000006 1 2.0 1.0 line
59.400000000000006 0 1.0 1.0 NULL
60.400000000000006 1 2.0 1.0 line
62.400000000000006 0 1.2 1.0 NULL
63.60000000000001 1 2.0 1.0 line
65.60000000000001 0 1.0 1.0 NULL
66.60000000000001 1 2.0 1.0 line
68.60000000000001 0 1.6 1.0 NULL
70.2 1 2.0 1.0 line
72.2 0 1.4 1.0 NULL
73.60000000000001 1 2.0 1.0 line
75.60000000000001 0 1.0 1.0 NULL
76.60000000000001 1 2.0 1.0 line
78.6 0 1.1 1.0 NULL
79.69999999999999 1 2.0 1.0 line
81.69999999999999 0 2.0 1.0 NULL
83.69999999999999 1 2.0 1.0 line
85.69999999999999 0 1.0 1.0 NULL
86.69999999999999 1 2.0 1.0 line
88.69999999999999 0 1.7 1.0 NULL
90.39999999999999 1 2.0 1.0 line
92.4 0 1.0 1.0 NULL
93.4 1 2.0 1.0 line
95.4 0 1.0 1.0 NULL
96.4 1 2.0 1.0 line
98.4 0 1.0 1.0 NULL
99.4 1 2.0 1.0 line
101.4 0 1.3 1.0 NULL
102.7 1 2.0 1.0 line
104.7 0 1.0 1.0 NULL
105.7 1 2.0 1.0 line
107.7 0 1.3 1.0 NULL
109.0 1 2.0 1.0 line
111.0 0 1.3 1.0 NULL
112.3 1 2.0 1.0 line
114.3 0 1.4 1.0 NULL
115.7 1 2.0 1.0 line
117.7 0 1.1 1.0 NULL
118.8 1 2.0 1.0 line
120.8 0 1.3 1.0 NULL
122.1 1 2.0 1.0 line
124.1 0 1.2 1.0 NULL
125.3 1 2.0 1.0 line
127.3 0 1.3 1.0 NULL
128.6 1 2.0 1.0 line
130.6 0 1.0 1.0 NULL
