0.0 0 1.5 1.0 NULL
1.5 1 2.0 1.0 line
3.5 0 1.0 1.0 NULL
4.5 1 2.0 1.0 line
6.5 0 2.0 1.0 NULL
8.5 1 2.0 1.0 line
10.5 0 1.2 1.0 NULL
11.7 1 2.0 1.0 line
13.7 0 1.2 1.0 NULL
14.899999999999999 1 2.0 1.0 line
16.9 0 1.0 1.0 NULL
17.9 1 2.0 1.0 line
19.9 0 1.0 1.0 NULL
20.9 1 2.0 1.0 line
22.9 0 1.1 1.0 NULL
24.0 1 2.0 1.0 line
26.0 0 1.6 1.0 NULL
27.6 1 2.0 1.0 line
29.6 0 1.0 1.0 NULL
30.6 1 2.0 1.0 line
32.6 0 2.0 1.0 NULL
34.6 1 2.0 1.0 line
36.6 0 1.1 1.0 NULL
37.7 1 2.0 1.0 line
39.7 0 2.0 1.0 NULL
41.7 1 2.0 1.0 line
43.7 0 1.3 1.0 NULL
45.0 1 2.0 1.0 line
47.0 0 1.2 1.0 NULL
48.2 1 2.0 1.0 line
50.2 0 1.8 1.0 NULL
52.0 1 2.0 1.0 line
54.0 0 1.0 1.0 NULL
55.0 1 2.0 1.0 line
57.0 0 1.0 1.0 NULL
58.0 1 2.0 1.0 line
60.0 0 1.5 1.0 NULL
61.5 1 2.0 1.0 line
63.5 0 1.0 1.0 NULL
64.5 1 2.0 1.0 line
66.5 0 1.2 1.0 NULL
67.7 1 2.0 1.0 line
69.7 0 1.5 1.0 NULL
71.2 1 2.0 1.0 line
73.2 0 1.1 1.0 NULL
74.3 1 2.0 1.0 line
76.3 0 1.0 1.0 NULL
77.3 1 2.0 1.0 line
79.3 0 1.4 1.0 NULL
80.7 1 2.0 1.0 line
82.7 0 1.2 1.0 NULL
83.9 1 2.0 1.0 line
85.9 0 1.0 1.0 NULL
86.9 1 2.0 1.0 line
88.9 0 1.1 1.0 NULL
90.0 1 2.0 1.0 line
92.0 0 1.2 1.0 NULL
93.2 1 2.0 1.0 line
95.2 0 2.0 1.0 NULL
97.2 1 2.0 1.0 line
99.2 0 1.2 1.0 NULL
100.4 1 2.0 1.0 line
102.4 0 1.0 1.0 NULL
103.4 1 2.0 1.0 line
105.4 0 1.0 1.0 NULL
106.4 1 2.0 1.0 line
108.4 0 1.5 1.0 NULL
109.9 1 2.0 1.0 line
111.9 0 1.0 1.0 NULL
112.9 1 2.0 1.0 line
114.9 0 1.2 1.0 NULL
116.10000000000001 1 2.0 1.0 line
118.1 0 1.2 1.0 NULL
119.3 1 2.0 1.0 line
121.3 0 1.0 1.0 NULL
122.3 1 2.0 1.0 line
124.3 0 1.1 1.0 NULL
125.39999999999999 1 2.0 1.0 line
127.39999999999999 0 1.0 1.0 NULL
128.39999999999998 1 2.0 1.0 line
130.39999999999998 0 1.1 1.0 NULL
