0.0 0 1.2 1.0 NULL
1.2 1 2.0 1.0 line
3.2 0 1.0 1.0 NULL
4.2 1 2.0 1.0 line
6.2 0 1.9 1.0 NULL
8.1 1 2.0 1.0 line
10.1 0 1.0 1.0 NULL
11.1 1 2.0 1.0 line
13.100000000000001 0 1.1 1.0 NULL
14.200000000000001 1 2.0 1.0 line
16.200000000000003 0 1.1 1.0 NULL
17.300000000000004 1 2.0 1.0 line
19.300000000000004 0 1.2 1.0 NULL
20.500000000000004 1 2.0 1.0 line
22.500000000000004 0 1.2 1.0 NULL
23.700000000000003 1 2.0 1.0 line
25.7 0 1.0 1.0 NULL
26.7 1 2.0 1.0 line
28.7 0 1.4 1.0 NULL
30.099999999999998 1 2.0 1.0 line
32.099999999999994 0 1.3 1.0 NULL
33.39999999999999 1 2.0 1.0 line
35.39999999999999 0 1.0 1.0 NULL
36.39999999999999 1 2.0 1.0 line
38.4 0 1.6 1.0 NULL
40.0 1 2.0 1.0 line
42.0 0 1.7 1.0 NULL
43.7 1 2.0 1.0 line
45.7 0 1.1 1.0 NULL
46.800000000000004 1 2.0 1.0 line
48.800000000000004 0 1.1 1.0 NULL
49.900000000000006 1 2.0 1.0 line
51.900000000000006 0 2.0 1.0 NULL
53.900000000000006 1 2.0 1.0 line
55.900000000000006 0 1.0 1.0 NULL
56.900000000000006 1 2.0 1.0 line
58.900000000000006 0 1.4 1.0 NULL
60.300000000000004 1 2.0 1.0 line
62.300000000000004 0 1.0 1.0 NULL
63.300000000000004 1 2.0 1.0 line
65.3 0 1.3 1.0 NULL
66.6 1 2.0 1.0 line
68.6 0 1.2 1.0 NULL
69.8 1 2.0 1.0 line
71.8 0 1.8 1.0 NULL
73.6 1 2.0 1.0 line
75.6 0 1.2 1.0 NULL
76.8 1 2.0 1.0 line
78.80000000000001 0 1.0 1.0 NULL
79.80000000000001 1 2.0 1.0 line
81.80000000000001 0 1.2 1.0 NULL
83.00000000000001 1 2.0 1.0 line
85.00000000000001 0 1.8 1.0 NULL
86.80000000000001 1 2.0 1.0 line
88.80000000000001 0 1.0 1.0 NULL
89.80000000000001 1 2.0 1.0 line
91.80000000000001 0 1.2 1.0 NULL
93.00000000000001 1 2.0 1.0 line
95.00000000000001 0 1.1 1.0 NULL
96.10000000000001 1 2.0 1.0 line
98.10000000000001 0 1.2 1.0 NULL
99.30000000000001 1 2.0 1.0 line
101.30000000000001 0 1.3 1.0 NULL
102.60000000000001 1 2.0 1.0 line
104.6 0 1.8 1.0 NULL
106.39999999999999 1 2.0 1.0 line
108.39999999999999 0 1.0 1.0 NULL
109.39999999999999 1 2.0 1.0 line
111.39999999999999 0 1.2 1.0 NULL
112.6 1 2.0 1.0 line
114.6 0 1.2 1.0 NULL
115.8 1 2.0 1.0 line
117.80000000000001 0 1.0 1.0 NULL
118.80000000000001 1 2.0 1.0 line
120.80000000000001 0 1.1 1.0 NULL
121.9 1 2.0 1.0 line
123.9 0 1.1 1.0 NULL
125.0 1 2.0 1.0 line
127.0 0 1.1 1.0 NULL
128.1 1 2.0 1.0 line
130.1 0 1.1 1.0 NULL
