0.0 0 1.0 1.0 NULL
1.0 1 2.0 1.0 line
3.0 0 1.2 1.0 NULL
4.2 1 2.0 1.0 line
6.2 0 1.0 1.0 NULL
7.2 1 2.0 1.0 line
9.2 0 1.2 1.0 NULL
10.399999999999999 1 2.0 1.0 line
12.4 0 1.0 1.0 NULL
13.4 1 2.0 1.0 line
15.4 0 1.1 1.0 NULL
16.5 1 2.0 1.0 line
18.5 0 1.0 1.0 NULL
19.5 1 2.0 1.0 line
21.5 0 1.8 1.0 NULL
23.3 1 2.0 1.0 line
25.3 0 1.1 1.0 NULL
26.400000000000002 1 2.0 1.0 line
28.400000000000002 0 1.2 1.0 NULL
29.6 1 2.0 1.0 line
31.6 0 1.8 1.0 NULL
33.4 1 2.0 1.0 line
35.4 0 1.0 1.0 NULL
36.4 1 2.0 1.0 line
38.400000000000006 0 1.2 1.0 NULL
39.60000000000001 1 2.0 1.0 line
41.60000000000001 0 1.1 1.0 NULL
42.70000000000001 1 2.0 1.0 line
44.70000000000001 0 2.0 1.0 NULL
46.70000000000001 1 2.0 1.0 line
48.70000000000001 0 1.0 1.0 NULL
49.70000000000001 1 2.0 1.0 line
51.7 0 1.4 1.0 NULL
53.1 1 2.0 1.0 line
55.1 0 1.1 1.0 NULL
56.2 1 2.0 1.0 line
58.2 0 1.6 1.0 NULL
59.800000000000004 1 2.0 1.0 line
61.800000000000004 0 1.0 1.0 NULL
62.800000000000004 1 2.0 1.0 line
64.8 0 1.7 1.0 NULL
66.5 1 2.0 1.0 line
68.5 0 1.0 1.0 NULL
69.5 1 2.0 1.0 line
71.5 0 1.2 1.0 NULL
72.7 1 2.0 1.0 line
74.7 0 1.5 1.0 NULL
76.2 1 2.0 1.0 line
78.19999999999999 0 1.5 1.0 NULL
79.69999999999999 1 2.0 1.0 line
81.69999999999999 0 1.0 1.0 NULL
82.69999999999999 1 2.0 1.0 line
84.69999999999999 0 1.0 1.0 NULL
85.69999999999999 1 2.0 1.0 line
87.69999999999999 0 1.2 1.0 NULL
88.89999999999999 1 2.0 1.0 line
90.89999999999999 0 1.0 1.0 NULL
91.89999999999999 1 2.0 1.0 line
93.89999999999999 0 1.1 1.0 NULL
94.99999999999999 1 2.0 1.0 line
96.99999999999999 0 1.0 1.0 NULL
97.99999999999999 1 2.0 1.0 line
99.99999999999999 0 1.9 1.0 NULL
101.89999999999999 1 2.0 1.0 line
103.9 0 1.3 1.0 NULL
105.2 1 2.0 1.0 line
107.2 0 1.0 1.0 NULL
108.2 1 2.0 1.0 line
110.2 0 1.9 1.0 NULL
112.10000000000001 1 2.0 1.0 line
114.10000000000001 0 1.1 1.0 NULL
115.2 1 2.0 1.0 line
117.2 0 1.2 1.0 NULL
118.4 1 2.0 1.0 line
120.4 0 1.1 1.0 NULL
121.5 1 2.0 1.0 line
123.5 0 1.0 1.0 NULL
124.5 1 2.0 1.0 line
126.5 0 1.2 1.0 NULL
127.7 1 2.0 1.0 line
129.7 0 1.3 1.0 NULL
