0.0 0 1.0 1.0 NULL
1.0 1 2.0 1.0 line
3.0 0 1.1 1.0 NULL
4.1 1 2.0 1.0 line
6.1 0 1.1 1.0 NULL
7.199999999999999 1 2.0 1.0 line
9.2 0 1.0 1.0 NULL
10.2 1 2.0 1.0 line
12.2 0 1.1 1.0 NULL
13.299999999999999 1 2.0 1.0 line
15.299999999999999 0 1.3 1.0 NULL
16.599999999999998 1 2.0 1.0 line
18.599999999999998 0 1.2 1.0 NULL
19.799999999999997 1 2.0 1.0 line
21.799999999999997 0 1.9 1.0 NULL
23.699999999999996 1 2.0 1.0 line
25.7 0 1.0 1.0 NULL
26.7 1 2.0 1.0 line
28.7 0 1.6 1.0 NULL
30.3 1 2.0 1.0 line
32.3 0 1.4 1.0 NULL
33.699999999999996 1 2.0 1.0 line
35.699999999999996 0 1.2 1.0 NULL
36.9 1 2.0 1.0 line
38.9 0 2.0 1.0 NULL
40.9 1 2.0 1.0 line
42.9 0 1.9 1.0 NULL
44.8 1 2.0 1.0 line
46.8 0 1.1 1.0 NULL
47.9 1 2.0 1.0 line
49.9 0 1.2 1.0 NULL
51.1 1 2.0 1.0 line
53.1 0 1.2 1.0 NULL
54.300000000000004 1 2.0 1.0 line
56.300000000000004 0 1.1 1.0 NULL
57.400000000000006 1 2.0 1.0 line
59.400000000000006 0 1.2 1.0 NULL
60.60000000000001 1 2.0 1.0 line
62.60000000000001 0 2.0 1.0 NULL
64.60000000000001 1 2.0 1.0 line
66.6 0 1.2 1.0 NULL
67.8 1 2.0 1.0 line
69.8 0 1.0 1.0 NULL
70.8 1 2.0 1.0 line
72.8 0 1.0 1.0 NULL
73.8 1 2.0 1.0 line
75.8 0 1.3 1.0 NULL
77.1 1 2.0 1.0 line
79.1 0 1.5 1.0 NULL
80.6 1 2.0 1.0 line
82.6 0 1.0 1.0 NULL
83.6 1 2.0 1.0 line
85.6 0 1.2 1.0 NULL
86.8 1 2.0 1.0 line
88.8 0 1.4 1.0 NULL
90.2 1 2.0 1.0 line
92.2 0 1.0 1.0 NULL
93.2 1 2.0 1.0 line
95.2 0 1.0 1.0 NULL
96.2 1 2.0 1.0 line
98.2 0 1.0 1.0 NULL
99.2 1 2.0 1.0 line
101.2 0 1.3 1.0 NULL
102.5 1 2.0 1.0 line
104.5 0 1.6 1.0 NULL
106.1 1 2.0 1.0 line
108.1 0 1.0 1.0 NULL
109.1 1 2.0 1.0 line
111.1 0 1.7 1.0 NULL
112.8 1 2.0 1.0 line
114.8 0 1.0 1.0 NULL
115.8 1 2.0 1.0 line
117.80000000000001 0 1.0 1.0 NULL
118.80000000000001 1 2.0 1.0 line
120.80000000000001 0 1.0 1.0 NULL
121.80000000000001 1 2.0 1.0 line
123.80000000000001 0 1.1 1.0 NULL
124.9 1 2.0 1.0 line
126.9 0 1.1 1.0 NULL
128.0 1 2.0 1.0 line
130.0 0 1.0 1.0 NULL
