0.0 0 1.4 1.0 NULL
1.4 1 2.0 1.0 line
3.4 0 1.0 1.0 NULL
4.4 1 2.0 1.0 line
6.4 0 1.0 1.0 NULL
7.4 1 2.0 1.0 line
9.4 0 1.8 1.0 NULL
11.200000000000001 1 2.0 1.0 line
13.2 0 1.2 1.0 NULL
14.399999999999999 1 2.0 1.0 line
16.4 0 1.0 1.0 NULL
17.4 1 2.0 1.0 line
19.4 0 1.3 1.0 NULL
20.7 1 2.0 1.0 line
22.7 0 1.4 1.0 NULL
24.099999999999998 1 2.0 1.0 line
26.1 0 1.3 1.0 NULL
27.400000000000002 1 2.0 1.0 line
29.400000000000002 0 1.2 1.0 NULL
30.6 1 2.0 1.0 line
32.6 0 1.1 1.0 NULL
33.7 1 2.0 1.0 line
35.7 0 1.3 1.0 NULL
37.0 1 2.0 1.0 line
39.0 0 1.0 1.0 NULL
40.0 1 2.0 1.0 line
42.0 0 1.9 1.0 NULL
43.9 1 2.0 1.0 line
45.9 0 1.2 1.0 NULL
47.1 1 2.0 1.0 line
49.1 0 1.0 1.0 NULL
50.1 1 2.0 1.0 line
52.1 0 1.0 1.0 NULL
53.1 1 2.0 1.0 line
55.1 0 1.4 1.0 NULL
56.5 1 2.0 1.0 line
58.5 0 1.1 1.0 NULL
59.6 1 2.0 1.0 line
61.6 0 2.0 1.0 NULL
63.6 1 2.0 1.0 line
65.6 0 1.0 1.0 NULL
66.6 1 2.0 1.0 line
68.6 0 1.4 1.0 NULL
70.0 1 2.0 1.0 line
72.0 0 1.0 1.0 NULL
73.0 1 2.0 1.0 line
75.0 0 1.2 1.0 NULL
76.2 1 2.0 1.0 line
78.19999999999999 0 1.0 1.0 NULL
79.19999999999999 1 2.0 1.0 line
81.19999999999999 0 1.6 1.0 NULL
82.79999999999998 1 2.0 1.0 line
84.79999999999998 0 1.3 1.0 NULL
86.09999999999998 1 2.0 1.0 line
88.09999999999998 0 1.2 1.0 NULL
89.29999999999998 1 2.0 1.0 line
91.3 0 1.6 1.0 NULL
92.89999999999999 1 2.0 1.0 line
94.89999999999999 0 1.0 1.0 NULL
95.89999999999999 1 2.0 1.0 line
97.89999999999999 0 1.4 1.0 NULL
99.3 1 2.0 1.0 line
101.3 0 1.1 1.0 NULL
102.39999999999999 1 2.0 1.0 line
104.4 0 1.2 1.0 NULL
105.60000000000001 1 2.0 1.0 line
107.60000000000001 0 1.9 1.0 NULL
109.50000000000001 1 2.0 1.0 line
111.50000000000001 0 1.1 1.0 NULL
112.60000000000001 1 2.0 1.0 line
114.60000000000001 0 1.0 1.0 NULL
115.60000000000001 1 2.0 1.0 line
117.6 0 1.5 1.0 NULL
119.1 1 2.0 1.0 line
121.1 0 1.0 1.0 NULL
122.1 1 2.0 1.0 line
124.1 0 1.2 1.0 NULL
125.3 1 2.0 1.0 line
127.3 0 1.0 1.0 NULL
128.3 1 2.0 1.0 line
130.29999999999998 0 1.1 1.0 NULL
