0.0 0 1.0 1.0 NULL
1.0 1 2.0 1.0 line
3.0 0 1.1 1.0 NULL
4.1 1 2.0 1.0 line
6.1 0 1.2 1.0 NULL
7.3 1 2.0 1.0 line
9.3 0 1.4 1.0 NULL
10.700000000000001 1 2.0 1.0 line
12.7 0 1.0 1.0 NULL
13.7 1 2.0 1.0 line
15.7 0 1.4 1.0 NULL
17.099999999999998 1 2.0 1.0 line
19.099999999999998 0 1.0 1.0 NULL
20.099999999999998 1 2.0 1.0 line
22.099999999999998 0 1.3 1.0 NULL
23.4 1 2.0 1.0 line
25.4 0 1.6 1.0 NULL
27.0 1 2.0 1.0 line
29.0 0 1.1 1.0 NULL
30.1 1 2.0 1.0 line
32.1 0 1.1 1.0 NULL
33.2 1 2.0 1.0 line
35.2 0 1.0 1.0 NULL
36.2 1 2.0 1.0 line
38.2 0 1.4 1.0 NULL
39.6 1 2.0 1.0 line
41.6 0 1.0 1.0 NULL
42.6 1 2.0 1.0 line
44.6 0 1.0 1.0 NULL
45.6 1 2.0 1.0 line
47.6 0 1.0 1.0 NULL
48.6 1 2.0 1.0 line
50.6 0 1.5 1.0 NULL
52.1 1 2.0 1.0 line
54.1 0 1.8 1.0 NULL
55.9 1 2.0 1.0 line
57.9 0 1.0 1.0 NULL
58.9 1 2.0 1.0 line
60.9 0 1.1 1.0 NULL
62.0 1 2.0 1.0 line
64.0 0 2.0 1.0 NULL
66.0 1 2.0 1.0 line
68.0 0 1.0 1.0 NULL
69.0 1 2.0 1.0 line
71.0 0 1.4 1.0 NULL
72.4 1 2.0 1.0 line
74.4 0 1.1 1.0 NULL
75.5 1 2.0 1.0 line
77.5 0 1.8 1.0 NULL
79.3 1 2.0 1.0 line
81.3 0 1.1 1.0 NULL
82.39999999999999 1 2.0 1.0 line
84.39999999999999 0 1.3 1.0 NULL
85.69999999999999 1 2.0 1.0 line
87.69999999999999 0 1.0 1.0 NULL
88.69999999999999 1 2.0 1.0 line
90.69999999999999 0 1.9 1.0 NULL
92.6 1 2.0 1.0 line
94.6 0 1.1 1.0 NULL
95.69999999999999 1 2.0 1.0 line
97.69999999999999 0 1.4 1.0 NULL
99.1 1 2.0 1.0 line
101.1 0 1.7 1.0 NULL
102.8 1 2.0 1.0 line
104.80000000000001 0 1.4 1.0 NULL
106.20000000000002 1 2.0 1.0 line
108.20000000000002 0 1.0 1.0 NULL
109.20000000000002 1 2.0 1.0 line
111.20000000000002 0 1.2 1.0 NULL
112.40000000000002 1 2.0 1.0 line
114.40000000000002 0 1.3 1.0 NULL
115.70000000000002 1 2.0 1.0 line
117.7 0 1.0 1.0 NULL
118.7 1 2.0 1.0 line
120.7 0 1.1 1.0 NULL
121.8 1 2.0 1.0 line
123.8 0 1.1 1.0 NULL
124.89999999999999 1 2.0 1.0 line
126.89999999999999 0 1.1 1.0 NULL
127.99999999999999 1 2.0 1.0 line
130.0 0 1.0 1.0 NULL
