0.0 0 1.2 1.0 NULL
1.2 1 2.0 1.0 line
3.2 0 1.0 1.0 NULL
4.2 1 2.0 1.0 line
6.2 0 1.0 1.0 NULL
7.2 1 2.0 1.0 line
9.2 0 1.0 1.0 NULL
10.2 1 2.0 1.0 line
12.2 0 2.0 1.0 NULL
14.2 1 2.0 1.0 line
16.2 0 1.1 1.0 NULL
17.3 1 2.0 1.0 line
19.3 0 1.0 1.0 NULL
20.3 1 2.0 1.0 line
22.3 0 1.4 1.0 NULL
23.7 1 2.0 1.0 line
25.700000000000003 0 1.9 1.0 NULL
27.6 1 2.0 1.0 line
29.6 0 1.0 1.0 NULL
30.6 1 2.0 1.0 line
32.6 0 1.3 1.0 NULL
33.9 1 2.0 1.0 line
35.9 0 1.1 1.0 NULL
37.0 1 2.0 1.0 line
39.0 0 2.0 1.0 NULL
41.0 1 2.0 1.0 line
43.0 0 1.1 1.0 NULL
44.1 1 2.0 1.0 line
46.1 0 1.3 1.0 NULL
47.4 1 2.0 1.0 line
49.4 0 1.5 1.0 NULL
50.9 1 2.0 1.0 line
52.9 0 1.0 1.0 NULL
53.9 1 2.0 1.0 line
55.9 0 1.0 1.0 NULL
56.9 1 2.0 1.0 line
58.9 0 1.1 1.0 NULL
60.0 1 2.0 1.0 line
62.0 0 1.2 1.0 NULL
63.2 1 2.0 1.0 line
65.19999999999999 0 1.5 1.0 NULL
66.69999999999999 1 2.0 1.0 line
68.69999999999999 0 1.2 1.0 NULL
69.89999999999999 1 2.0 1.0 line
71.89999999999999 0 1.1 1.0 NULL
72.99999999999999 1 2.0 1.0 line
74.99999999999999 0 1.1 1.0 NULL
76.09999999999998 1 2.0 1.0 line
78.1 0 1.1 1.0 NULL
79.19999999999999 1 2.0 1.0 line
81.19999999999999 0 1.8 1.0 NULL
82.99999999999999 1 2.0 1.0 line
84.99999999999999 0 1.0 1.0 NULL
85.99999999999999 1 2.0 1.0 line
87.99999999999999 0 1.0 1.0 NULL
88.99999999999999 1 2.0 1.0 line
91.0 0 1.9 1.0 NULL
92.9 1 2.0 1.0 line
94.9 0 1.0 1.0 NULL
95.9 1 2.0 1.0 line
97.9 0 1.3 1.0 NULL
99.2 1 2.0 1.0 line
101.2 0 1.9 1.0 NULL
103.10000000000001 1 2.0 1.0 line
105.10000000000001 0 1.4 1.0 NULL
106.50000000000001 1 2.0 1.0 line
108.50000000000001 0 1.0 1.0 NULL
109.50000000000001 1 2.0 1.0 line
111.50000000000001 0 1.1 1.0 NULL
112.60000000000001 1 2.0 1.0 line
114.60000000000001 0 1.0 1.0 NULL
115.60000000000001 1 2.0 1.0 line
117.60000000000001 0 1.0 1.0 NULL
118.60000000000001 1 2.0 1.0 line
120.60000000000001 0 1.1 1.0 NULL
121.7 1 2.0 1.0 line
123.7 0 1.2 1.0 NULL
124.9 1 2.0 1.0 line
126.9 0 1.3 1.0 NULL
128.20000000000002 1 2.0 1.0 line
130.2 0 1.0 1.0 NULL
