0.0 0 1.9 1.0 NULL
1.9 1 2.0 1.0 line
3.9 0 1.1 1.0 NULL
5.0 1 2.0 1.0 line
7.0 0 1.0 1.0 NULL
8.0 1 2.0 1.0 line
10.0 0 1.1 1.0 NULL
11.1 1 2.0 1.0 line
13.1 0 1.6 1.0 NULL
14.7 1 2.0 1.0 line
16.7 0 1.0 1.0 NULL
17.7 1 2.0 1.0 line
19.7 0 1.1 1.0 NULL
20.8 1 2.0 1.0 line
22.8 0 1.3 1.0 NULL
24.1 1 2.0 1.0 line
26.1 0 1.0 1.0 NULL
27.1 1 2.0 1.0 line
29.1 0 1.1 1.0 NULL
30.200000000000003 1 2.0 1.0 line
32.2 0 1.2 1.0 NULL
33.400000000000006 1 2.0 1.0 line
35.400000000000006 0 1.1 1.0 NULL
36.50000000000001 1 2.0 1.0 line
38.5 0 1.0 1.0 NULL
39.5 1 2.0 1.0 line
41.5 0 2.0 1.0 NULL
43.5 1 2.0 1.0 line
45.5 0 1.5 1.0 NULL
47.0 1 2.0 1.0 line
49.0 0 1.0 1.0 NULL
50.0 1 2.0 1.0 line
52.0 0 2.0 1.0 NULL
54.0 1 2.0 1.0 line
56.0 0 1.0 1.0 NULL
57.0 1 2.0 1.0 line
59.0 0 1.1 1.0 NULL
60.1 1 2.0 1.0 line
62.1 0 1.0 1.0 NULL
63.1 1 2.0 1.0 line
65.1 0 1.2 1.0 NULL
66.3 1 2.0 1.0 line
68.3 0 1.9 1.0 NULL
70.2 1 2.0 1.0 line
72.2 0 1.3 1.0 NULL
73.5 1 2.0 1.0 line
75.5 0 1.1 1.0 NULL
76.6 1 2.0 1.0 line
78.6 0 1.7 1.0 NULL
80.3 1 2.0 1.0 line
82.3 0 1.0 1.0 NULL
83.3 1 2.0 1.0 line
85.3 0 1.1 1.0 NULL
86.39999999999999 1 2.0 1.0 line
88.39999999999999 0 1.1 1.0 NULL
89.49999999999999 1 2.0 1.0 line
91.5 0 1.3 1.0 NULL
92.8 1 2.0 1.0 line
94.8 0 1.0 1.0 NULL
95.8 1 2.0 1.0 line
97.8 0 2.0 1.0 NULL
99.8 1 2.0 1.0 line
101.8 0 1.1 1.0 NULL
102.89999999999999 1 2.0 1.0 line
104.89999999999999 0 1.6 1.0 NULL
106.49999999999999 1 2.0 1.0 line
108.49999999999999 0 1.0 1.0 NULL
109.49999999999999 1 2.0 1.0 line
111.49999999999999 0 1.6 1.0 NULL
113.09999999999998 1 2.0 1.0 line
115.09999999999998 0 1.1 1.0 NULL
116.19999999999997 1 2.0 1.0 line
118.19999999999999 0 1.5 1.0 NULL
119.69999999999999 1 2.0 1.0 line
121.69999999999999 0 1.2 1.0 NULL
122.89999999999999 1 2.0 1.0 line
124.89999999999999 0 1.0 1.0 NULL
125.89999999999999 1 2.0 1.0 line
127.89999999999999 0 1.0 1.0 NULL
128.89999999999998 1 2.0 1.0 line
130.89999999999998 0 1.0 1.0 NULL
