0.0 0 1.1 1.0 NULL
1.1 1 2.0 1.0 line
3.1 0 1.0 1.0 NULL
4.1 1 2.0 1.0 line
6.1 0 1.0 1.0 NULL
7.1 1 2.0 1.0 line
9.1 0 1.1 1.0 NULL
10.2 1 2.0 1.0 line
12.2 0 1.4 1.0 NULL
13.6 1 2.0 1.0 line
15.6 0 1.0 1.0 NULL
16.6 1 2.0 1.0 line
18.6 0 1.5 1.0 NULL
20.1 1 2.0 1.0 line
22.1 0 1.3 1.0 NULL
23.400000000000002 1 2.0 1.0 line
25.4 0 1.3 1.0 NULL
26.7 1 2.0 1.0 line
28.7 0 1.0 1.0 NULL
29.7 1 2.0 1.0 line
31.7 0 1.9 1.0 NULL
33.6 1 2.0 1.0 line
35.6 0 1.0 1.0 NULL
36.6 1 2.0 1.0 line
38.6 0 1.0 1.0 NULL
39.6 1 2.0 1.0 line
41.6 0 2.0 1.0 NULL
43.6 1 2.0 1.0 line
45.6 0 1.2 1.0 NULL
46.800000000000004 1 2.0 1.0 line
48.800000000000004 0 1.5 1.0 NULL
50.300000000000004 1 2.0 1.0 line
52.3 0 1.0 1.0 NULL
53.3 1 2.0 1.0 line
55.3 0 1.2 1.0 NULL
56.5 1 2.0 1.0 line
58.5 0 1.0 1.0 NULL
59.5 1 2.0 1.0 line
61.5 0 1.2 1.0 NULL
62.7 1 2.0 1.0 line
64.7 0 1.7 1.0 NULL
66.4 1 2.0 1.0 line
68.4 0 1.1 1.0 NULL
69.5 1 2.0 1.0 line
71.5 0 1.2 1.0 NULL
72.7 1 2.0 1.0 line
74.7 0 1.6 1.0 NULL
76.3 1 2.0 1.0 line
78.3 0 1.1 1.0 NULL
79.39999999999999 1 2.0 1.0 line
81.39999999999999 0 1.8 1.0 NULL
83.19999999999999 1 2.0 1.0 line
85.19999999999999 0 1.0 1.0 NULL
86.19999999999999 1 2.0 1.0 line
88.19999999999999 0 1.1 1.0 NULL
89.29999999999998 1 2.0 1.0 line
91.30000000000001 0 1.1 1.0 NULL
92.4 1 2.0 1.0 line
94.4 0 1.5 1.0 NULL
95.9 1 2.0 1.0 line
97.9 0 1.1 1.0 NULL
99.0 1 2.0 1.0 line
101.0 0 1.6 1.0 NULL
102.6 1 2.0 1.0 line
104.6 0 1.0 1.0 NULL
105.6 1 2.0 1.0 line
107.6 0 1.0 1.0 NULL
108.6 1 2.0 1.0 line
110.6 0 1.3 1.0 NULL
111.89999999999999 1 2.0 1.0 line
113.89999999999999 0 1.7 1.0 NULL
115.6 1 2.0 1.0 line
117.6 0 1.0 1.0 NULL
118.6 1 2.0 1.0 line
120.6 0 1.1 1.0 NULL
121.69999999999999 1 2.0 1.0 line
123.69999999999999 0 1.3 1.0 NULL
124.99999999999999 1 2.0 1.0 line
126.99999999999999 0 1.0 1.0 NULL
127.99999999999999 1 2.0 1.0 line
130.0 0 1.1 1.0 NULL
