0.0 0 1.2 1.0 NULL
1.2 1 2.0 1.0 line
3.2 0 1.0 1.0 NULL
4.2 1 2.0 1.0 line
6.2 0 1.1 1.0 NULL
7.300000000000001 1 2.0 1.0 line
9.3 0 1.2 1.0 NULL
10.5 1 2.0 1.0 line
12.5 0 1.1 1.0 NULL
13.6 1 2.0 1.0 line
15.6 0 1.2 1.0 NULL
16.8 1 2.0 1.0 line
18.8 0 1.1 1.0 NULL
19.900000000000002 1 2.0 1.0 line
21.900000000000002 0 1.1 1.0 NULL
23.000000000000004 1 2.0 1.0 line
25.0 0 1.0 1.0 NULL
26.0 1 2.0 1.0 line
28.0 0 1.8 1.0 NULL
29.8 1 2.0 1.0 line
31.8 0 1.0 1.0 NULL
32.8 1 2.0 1.0 line
34.8 0 1.0 1.0 NULL
35.8 1 2.0 1.0 line
37.8 0 1.2 1.0 NULL
39.0 1 2.0 1.0 line
41.0 0 1.0 1.0 NULL
42.0 1 2.0 1.0 line
44.0 0 1.3 1.0 NULL
45.3 1 2.0 1.0 line
47.3 0 1.0 1.0 NULL
48.3 1 2.0 1.0 line
50.3 0 1.1 1.0 NULL
51.4 1 2.0 1.0 line
53.4 0 1.5 1.0 NULL
54.9 1 2.0 1.0 line
56.9 0 1.0 1.0 NULL
57.9 1 2.0 1.0 line
59.9 0 1.4 1.0 NULL
61.3 1 2.0 1.0 line
63.3 0 1.3 1.0 NULL
64.6 1 2.0 1.0 line
66.6 0 1.2 1.0 NULL
67.8 1 2.0 1.0 line
69.8 0 1.5 1.0 NULL
71.3 1 2.0 1.0 line
73.3 0 1.1 1.0 NULL
74.39999999999999 1 2.0 1.0 line
76.39999999999999 0 1.2 1.0 NULL
77.6 1 2.0 1.0 line
79.6 0 1.1 1.0 NULL
80.69999999999999 1 2.0 1.0 line
82.69999999999999 0 1.7 1.0 NULL
84.39999999999999 1 2.0 1.0 line
86.39999999999999 0 1.0 1.0 NULL
87.39999999999999 1 2.0 1.0 line
89.4 0 1.9 1.0 NULL
91.30000000000001 1 2.0 1.0 line
93.30000000000001 0 1.0 1.0 NULL
94.30000000000001 1 2.0 1.0 line
96.30000000000001 0 1.1 1.0 NULL
97.4 1 2.0 1.0 line
99.4 0 1.7 1.0 NULL
101.10000000000001 1 2.0 1.0 line
103.1 0 2.0 1.0 NULL
105.1 1 2.0 1.0 line
107.1 0 1.3 1.0 NULL
108.39999999999999 1 2.0 1.0 line
110.39999999999999 0 1.1 1.0 NULL
111.49999999999999 1 2.0 1.0 line
113.49999999999999 0 2.0 1.0 NULL
115.49999999999999 1 2.0 1.0 line
117.5 0 1.0 1.0 NULL
118.5 1 2.0 1.0 line
120.5 0 1.3 1.0 NULL
121.8 1 2.0 1.0 line
123.8 0 1.0 1.0 NULL
124.8 1 2.0 1.0 line
126.8 0 1.1 1.0 NULL
127.89999999999999 1 2.0 1.0 line
129.9 0 1.3 1.0 NULL
