0.0 0 1.0 1.0 NULL
1.0 1 2.0 1.0 line
3.0 0 1.1 1.0 NULL
4.1 1 2.0 1.0 line
6.1 0 1.1 1.0 NULL
7.199999999999999 1 2.0 1.0 line
9.2 0 1.5 1.0 NULL
10.7 1 2.0 1.0 line
12.7 0 1.0 1.0 NULL
13.7 1 2.0 1.0 line
15.7 0 1.1 1.0 NULL
16.8 1 2.0 1.0 line
18.8 0 1.7 1.0 NULL
20.5 1 2.0 1.0 line
22.5 0 1.0 1.0 NULL
23.5 1 2.0 1.0 line
25.5 0 1.1 1.0 NULL
26.6 1 2.0 1.0 line
28.6 0 1.1 1.0 NULL
29.700000000000003 1 2.0 1.0 line
31.700000000000003 0 1.3 1.0 NULL
33.0 1 2.0 1.0 line
35.0 0 1.0 1.0 NULL
36.0 1 2.0 1.0 line
38.0 0 1.4 1.0 NULL
39.4 1 2.0 1.0 line
41.4 0 1.0 1.0 NULL
42.4 1 2.0 1.0 line
44.4 0 1.4 1.0 NULL
45.8 1 2.0 1.0 line
47.8 0 1.0 1.0 NULL
48.8 1 2.0 1.0 line
50.8 0 1.2 1.0 NULL
52.0 1 2.0 1.0 line
54.0 0 2.0 1.0 NULL
56.0 1 2.0 1.0 line
58.0 0 1.0 1.0 NULL
59.0 1 2.0 1.0 line
61.0 0 1.0 1.0 NULL
62.0 1 2.0 1.0 line
64.0 0 1.2 1.0 NULL
65.2 1 2.0 1.0 line
67.2 0 1.0 1.0 NULL
68.2 1 2.0 1.0 line
70.2 0 1.4 1.0 NULL
71.60000000000001 1 2.0 1.0 line
73.60000000000001 0 1.8 1.0 NULL
75.4 1 2.0 1.0 line
77.4 0 1.0 1.0 NULL
78.4 1 2.0 1.0 line
80.4 0 1.7 1.0 NULL
82.10000000000001 1 2.0 1.0 line
84.10000000000001 0 1.0 1.0 NULL
85.10000000000001 1 2.0 1.0 line
87.10000000000001 0 2.0 1.0 NULL
89.10000000000001 1 2.0 1.0 line
91.1 0 1.0 1.0 NULL
92.1 1 2.0 1.0 line
94.1 0 1.1 1.0 NULL
95.19999999999999 1 2.0 1.0 line
97.19999999999999 0 1.0 1.0 NULL
98.19999999999999 1 2.0 1.0 line
100.19999999999999 0 1.3 1.0 NULL
101.49999999999999 1 2.0 1.0 line
103.5 0 1.3 1.0 NULL
104.8 1 2.0 1.0 line
106.8 0 1.5 1.0 NULL
108.3 1 2.0 1.0 line
110.3 0 1.0 1.0 NULL
111.3 1 2.0 1.0 line
113.3 0 1.9 1.0 NULL
115.2 1 2.0 1.0 line
117.2 0 1.1 1.0 NULL
118.3 1 2.0 1.0 line
120.3 0 1.1 1.0 NULL
121.39999999999999 1 2.0 1.0 line
123.39999999999999 0 1.3 1.0 NULL
124.69999999999999 1 2.0 1.0 line
126.69999999999999 0 1.2 1.0 NULL
127.89999999999999 1 2.0 1.0 line
129.9 0 1.1 1.0 NULL
