0.0 0 1.0 1.0 NULL
1.0 1 2.0 1.0 line
3.0 0 1.0 1.0 NULL
4.0 1 2.0 1.0 line
6.0 0 1.3 1.0 NULL
7.3 1 2.0 1.0 line
9.3 0 2.0 1.0 NULL
11.3 1 2.0 1.0 line
13.3 0 1.0 1.0 NULL
14.3 1 2.0 1.0 line
16.3 0 1.0 1.0 NULL
17.3 1 2.0 1.0 line
19.3 0 1.6 1.0 NULL
20.900000000000002 1 2.0 1.0 line
22.900000000000002 0 1.4 1.0 NULL
24.3 1 2.0 1.0 line
26.3 0 1.0 1.0 NULL
27.3 1 2.0 1.0 line
29.3 0 1.5 1.0 NULL
30.8 1 2.0 1.0 line
32.8 0 1.3 1.0 NULL
34.099999999999994 1 2.0 1.0 line
36.099999999999994 0 1.0 1.0 NULL
37.099999999999994 1 2.0 1.0 line
39.1 0 1.2 1.0 NULL
40.300000000000004 1 2.0 1.0 line
42.300000000000004 0 1.4 1.0 NULL
43.7 1 2.0 1.0 line
45.7 0 1.7 1.0 NULL
47.400000000000006 1 2.0 1.0 line
49.400000000000006 0 1.1 1.0 NULL
50.50000000000001 1 2.0 1.0 line
52.5 0 1.0 1.0 NULL
53.5 1 2.0 1.0 line
55.5 0 1.3 1.0 NULL
56.8 1 2.0 1.0 line
58.8 0 1.3 1.0 NULL
60.099999999999994 1 2.0 1.0 line
62.099999999999994 0 1.0 1.0 NULL
63.099999999999994 1 2.0 1.0 line
65.1 0 1.4 1.0 NULL
66.5 1 2.0 1.0 line
68.5 0 1.0 1.0 NULL
69.5 1 2.0 1.0 line
71.5 0 1.3 1.0 NULL
72.8 1 2.0 1.0 line
74.8 0 1.2 1.0 NULL
76.0 1 2.0 1.0 line
78.0 0 1.5 1.0 NULL
79.5 1 2.0 1.0 line
81.5 0 1.1 1.0 NULL
82.6 1 2.0 1.0 line
84.6 0 1.4 1.0 NULL
86.0 1 2.0 1.0 line
88.0 0 1.0 1.0 NULL
89.0 1 2.0 1.0 line
91.0 0 1.1 1.0 NULL
92.1 1 2.0 1.0 line
94.1 0 1.2 1.0 NULL
95.3 1 2.0 1.0 line
97.3 0 1.3 1.0 NULL
98.6 1 2.0 1.0 line
100.6 0 1.1 1.0 NULL
101.69999999999999 1 2.0 1.0 line
103.7 0 2.0 1.0 NULL
105.7 1 2.0 1.0 line
107.7 0 1.0 1.0 NULL
108.7 1 2.0 1.0 line
110.7 0 1.8 1.0 NULL
112.5 1 2.0 1.0 line
114.5 0 1.1 1.0 NULL
115.6 1 2.0 1.0 line
117.6 0 1.0 1.0 NULL
118.6 1 2.0 1.0 line
120.6 0 1.0 1.0 NULL
121.6 1 2.0 1.0 line
123.6 0 1.1 1.0 NULL
124.69999999999999 1 2.0 1.0 line
126.69999999999999 0 1.1 1.0 NULL
127.79999999999998 1 2.0 1.0 line
129.8 0 1.2 1.0 NULL
