0.0 0 1.0 1.0 NULL
1.0 1 2.0 1.0 line
3.0 0 1.3 1.0 NULL
4.3 1 2.0 1.0 line
6.3 0 1.1 1.0 NULL
7.4 1 2.0 1.0 line
9.4 0 1.4 1.0 NULL
10.8 1 2.0 1.0 line
12.8 0 1.1 1.0 NULL
13.9 1 2.0 1.0 line
15.9 0 1.6 1.0 NULL
17.5 1 2.0 1.0 line
19.5 0 1.0 1.0 NULL
20.5 1 2.0 1.0 line
22.5 0 2.0 1.0 NULL
24.5 1 2.0 1.0 line
26.5 0 1.0 1.0 NULL
27.5 1 2.0 1.0 line
29.5 0 1.2 1.0 NULL
30.7 1 2.0 1.0 line
32.7 0 1.8 1.0 NULL
34.5 1 2.0 1.0 line
36.5 0 1.3 1.0 NULL
37.8 1 2.0 1.0 line
39.800000000000004 0 1.1 1.0 NULL
40.900000000000006 1 2.0 1.0 line
42.900000000000006 0 1.0 1.0 NULL
43.900000000000006 1 2.0 1.0 line
45.900000000000006 0 1.0 1.0 NULL
46.900000000000006 1 2.0 1.0 line
48.900000000000006 0 1.4 1.0 NULL
50.300000000000004 1 2.0 1.0 line
52.3 0 1.4 1.0 NULL
53.699999999999996 1 2.0 1.0 line
55.699999999999996 0 1.0 1.0 NULL
56.699999999999996 1 2.0 1.0 line
58.699999999999996 0 1.0 1.0 NULL
59.699999999999996 1 2.0 1.0 line
61.699999999999996 0 1.5 1.0 NULL
63.199999999999996 1 2.0 1.0 line
65.2 0 1.2 1.0 NULL
66.4 1 2.0 1.0 line
68.4 0 1.0 1.0 NULL
69.4 1 2.0 1.0 line
71.4 0 1.2 1.0 NULL
72.60000000000001 1 2.0 1.0 line
74.60000000000001 0 2.0 1.0 NULL
76.60000000000001 1 2.0 1.0 line
78.60000000000001 0 1.0 1.0 NULL
79.60000000000001 1 2.0 1.0 line
81.60000000000001 0 1.0 1.0 NULL
82.60000000000001 1 2.0 1.0 line
84.60000000000001 0 1.4 1.0 NULL
86.00000000000001 1 2.0 1.0 line
88.00000000000001 0 1.2 1.0 NULL
89.20000000000002 1 2.0 1.0 line
91.2 0 1.0 1.0 NULL
92.2 1 2.0 1.0 line
94.2 0 1.2 1.0 NULL
95.4 1 2.0 1.0 line
97.4 0 1.1 1.0 NULL
98.5 1 2.0 1.0 line
100.5 0 1.9 1.0 NULL
102.4 1 2.0 1.0 line
104.4 0 1.0 1.0 NULL
105.4 1 2.0 1.0 line
107.4 0 1.9 1.0 NULL
109.30000000000001 1 2.0 1.0 line
111.30000000000001 0 1.0 1.0 NULL
112.30000000000001 1 2.0 1.0 line
114.30000000000001 0 1.0 1.0 NULL
115.30000000000001 1 2.0 1.0 line
117.3 0 1.0 1.0 NULL
118.3 1 2.0 1.0 line
120.3 0 1.5 1.0 NULL
121.8 1 2.0 1.0 line
123.8 0 1.0 1.0 NULL
124.8 1 2.0 1.0 line
126.8 0 1.1 1.0 NULL
127.89999999999999 1 2.0 1.0 line
129.9 0 1.1 1.0 NULL
