0.0 0 2.0 1.0 NULL
2.0 1 2.0 1.0 line
4.0 0 1.1 1.0 NULL
5.1 1 2.0 1.0 line
7.1 0 1.8 1.0 NULL
8.9 1 2.0 1.0 line
10.9 0 1.1 1.0 NULL
12.0 1 2.0 1.0 line
14.0 0 1.0 1.0 NULL
15.0 1 2.0 1.0 line
17.0 0 1.1 1.0 NULL
18.1 1 2.0 1.0 line
20.1 0 1.9 1.0 NULL
22.0 1 2.0 1.0 line
24.0 0 1.5 1.0 NULL
25.5 1 2.0 1.0 line
27.5 0 1.0 1.0 NULL
28.5 1 2.0 1.0 line
30.5 0 1.0 1.0 NULL
31.5 1 2.0 1.0 line
33.5 0 1.0 1.0 NULL
34.5 1 2.0 1.0 line
36.5 0 1.3 1.0 NULL
37.8 1 2.0 1.0 line
39.8 0 1.0 1.0 NULL
40.8 1 2.0 1.0 line
42.8 0 1.1 1.0 NULL
43.9 1 2.0 1.0 line
45.9 0 1.0 1.0 NULL
46.9 1 2.0 1.0 line
48.9 0 1.0 1.0 NULL
49.9 1 2.0 1.0 line
51.900000000000006 0 1.1 1.0 NULL
53.00000000000001 1 2.0 1.0 line
55.00000000000001 0 1.1 1.0 NULL
56.10000000000001 1 2.0 1.0 line
58.10000000000001 0 1.6 1.0 NULL
59.70000000000001 1 2.0 1.0 line
61.70000000000001 0 1.4 1.0 NULL
63.10000000000001 1 2.0 1.0 line
65.1 0 1.0 1.0 NULL
66.1 1 2.0 1.0 line
68.1 0 2.0 1.0 NULL
70.1 1 2.0 1.0 line
72.1 0 1.0 1.0 NULL
73.1 1 2.0 1.0 line
75.1 0 2.0 1.0 NULL
77.1 1 2.0 1.0 line
79.1 0 1.0 1.0 NULL
80.1 1 2.0 1.0 line
82.1 0 1.2 1.0 NULL
83.3 1 2.0 1.0 line
85.3 0 1.1 1.0 NULL
86.39999999999999 1 2.0 1.0 line
88.39999999999999 0 1.4 1.0 NULL
89.8 1 2.0 1.0 line
91.80000000000001 0 1.0 1.0 NULL
92.80000000000001 1 2.0 1.0 line
94.80000000000001 0 1.0 1.0 NULL
95.80000000000001 1 2.0 1.0 line
97.80000000000001 0 1.3 1.0 NULL
99.10000000000001 1 2.0 1.0 line
101.10000000000001 0 1.2 1.0 NULL
102.30000000000001 1 2.0 1.0 line
104.30000000000001 0 1.9 1.0 NULL
106.20000000000002 1 2.0 1.0 line
108.20000000000002 0 1.7 1.0 NULL
109.90000000000002 1 2.0 1.0 line
111.90000000000002 0 1.2 1.0 NULL
113.10000000000002 1 2.0 1.0 line
115.10000000000002 0 1.4 1.0 NULL
116.50000000000003 1 2.0 1.0 line
118.5 0 1.2 1.0 NULL
119.7 1 2.0 1.0 line
121.7 0 1.1 1.0 NULL
122.8 1 2.0 1.0 line
124.8 0 1.2 1.0 NULL
126.0 1 2.0 1.0 line
128.0 0 1.0 1.0 NULL
129.0 1 2.0 1.0 line
131.0 0 1.0 1.0 NULL
