0.0 0 1.0 1.0 NULL
1.0 1 2.0 1.0 line
3.0 0 1.2 1.0 NULL
4.2 1 2.0 1.0 line
6.2 0 1.0 1.0 NULL
7.2 1 2.0 1.0 line
9.2 0 1.4 1.0 NULL
10.6 1 2.0 1.0 line
12.600000000000001 0 1.0 1.0 NULL
13.600000000000001 1 2.0 1.0 line
15.600000000000001 0 1.0 1.0 NULL
16.6 1 2.0 1.0 line
18.6 0 1.3 1.0 NULL
19.900000000000002 1 2.0 1.0 line
21.900000000000002 0 1.6 1.0 NULL
23.500000000000004 1 2.0 1.0 line
25.5 0 1.0 1.0 NULL
26.5 1 2.0 1.0 line
28.5 0 1.2 1.0 NULL
29.7 1 2.0 1.0 line
31.7 0 1.1 1.0 NULL
32.8 1 2.0 1.0 line
34.8 0 1.0 1.0 NULL
35.8 1 2.0 1.0 line
37.8 0 1.1 1.0 NULL
38.9 1 2.0 1.0 line
40.9 0 1.4 1.0 NULL
42.3 1 2.0 1.0 line
44.3 0 1.0 1.0 NULL
45.3 1 2.0 1.0 line
47.3 0 1.0 1.0 NULL
48.3 1 2.0 1.0 line
50.3 0 2.0 1.0 NULL
52.3 1 2.0 1.0 line
54.3 0 1.0 1.0 NULL
55.3 1 2.0 1.0 line
57.3 0 1.4 1.0 NULL
58.699999999999996 1 2.0 1.0 line
60.699999999999996 0 1.8 1.0 NULL
62.49999999999999 1 2.0 1.0 line
64.5 0 1.6 1.0 NULL
66.1 1 2.0 1.0 line
68.1 0 1.0 1.0 NULL
69.1 1 2.0 1.0 line
71.1 0 1.5 1.0 NULL
72.6 1 2.0 1.0 line
74.6 0 1.1 1.0 NULL
75.69999999999999 1 2.0 1.0 line
77.7 0 1.5 1.0 NULL
79.2 1 2.0 1.0 line
81.2 0 1.0 1.0 NULL
82.2 1 2.0 1.0 line
84.2 0 1.0 1.0 NULL
85.2 1 2.0 1.0 line
87.2 0 1.9 1.0 NULL
89.10000000000001 1 2.0 1.0 line
91.1 0 1.1 1.0 NULL
92.19999999999999 1 2.0 1.0 line
94.19999999999999 0 1.2 1.0 NULL
95.39999999999999 1 2.0 1.0 line
97.39999999999999 0 1.1 1.0 NULL
98.49999999999999 1 2.0 1.0 line
100.49999999999999 0 1.0 1.0 NULL
101.49999999999999 1 2.0 1.0 line
103.5 0 1.6 1.0 NULL
105.1 1 2.0 1.0 line
107.1 0 1.1 1.0 NULL
108.19999999999999 1 2.0 1.0 line
110.19999999999999 0 1.1 1.0 NULL
111.29999999999998 1 2.0 1.0 line
113.29999999999998 0 1.9 1.0 NULL
115.19999999999999 1 2.0 1.0 line
117.2 0 1.0 1.0 NULL
118.2 1 2.0 1.0 line
120.2 0 1.2 1.0 NULL
121.4 1 2.0 1.0 line
123.4 0 1.1 1.0 NULL
124.5 1 2.0 1.0 line
126.5 0 1.5 1.0 NULL
128.0 1 2.0 1.0 line
130.0 0 1.0 1.0 NULL
