0.0 0 1.8 1.0 NULL
1.8 1 2.0 1.0 line
3.8 0 1.0 1.0 NULL
4.8 1 2.0 1.0 line
6.8 0 1.1 1.0 NULL
7.9 1 2.0 1.0 line
9.9 0 1.4 1.0 NULL
11.3 1 2.0 1.0 line
13.3 0 1.8 1.0 NULL
15.100000000000001 1 2.0 1.0 line
17.1 0 1.1 1.0 NULL
18.200000000000003 1 2.0 1.0 line
20.200000000000003 0 1.0 1.0 NULL
21.200000000000003 1 2.0 1.0 line
23.200000000000003 0 1.2 1.0 NULL
24.400000000000002 1 2.0 1.0 line
26.4 0 1.2 1.0 NULL
27.599999999999998 1 2.0 1.0 line
29.599999999999998 0 1.2 1.0 NULL
30.799999999999997 1 2.0 1.0 line
32.8 0 1.0 1.0 NULL
33.8 1 2.0 1.0 line
35.8 0 1.8 1.0 NULL
37.599999999999994 1 2.0 1.0 line
39.6 0 1.0 1.0 NULL
40.6 1 2.0 1.0 line
42.6 0 1.9 1.0 NULL
44.5 1 2.0 1.0 line
46.5 0 1.0 1.0 NULL
47.5 1 2.0 1.0 line
49.5 0 1.1 1.0 NULL
50.6 1 2.0 1.0 line
52.6 0 1.8 1.0 NULL
54.4 1 2.0 1.0 line
56.4 0 1.0 1.0 NULL
57.4 1 2.0 1.0 line
59.4 0 1.2 1.0 NULL
60.6 1 2.0 1.0 line
62.6 0 1.0 1.0 NULL
63.6 1 2.0 1.0 line
65.6 0 1.2 1.0 NULL
66.8 1 2.0 1.0 line
68.8 0 1.8 1.0 NULL
70.6 1 2.0 1.0 line
72.6 0 1.1 1.0 NULL
73.69999999999999 1 2.0 1.0 line
75.69999999999999 0 1.5 1.0 NULL
77.19999999999999 1 2.0 1.0 line
79.19999999999999 0 1.4 1.0 NULL
80.6 1 2.0 1.0 line
82.6 0 1.3 1.0 NULL
83.89999999999999 1 2.0 1.0 line
85.89999999999999 0 1.4 1.0 NULL
87.3 1 2.0 1.0 line
89.3 0 1.0 1.0 NULL
90.3 1 2.0 1.0 line
92.3 0 1.5 1.0 NULL
93.8 1 2.0 1.0 line
95.8 0 1.1 1.0 NULL
96.89999999999999 1 2.0 1.0 line
98.89999999999999 0 1.0 1.0 NULL
99.89999999999999 1 2.0 1.0 line
101.89999999999999 0 1.3 1.0 NULL
103.19999999999999 1 2.0 1.0 line
105.19999999999999 0 1.0 1.0 NULL
106.19999999999999 1 2.0 1.0 line
108.19999999999999 0 1.9 1.0 NULL
110.1 1 2.0 1.0 line
112.1 0 1.0 1.0 NULL
113.1 1 2.0 1.0 line
115.1 0 1.2 1.0 NULL
116.3 1 2.0 1.0 line
118.3 0 1.3 1.0 NULL
119.6 1 2.0 1.0 line
121.6 0 1.1 1.0 NULL
122.69999999999999 1 2.0 1.0 line
124.69999999999999 0 1.0 1.0 NULL
125.69999999999999 1 2.0 1.0 line
127.69999999999999 0 1.1 1.0 NULL
128.79999999999998 1 2.0 1.0 line
130.8 0 1.0 1.0 NULL
