0.0 0 1.6 1.0 NULL
1.6 1 2.0 1.0 line
3.6 0 1.0 1.0 NULL
4.6 1 2.0 1.0 line
6.6 0 1.8 1.0 NULL
8.4 1 2.0 1.0 line
10.4 0 1.0 1.0 NULL
11.4 1 2.0 1.0 line
13.399999999999999 0 1.3 1.0 NULL
14.7 1 2.0 1.0 line
16.7 0 1.0 1.0 NULL
17.7 1 2.0 1.0 line
19.7 0 1.3 1.0 NULL
21.0 1 2.0 1.0 line
23.0 0 1.0 1.0 NULL
24.0 1 2.0 1.0 line
26.0 0 1.4 1.0 NULL
27.4 1 2.0 1.0 line
29.4 0 1.2 1.0 NULL
30.599999999999998 1 2.0 1.0 line
32.599999999999994 0 1.1 1.0 NULL
33.699999999999996 1 2.0 1.0 line
35.699999999999996 0 1.5 1.0 NULL
37.199999999999996 1 2.0 1.0 line
39.2 0 1.1 1.0 NULL
40.300000000000004 1 2.0 1.0 line
42.300000000000004 0 1.0 1.0 NULL
43.300000000000004 1 2.0 1.0 line
45.300000000000004 0 2.0 1.0 NULL
47.300000000000004 1 2.0 1.0 line
49.300000000000004 0 1.3 1.0 NULL
50.6 1 2.0 1.0 line
52.6 0 1.4 1.0 NULL
54.0 1 2.0 1.0 line
56.0 0 1.1 1.0 NULL
57.1 1 2.0 1.0 line
59.1 0 2.0 1.0 NULL
61.1 1 2.0 1.0 line
63.1 0 1.0 1.0 NULL
64.1 1 2.0 1.0 line
66.1 0 1.0 1.0 NULL
67.1 1 2.0 1.0 line
69.1 0 1.6 1.0 NULL
70.69999999999999 1 2.0 1.0 line
72.69999999999999 0 1.4 1.0 NULL
74.1 1 2.0 1.0 line
76.1 0 1.1 1.0 NULL
77.19999999999999 1 2.0 1.0 line
79.2 0 1.0 1.0 NULL
80.2 1 2.0 1.0 line
82.2 0 1.4 1.0 NULL
83.60000000000001 1 2.0 1.0 line
85.60000000000001 0 1.0 1.0 NULL
86.60000000000001 1 2.0 1.0 line
88.60000000000001 0 1.9 1.0 NULL
90.50000000000001 1 2.0 1.0 line
92.5 0 1.0 1.0 NULL
93.5 1 2.0 1.0 line
95.5 0 1.0 1.0 NULL
96.5 1 2.0 1.0 line
98.5 0 1.1 1.0 NULL
99.6 1 2.0 1.0 line
101.6 0 1.4 1.0 NULL
103.0 1 2.0 1.0 line
105.0 0 1.3 1.0 NULL
106.3 1 2.0 1.0 line
108.3 0 1.2 1.0 NULL
109.5 1 2.0 1.0 line
111.5 0 1.2 1.0 NULL
112.7 1 2.0 1.0 line
114.7 0 1.5 1.0 NULL
116.2 1 2.0 1.0 line
118.2 0 1.0 1.0 NULL
119.2 1 2.0 1.0 line
121.2 0 1.1 1.0 NULL
122.3 1 2.0 1.0 line
124.3 0 1.1 1.0 NULL
125.39999999999999 1 2.0 1.0 line
127.39999999999999 0 1.1 1.0 NULL
128.5 1 2.0 1.0 line
130.5 0 1.1 1.0 NULL
