0.0 0 1.7 1.0 NULL
1.7 1 2.0 1.0 line
3.7 0 1.1 1.0 NULL
4.800000000000001 1 2.0 1.0 line
6.800000000000001 0 1.0 1.0 NULL
7.800000000000001 1 2.0 1.0 line
9.8 0 1.9 1.0 NULL
11.700000000000001 1 2.0 1.0 line
13.700000000000001 0 1.0 1.0 NULL
14.700000000000001 1 2.0 1.0 line
16.700000000000003 0 2.0 1.0 NULL
18.700000000000003 1 2.0 1.0 line
20.700000000000003 0 1.1 1.0 NULL
21.800000000000004 1 2.0 1.0 line
23.800000000000004 0 1.0 1.0 NULL
24.800000000000004 1 2.0 1.0 line
26.8 0 1.3 1.0 NULL
28.1 1 2.0 1.0 line
30.1 0 1.6 1.0 NULL
31.700000000000003 1 2.0 1.0 line
33.7 0 1.0 1.0 NULL
34.7 1 2.0 1.0 line
36.7 0 1.6 1.0 NULL
38.300000000000004 1 2.0 1.0 line
40.3 0 1.2 1.0 NULL
41.5 1 2.0 1.0 line
43.5 0 2.0 1.0 NULL
45.5 1 2.0 1.0 line
47.5 0 1.0 1.0 NULL
48.5 1 2.0 1.0 line
50.5 0 1.0 1.0 NULL
51.5 1 2.0 1.0 line
53.5 0 1.3 1.0 NULL
54.8 1 2.0 1.0 line
56.8 0 1.2 1.0 NULL
58.0 1 2.0 1.0 line
60.0 0 1.7 1.0 NULL
61.7 1 2.0 1.0 line
63.7 0 1.0 1.0 NULL
64.7 1 2.0 1.0 line
66.69999999999999 0 1.3 1.0 NULL
67.99999999999999 1 2.0 1.0 line
69.99999999999999 0 1.7 1.0 NULL
71.69999999999999 1 2.0 1.0 line
73.69999999999999 0 1.1 1.0 NULL
74.79999999999998 1 2.0 1.0 line
76.79999999999998 0 1.3 1.0 NULL
78.09999999999998 1 2.0 1.0 line
80.10000000000001 0 1.0 1.0 NULL
81.10000000000001 1 2.0 1.0 line
83.10000000000001 0 1.0 1.0 NULL
84.10000000000001 1 2.0 1.0 line
86.10000000000001 0 1.2 1.0 NULL
87.30000000000001 1 2.0 1.0 line
89.30000000000001 0 1.0 1.0 NULL
90.30000000000001 1 2.0 1.0 line
92.30000000000001 0 1.0 1.0 NULL
93.30000000000001 1 2.0 1.0 line
95.30000000000001 0 1.1 1.0 NULL
96.4 1 2.0 1.0 line
98.4 0 1.1 1.0 NULL
99.5 1 2.0 1.0 line
101.5 0 1.1 1.0 NULL
102.6 1 2.0 1.0 line
104.6 0 1.0 1.0 NULL
105.6 1 2.0 1.0 line
107.6 0 1.8 1.0 NULL
109.39999999999999 1 2.0 1.0 line
111.39999999999999 0 1.0 1.0 NULL
112.39999999999999 1 2.0 1.0 line
114.39999999999999 0 1.3 1.0 NULL
115.69999999999999 1 2.0 1.0 line
117.7 0 1.2 1.0 NULL
118.9 1 2.0 1.0 line
120.9 0 1.1 1.0 NULL
122.0 1 2.0 1.0 line
124.0 0 1.1 1.0 NULL
125.1 1 2.0 1.0 line
127.1 0 1.5 1.0 NULL
128.6 1 2.0 1.0 line
130.6 0 1.1 1.0 NULL
