0.0 0 1.0 1.0 NULL
1.0 1 2.0 1.0 line
3.0 0 1.1 1.0 NULL
4.1 1 2.0 1.0 line
6.1 0 1.1 1.0 NULL
7.199999999999999 1 2.0 1.0 line
9.2 0 1.0 1.0 NULL
10.2 1 2.0 1.0 line
12.2 0 1.4 1.0 NULL
13.6 1 2.0 1.0 line
15.6 0 1.7 1.0 NULL
17.3 1 2.0 1.0 line
19.3 0 1.0 1.0 NULL
20.3 1 2.0 1.0 line
22.3 0 1.9 1.0 NULL
24.2 1 2.0 1.0 line
26.2 0 1.1 1.0 NULL
27.3 1 2.0 1.0 line
29.3 0 1.0 1.0 NULL
30.3 1 2.0 1.0 line
32.3 0 1.0 1.0 NULL
33.3 1 2.0 1.0 line
35.3 0 1.0 1.0 NULL
36.3 1 2.0 1.0 line
38.3 0 1.3 1.0 NULL
39.599999999999994 1 2.0 1.0 line
41.599999999999994 0 1.6 1.0 NULL
43.199999999999996 1 2.0 1.0 line
45.199999999999996 0 1.0 1.0 NULL
46.199999999999996 1 2.0 1.0 line
48.199999999999996 0 1.7 1.0 NULL
49.9 1 2.0 1.0 line
51.900000000000006 0 1.3 1.0 NULL
53.2 1 2.0 1.0 line
55.2 0 1.3 1.0 NULL
56.5 1 2.0 1.0 line
58.5 0 1.0 1.0 NULL
59.5 1 2.0 1.0 line
61.5 0 1.0 1.0 NULL
62.5 1 2.0 1.0 line
64.5 0 1.1 1.0 NULL
65.6 1 2.0 1.0 line
67.6 0 1.0 1.0 NULL
68.6 1 2.0 1.0 line
70.6 0 1.5 1.0 NULL
72.1 1 2.0 1.0 line
74.1 0 1.2 1.0 NULL
75.3 1 2.0 1.0 line
77.30000000000001 0 1.0 1.0 NULL
78.30000000000001 1 2.0 1.0 line
80.30000000000001 0 1.2 1.0 NULL
81.50000000000001 1 2.0 1.0 line
83.50000000000001 0 1.8 1.0 NULL
85.30000000000001 1 2.0 1.0 line
87.30000000000001 0 1.1 1.0 NULL
88.4 1 2.0 1.0 line
90.39999999999999 0 1.7 1.0 NULL
92.1 1 2.0 1.0 line
94.1 0 1.9 1.0 NULL
96.0 1 2.0 1.0 line
98.0 0 1.0 1.0 NULL
99.0 1 2.0 1.0 line
101.0 0 1.1 1.0 NULL
102.1 1 2.0 1.0 line
104.1 0 1.9 1.0 NULL
106.0 1 2.0 1.0 line
108.0 0 1.2 1.0 NULL
109.2 1 2.0 1.0 line
111.2 0 1.1 1.0 NULL
112.3 1 2.0 1.0 line
114.3 0 1.1 1.0 NULL
115.39999999999999 1 2.0 1.0 line
117.4 0 1.1 1.0 NULL
118.5 1 2.0 1.0 line
120.5 0 1.2 1.0 NULL
121.7 1 2.0 1.0 line
123.7 0 1.0 1.0 NULL
124.7 1 2.0 1.0 line
126.7 0 1.3 1.0 NULL
128.0 1 2.0 1.0 line
130.0 0 1.0 1.0 NULL
