0.0 0 1.1 1.0 NULL
1.1 1 2.0 1.0 line
3.1 0 1.0 1.0 NULL
4.1 1 2.0 1.0 line
6.1 0 1.3 1.0 NULL
7.3999999999999995 1 2.0 1.0 line
9.399999999999999 0 1.2 1.0 NULL
10.599999999999998 1 2.0 1.0 line
12.6 0 1.0 1.0 NULL
13.6 1 2.0 1.0 line
15.6 0 1.3 1.0 NULL
16.9 1 2.0 1.0 line
18.9 0 1.6 1.0 NULL
20.5 1 2.0 1.0 line
22.5 0 1.2 1.0 NULL
23.7 1 2.0 1.0 line
25.7 0 1.1 1.0 NULL
26.8 1 2.0 1.0 line
28.8 0 1.1 1.0 NULL
29.900000000000002 1 2.0 1.0 line
31.900000000000002 0 1.0 1.0 NULL
32.900000000000006 1 2.0 1.0 line
34.900000000000006 0 1.8 1.0 NULL
36.7 1 2.0 1.0 line
38.7 0 1.0 1.0 NULL
39.7 1 2.0 1.0 line
41.7 0 1.1 1.0 NULL
42.800000000000004 1 2.0 1.0 line
44.800000000000004 0 1.9 1.0 NULL
46.7 1 2.0 1.0 line
48.7 0 1.1 1.0 NULL
49.800000000000004 1 2.0 1.0 line
51.8 0 1.6 1.0 NULL
53.4 1 2.0 1.0 line
55.4 0 1.0 1.0 NULL
56.4 1 2.0 1.0 line
58.4 0 1.8 1.0 NULL
60.199999999999996 1 2.0 1.0 line
62.199999999999996 0 1.0 1.0 NULL
63.199999999999996 1 2.0 1.0 line
65.2 0 1.2 1.0 NULL
66.4 1 2.0 1.0 line
68.4 0 1.1 1.0 NULL
69.5 1 2.0 1.0 line
71.5 0 1.0 1.0 NULL
72.5 1 2.0 1.0 line
74.5 0 1.0 1.0 NULL
75.5 1 2.0 1.0 line
77.5 0 1.5 1.0 NULL
79.0 1 2.0 1.0 line
81.0 0 1.1 1.0 NULL
82.1 1 2.0 1.0 line
84.1 0 1.0 1.0 NULL
85.1 1 2.0 1.0 line
87.1 0 1.9 1.0 NULL
89.0 1 2.0 1.0 line
91.0 0 1.3 1.0 NULL
92.3 1 2.0 1.0 line
94.3 0 1.0 1.0 NULL
95.3 1 2.0 1.0 line
97.3 0 1.0 1.0 NULL
98.3 1 2.0 1.0 line
100.3 0 1.0 1.0 NULL
101.3 1 2.0 1.0 line
103.30000000000001 0 1.2 1.0 NULL
104.50000000000001 1 2.0 1.0 line
106.50000000000001 0 1.4 1.0 NULL
107.90000000000002 1 2.0 1.0 line
109.90000000000002 0 2.0 1.0 NULL
111.90000000000002 1 2.0 1.0 line
113.90000000000002 0 1.1 1.0 NULL
115.00000000000001 1 2.0 1.0 line
117.0 0 1.0 1.0 NULL
118.0 1 2.0 1.0 line
120.0 0 1.1 1.0 NULL
121.1 1 2.0 1.0 line
123.1 0 1.8 1.0 NULL
124.89999999999999 1 2.0 1.0 line
126.89999999999999 0 1.2 1.0 NULL
128.1 1 2.0 1.0 line
130.10000000000002 0 1.0 1.0 NULL
