0.0 0 1.0 1.0 NULL
1.0 1 2.0 1.0 line
3.0 0 1.0 1.0 NULL
4.0 1 2.0 1.0 line
6.0 0 1.0 1.0 NULL
7.0 1 2.0 1.0 line
9.0 0 1.8 1.0 NULL
10.8 1 2.0 1.0 line
12.8 0 1.0 1.0 NULL
13.8 1 2.0 1.0 line
15.8 0 1.2 1.0 NULL
17.0 1 2.0 1.0 line
19.0 0 1.6 1.0 NULL
20.6 1 2.0 1.0 line
22.6 0 1.3 1.0 NULL
23.900000000000002 1 2.0 1.0 line
25.9 0 1.2 1.0 NULL
27.099999999999998 1 2.0 1.0 line
29.099999999999998 0 1.2 1.0 NULL
30.299999999999997 1 2.0 1.0 line
32.3 0 1.2 1.0 NULL
33.5 1 2.0 1.0 line
35.5 0 1.5 1.0 NULL
37.0 1 2.0 1.0 line
39.0 0 1.1 1.0 NULL
40.1 1 2.0 1.0 line
42.1 0 1.1 1.0 NULL
43.2 1 2.0 1.0 line
45.2 0 1.0 1.0 NULL
46.2 1 2.0 1.0 line
48.2 0 1.0 1.0 NULL
49.2 1 2.0 1.0 line
51.2 0 1.1 1.0 NULL
52.300000000000004 1 2.0 1.0 line
54.300000000000004 0 1.8 1.0 NULL
56.1 1 2.0 1.0 line
58.1 0 1.0 1.0 NULL
59.1 1 2.0 1.0 line
61.1 0 1.5 1.0 NULL
62.6 1 2.0 1.0 line
64.60000000000001 0 1.0 1.0 NULL
65.60000000000001 1 2.0 1.0 line
67.60000000000001 0 1.0 1.0 NULL
68.60000000000001 1 2.0 1.0 line
70.60000000000001 0 1.1 1.0 NULL
71.7 1 2.0 1.0 line
73.7 0 1.2 1.0 NULL
74.9 1 2.0 1.0 line
76.9 0 1.1 1.0 NULL
78.0 1 2.0 1.0 line
80.0 0 1.0 1.0 NULL
81.0 1 2.0 1.0 line
83.0 0 1.9 1.0 NULL
84.9 1 2.0 1.0 line
86.9 0 1.7 1.0 NULL
88.60000000000001 1 2.0 1.0 line
90.6 0 1.3 1.0 NULL
91.89999999999999 1 2.0 1.0 line
93.89999999999999 0 1.3 1.0 NULL
95.19999999999999 1 2.0 1.0 line
97.19999999999999 0 1.0 1.0 NULL
98.19999999999999 1 2.0 1.0 line
100.19999999999999 0 1.9 1.0 NULL
102.1 1 2.0 1.0 line
104.10000000000001 0 1.1 1.0 NULL
105.2 1 2.0 1.0 line
107.2 0 1.3 1.0 NULL
108.5 1 2.0 1.0 line
110.5 0 1.0 1.0 NULL
111.5 1 2.0 1.0 line
113.5 0 1.9 1.0 NULL
115.4 1 2.0 1.0 line
117.39999999999999 0 1.0 1.0 NULL
118.39999999999999 1 2.0 1.0 line
120.39999999999999 0 1.4 1.0 NULL
121.8 1 2.0 1.0 line
123.8 0 1.0 1.0 NULL
124.8 1 2.0 1.0 line
126.8 0 1.2 1.0 NULL
128.0 1 2.0 1.0 line
130.0 0 1.0 1.0 NULL
