0.0 0 1.0 1.0 NULL
1.0 1 2.0 1.0 line
3.0 0 1.1 1.0 NULL
4.1 1 2.0 1.0 line
6.1 0 1.6 1.0 NULL
7.699999999999999 1 2.0 1.0 line
9.7 0 1.1 1.0 NULL
10.799999999999999 1 2.0 1.0 line
12.8 0 1.7 1.0 NULL
14.5 1 2.0 1.0 line
16.5 0 1.3 1.0 NULL
17.8 1 2.0 1.0 line
19.8 0 1.0 1.0 NULL
20.8 1 2.0 1.0 line
22.8 0 1.0 1.0 NULL
23.8 1 2.0 1.0 line
25.8 0 1.5 1.0 NULL
27.3 1 2.0 1.0 line
29.3 0 1.1 1.0 NULL
30.400000000000002 1 2.0 1.0 line
32.400000000000006 0 1.0 1.0 NULL
33.400000000000006 1 2.0 1.0 line
35.400000000000006 0 2.0 1.0 NULL
37.400000000000006 1 2.0 1.0 line
39.4 0 1.2 1.0 NULL
40.6 1 2.0 1.0 line
42.6 0 1.3 1.0 NULL
43.9 1 2.0 1.0 line
45.9 0 1.7 1.0 NULL
47.6 1 2.0 1.0 line
49.6 0 1.0 1.0 NULL
50.6 1 2.0 1.0 line
52.6 0 1.6 1.0 NULL
54.2 1 2.0 1.0 line
56.2 0 1.1 1.0 NULL
57.300000000000004 1 2.0 1.0 line
59.300000000000004 0 1.0 1.0 NULL
60.300000000000004 1 2.0 1.0 line
62.300000000000004 0 1.6 1.0 NULL
63.900000000000006 1 2.0 1.0 line
65.9 0 1.0 1.0 NULL
66.9 1 2.0 1.0 line
68.9 0 1.0 1.0 NULL
69.9 1 2.0 1.0 line
71.9 0 1.0 1.0 NULL
72.9 1 2.0 1.0 line
74.9 0 1.4 1.0 NULL
76.30000000000001 1 2.0 1.0 line
78.30000000000001 0 1.1 1.0 NULL
79.4 1 2.0 1.0 line
81.4 0 2.0 1.0 NULL
83.4 1 2.0 1.0 line
85.4 0 1.3 1.0 NULL
86.7 1 2.0 1.0 line
88.7 0 1.4 1.0 NULL
90.10000000000001 1 2.0 1.0 line
92.1 0 1.2 1.0 NULL
93.3 1 2.0 1.0 line
95.3 0 1.0 1.0 NULL
96.3 1 2.0 1.0 line
98.3 0 1.0 1.0 NULL
99.3 1 2.0 1.0 line
101.3 0 1.2 1.0 NULL
102.5 1 2.0 1.0 line
104.5 0 1.8 1.0 NULL
106.3 1 2.0 1.0 line
108.3 0 1.0 1.0 NULL
109.3 1 2.0 1.0 line
111.3 0 1.0 1.0 NULL
112.3 1 2.0 1.0 line
114.3 0 1.1 1.0 NULL
115.39999999999999 1 2.0 1.0 line
117.4 0 1.4 1.0 NULL
118.80000000000001 1 2.0 1.0 line
120.80000000000001 0 1.0 1.0 NULL
121.80000000000001 1 2.0 1.0 line
123.80000000000001 0 1.0 1.0 NULL
124.80000000000001 1 2.0 1.0 line
126.80000000000001 0 1.2 1.0 NULL
128.0 1 2.0 1.0 line
130.0 0 1.0 1.0 NULL
