0.0 0 1.0 1.0 NULL
1.0 1 2.0 1.0 line
3.0 0 1.1 1.0 NULL
4.1 1 2.0 1.0 line
6.1 0 1.0 1.0 NULL
7.1 1 2.0 1.0 line
9.1 0 1.2 1.0 NULL
10.299999999999999 1 2.0 1.0 line
12.3 0 1.0 1.0 NULL
13.3 1 2.0 1.0 line
15.3 0 1.9 1.0 NULL
17.2 1 2.0 1.0 line
19.2 0 1.0 1.0 NULL
20.2 1 2.0 1.0 line
22.2 0 1.6 1.0 NULL
23.8 1 2.0 1.0 line
25.8 0 1.1 1.0 NULL
26.900000000000002 1 2.0 1.0 line
28.900000000000002 0 1.0 1.0 NULL
29.900000000000002 1 2.0 1.0 line
31.900000000000002 0 1.2 1.0 NULL
33.1 1 2.0 1.0 line
35.1 0 1.1 1.0 NULL
36.2 1 2.0 1.0 line
38.2 0 1.0 1.0 NULL
39.2 1 2.0 1.0 line
41.2 0 1.0 1.0 NULL
42.2 1 2.0 1.0 line
44.2 0 1.0 1.0 NULL
45.2 1 2.0 1.0 line
47.2 0 1.0 1.0 NULL
48.2 1 2.0 1.0 line
50.2 0 1.8 1.0 NULL
52.0 1 2.0 1.0 line
54.0 0 1.1 1.0 NULL
55.1 1 2.0 1.0 line
57.1 0 1.8 1.0 NULL
58.9 1 2.0 1.0 line
60.9 0 1.2 1.0 NULL
62.1 1 2.0 1.0 line
64.1 0 1.1 1.0 NULL
65.19999999999999 1 2.0 1.0 line
67.19999999999999 0 1.0 1.0 NULL
68.19999999999999 1 2.0 1.0 line
70.19999999999999 0 1.3 1.0 NULL
71.49999999999999 1 2.0 1.0 line
73.49999999999999 0 2.0 1.0 NULL
75.49999999999999 1 2.0 1.0 line
77.5 0 1.0 1.0 NULL
78.5 1 2.0 1.0 line
80.5 0 2.0 1.0 NULL
82.5 1 2.0 1.0 line
84.5 0 2.0 1.0 NULL
86.5 1 2.0 1.0 line
88.5 0 1.1 1.0 NULL
89.6 1 2.0 1.0 line
91.6 0 1.0 1.0 NULL
92.6 1 2.0 1.0 line
94.6 0 1.1 1.0 NULL
95.69999999999999 1 2.0 1.0 line
97.69999999999999 0 1.4 1.0 NULL
99.1 1 2.0 1.0 line
101.1 0 1.2 1.0 NULL
102.3 1 2.0 1.0 line
104.30000000000001 0 1.0 1.0 NULL
105.30000000000001 1 2.0 1.0 line
107.30000000000001 0 1.3 1.0 NULL
108.60000000000001 1 2.0 1.0 line
110.60000000000001 0 1.6 1.0 NULL
112.2 1 2.0 1.0 line
114.2 0 1.0 1.0 NULL
115.2 1 2.0 1.0 line
117.2 0 1.4 1.0 NULL
118.60000000000001 1 2.0 1.0 line
120.60000000000001 0 1.0 1.0 NULL
121.60000000000001 1 2.0 1.0 line
123.60000000000001 0 1.0 1.0 NULL
124.60000000000001 1 2.0 1.0 line
126.60000000000001 0 1.2 1.0 NULL
127.80000000000001 1 2.0 1.0 line
129.8 0 1.2 1.0 NULL
