0.0 0 1.0 1.0 NULL
1.0 1 2.0 1.0 line
3.0 0 1.0 1.0 NULL
4.0 1 2.0 1.0 line
6.0 0 1.3 1.0 NULL
7.3 1 2.0 1.0 line
9.3 0 1.1 1.0 NULL
10.4 1 2.0 1.0 line
12.4 0 1.3 1.0 NULL
13.700000000000001 1 2.0 1.0 line
15.700000000000001 0 1.0 1.0 NULL
16.700000000000003 1 2.0 1.0 line
18.700000000000003 0 1.2 1.0 NULL
19.900000000000002 1 2.0 1.0 line
21.900000000000002 0 1.0 1.0 NULL
22.900000000000002 1 2.0 1.0 line
24.9 0 1.9 1.0 NULL
26.799999999999997 1 2.0 1.0 line
28.799999999999997 0 1.0 1.0 NULL
29.799999999999997 1 2.0 1.0 line
31.799999999999997 0 1.0 1.0 NULL
32.8 1 2.0 1.0 line
34.8 0 1.1 1.0 NULL
35.9 1 2.0 1.0 line
37.9 0 1.6 1.0 NULL
39.5 1 2.0 1.0 line
41.5 0 1.0 1.0 NULL
42.5 1 2.0 1.0 line
44.5 0 1.7 1.0 NULL
46.2 1 2.0 1.0 line
48.2 0 1.1 1.0 NULL
49.300000000000004 1 2.0 1.0 line
51.3 0 1.4 1.0 NULL
52.699999999999996 1 2.0 1.0 line
54.699999999999996 0 1.5 1.0 NULL
56.199999999999996 1 2.0 1.0 line
58.199999999999996 0 1.0 1.0 NULL
59.199999999999996 1 2.0 1.0 line
61.199999999999996 0 1.0 1.0 NULL
62.199999999999996 1 2.0 1.0 line
64.2 0 1.7 1.0 NULL
65.9 1 2.0 1.0 line
67.9 0 1.0 1.0 NULL
68.9 1 2.0 1.0 line
70.9 0 1.0 1.0 NULL
71.9 1 2.0 1.0 line
73.9 0 1.1 1.0 NULL
75.0 1 2.0 1.0 line
77.0 0 2.0 1.0 NULL
79.0 1 2.0 1.0 line
81.0 0 1.8 1.0 NULL
82.8 1 2.0 1.0 line
84.8 0 1.1 1.0 NULL
85.89999999999999 1 2.0 1.0 line
87.89999999999999 0 1.1 1.0 NULL
88.99999999999999 1 2.0 1.0 line
91.0 0 1.0 1.0 NULL
92.0 1 2.0 1.0 line
94.0 0 1.1 1.0 NULL
95.1 1 2.0 1.0 line
97.1 0 1.0 1.0 NULL
98.1 1 2.0 1.0 line
100.1 0 2.0 1.0 NULL
102.1 1 2.0 1.0 line
104.1 0 1.0 1.0 NULL
105.1 1 2.0 1.0 line
107.1 0 1.4 1.0 NULL
108.5 1 2.0 1.0 line
110.5 0 1.3 1.0 NULL
111.8 1 2.0 1.0 line
113.8 0 1.4 1.0 NULL
115.2 1 2.0 1.0 line
117.2 0 1.5 1.0 NULL
118.7 1 2.0 1.0 line
120.7 0 1.0 1.0 NULL
121.7 1 2.0 1.0 line
123.7 0 1.0 1.0 NULL
124.7 1 2.0 1.0 line
126.7 0 1.0 1.0 NULL
127.7 1 2.0 1.0 line
129.7 0 1.3 1.0 NULL
