0.0 0 1.0 1.0 NULL
1.0 1 2.0 1.0 line
3.0 0 1.0 1.0 NULL
4.0 1 2.0 1.0 line
6.0 0 1.3 1.0 NULL
7.3 1 2.0 1.0 line
9.3 0 1.0 1.0 NULL
10.3 1 2.0 1.0 line
12.3 0 1.7 1.0 NULL
14.0 1 2.0 1.0 line
16.0 0 1.1 1.0 NULL
17.1 1 2.0 1.0 line
19.1 0 1.0 1.0 NULL
20.1 1 2.0 1.0 line
22.1 0 1.5 1.0 NULL
23.6 1 2.0 1.0 line
25.6 0 1.1 1.0 NULL
26.700000000000003 1 2.0 1.0 line
28.700000000000003 0 1.8 1.0 NULL
30.500000000000004 1 2.0 1.0 line
32.5 0 1.1 1.0 NULL
33.6 1 2.0 1.0 line
35.6 0 1.0 1.0 NULL
36.6 1 2.0 1.0 line
38.6 0 1.2 1.0 NULL
39.800000000000004 1 2.0 1.0 line
41.800000000000004 0 1.0 1.0 NULL
42.800000000000004 1 2.0 1.0 line
44.800000000000004 0 1.0 1.0 NULL
45.800000000000004 1 2.0 1.0 line
47.800000000000004 0 1.2 1.0 NULL
49.00000000000001 1 2.0 1.0 line
51.0 0 1.1 1.0 NULL
52.1 1 2.0 1.0 line
54.1 0 1.2 1.0 NULL
55.300000000000004 1 2.0 1.0 line
57.300000000000004 0 1.9 1.0 NULL
59.2 1 2.0 1.0 line
61.2 0 1.3 1.0 NULL
62.5 1 2.0 1.0 line
64.5 0 1.1 1.0 NULL
65.6 1 2.0 1.0 line
67.6 0 1.0 1.0 NULL
68.6 1 2.0 1.0 line
70.6 0 1.9 1.0 NULL
72.5 1 2.0 1.0 line
74.5 0 1.0 1.0 NULL
75.5 1 2.0 1.0 line
77.5 0 1.0 1.0 NULL
78.5 1 2.0 1.0 line
80.5 0 1.0 1.0 NULL
81.5 1 2.0 1.0 line
83.5 0 1.7 1.0 NULL
85.2 1 2.0 1.0 line
87.2 0 1.2 1.0 NULL
88.4 1 2.0 1.0 line
90.39999999999999 0 2.0 1.0 NULL
92.39999999999999 1 2.0 1.0 line
94.39999999999999 0 1.0 1.0 NULL
95.39999999999999 1 2.0 1.0 line
97.39999999999999 0 1.5 1.0 NULL
98.89999999999999 1 2.0 1.0 line
100.89999999999999 0 1.0 1.0 NULL
101.89999999999999 1 2.0 1.0 line
103.89999999999999 0 1.2 1.0 NULL
105.1 1 2.0 1.0 line
107.1 0 1.4 1.0 NULL
108.5 1 2.0 1.0 line
110.5 0 1.2 1.0 NULL
111.7 1 2.0 1.0 line
113.7 0 1.2 1.0 NULL
114.9 1 2.0 1.0 line
116.9 0 1.0 1.0 NULL
117.9 1 2.0 1.0 line
119.9 0 1.9 1.0 NULL
121.80000000000001 1 2.0 1.0 line
123.80000000000001 0 1.0 1.0 NULL
124.80000000000001 1 2.0 1.0 line
126.80000000000001 0 1.1 1.0 NULL
127.9 1 2.0 1.0 line
129.9 0 1.1 1.0 NULL
