0.0 0 1.3 1.0 NULL
1.3 1 2.0 1.0 line
3.3 0 1.0 1.0 NULL
4.3 1 2.0 1.0 line
6.3 0 1.8 1.0 NULL
8.1 1 2.0 1.0 line
10.1 0 1.0 1.0 NULL
11.1 1 2.0 1.0 line
13.1 0 1.6 1.0 NULL
14.7 1 2.0 1.0 line
16.7 0 1.0 1.0 NULL
17.7 1 2.0 1.0 line
19.7 0 1.5 1.0 NULL
21.2 1 2.0 1.0 line
23.2 0 1.5 1.0 NULL
24.7 1 2.0 1.0 line
26.700000000000003 0 1.1 1.0 NULL
27.800000000000004 1 2.0 1.0 line
29.800000000000004 0 1.3 1.0 NULL
31.100000000000005 1 2.0 1.0 line
33.10000000000001 0 1.2 1.0 NULL
34.30000000000001 1 2.0 1.0 line
36.30000000000001 0 2.0 1.0 NULL
38.30000000000001 1 2.0 1.0 line
40.3 0 1.5 1.0 NULL
41.8 1 2.0 1.0 line
43.8 0 1.1 1.0 NULL
44.9 1 2.0 1.0 line
46.9 0 1.2 1.0 NULL
48.1 1 2.0 1.0 line
50.1 0 1.0 1.0 NULL
51.1 1 2.0 1.0 line
53.099999999999994 0 1.4 1.0 NULL
54.49999999999999 1 2.0 1.0 line
56.49999999999999 0 1.2 1.0 NULL
57.699999999999996 1 2.0 1.0 line
59.699999999999996 0 1.0 1.0 NULL
60.699999999999996 1 2.0 1.0 line
62.699999999999996 0 1.1 1.0 NULL
63.8 1 2.0 1.0 line
65.8 0 1.9 1.0 NULL
67.7 1 2.0 1.0 line
69.7 0 1.3 1.0 NULL
71.0 1 2.0 1.0 line
73.0 0 1.0 1.0 NULL
74.0 1 2.0 1.0 line
76.0 0 1.9 1.0 NULL
77.9 1 2.0 1.0 line
79.9 0 1.4 1.0 NULL
81.30000000000001 1 2.0 1.0 line
83.30000000000001 0 1.4 1.0 NULL
84.70000000000002 1 2.0 1.0 line
86.70000000000002 0 1.2 1.0 NULL
87.90000000000002 1 2.0 1.0 line
89.90000000000002 0 1.0 1.0 NULL
90.90000000000002 1 2.0 1.0 line
92.9 0 1.0 1.0 NULL
93.9 1 2.0 1.0 line
95.9 0 1.1 1.0 NULL
97.0 1 2.0 1.0 line
99.0 0 1.7 1.0 NULL
100.7 1 2.0 1.0 line
102.7 0 1.1 1.0 NULL
103.8 1 2.0 1.0 line
105.80000000000001 0 1.0 1.0 NULL
106.80000000000001 1 2.0 1.0 line
108.80000000000001 0 1.0 1.0 NULL
109.80000000000001 1 2.0 1.0 line
111.80000000000001 0 1.1 1.0 NULL
112.9 1 2.0 1.0 line
114.9 0 1.0 1.0 NULL
115.9 1 2.0 1.0 line
117.9 0 1.1 1.0 NULL
119.0 1 2.0 1.0 line
121.0 0 1.0 1.0 NULL
122.0 1 2.0 1.0 line
124.0 0 1.2 1.0 NULL
125.2 1 2.0 1.0 line
127.2 0 1.0 1.0 NULL
128.2 1 2.0 1.0 line
130.2 0 1.1 1.0 NULL
