0.0 0 1.0 1.0 NULL
1.0 1 2.0 1.0 line
3.0 0 1.3 1.0 NULL
4.3 1 2.0 1.0 line
6.3 0 1.1 1.0 NULL
7.4 1 2.0 1.0 line
9.4 0 1.1 1.0 NULL
10.5 1 2.0 1.0 line
12.5 0 1.0 1.0 NULL
13.5 1 2.0 1.0 line
15.5 0 2.0 1.0 NULL
17.5 1 2.0 1.0 line
19.5 0 1.0 1.0 NULL
20.5 1 2.0 1.0 line
22.5 0 1.1 1.0 NULL
23.6 1 2.0 1.0 line
25.6 0 1.1 1.0 NULL
26.700000000000003 1 2.0 1.0 line
28.700000000000003 0 1.6 1.0 NULL
30.300000000000004 1 2.0 1.0 line
32.300000000000004 0 1.2 1.0 NULL
33.50000000000001 1 2.0 1.0 line
35.50000000000001 0 1.4 1.0 NULL
36.900000000000006 1 2.0 1.0 line
38.9 0 1.2 1.0 NULL
40.1 1 2.0 1.0 line
42.1 0 1.0 1.0 NULL
43.1 1 2.0 1.0 line
45.1 0 1.4 1.0 NULL
46.5 1 2.0 1.0 line
48.5 0 1.3 1.0 NULL
49.8 1 2.0 1.0 line
51.800000000000004 0 1.2 1.0 NULL
53.00000000000001 1 2.0 1.0 line
55.00000000000001 0 1.3 1.0 NULL
56.300000000000004 1 2.0 1.0 line
58.300000000000004 0 1.7 1.0 NULL
60.00000000000001 1 2.0 1.0 line
62.00000000000001 0 1.2 1.0 NULL
63.20000000000001 1 2.0 1.0 line
65.2 0 1.8 1.0 NULL
67.0 1 2.0 1.0 line
69.0 0 1.0 1.0 NULL
70.0 1 2.0 1.0 line
72.0 0 1.1 1.0 NULL
73.1 1 2.0 1.0 line
75.1 0 1.0 1.0 NULL
76.1 1 2.0 1.0 line
78.1 0 1.7 1.0 NULL
79.8 1 2.0 1.0 line
81.8 0 1.0 1.0 NULL
82.8 1 2.0 1.0 line
84.8 0 1.1 1.0 NULL
85.89999999999999 1 2.0 1.0 line
87.89999999999999 0 2.0 1.0 NULL
89.89999999999999 1 2.0 1.0 line
91.9 0 1.3 1.0 NULL
93.2 1 2.0 1.0 line
95.2 0 1.0 1.0 NULL
96.2 1 2.0 1.0 line
98.2 0 1.2 1.0 NULL
99.4 1 2.0 1.0 line
101.4 0 1.0 1.0 NULL
102.4 1 2.0 1.0 line
104.4 0 2.0 1.0 NULL
106.4 1 2.0 1.0 line
108.4 0 1.0 1.0 NULL
109.4 1 2.0 1.0 line
111.4 0 1.1 1.0 NULL
112.5 1 2.0 1.0 line
114.5 0 1.0 1.0 NULL
115.5 1 2.0 1.0 line
117.5 0 1.0 1.0 NULL
118.5 1 2.0 1.0 line
120.5 0 1.1 1.0 NULL
121.6 1 2.0 1.0 line
123.6 0 1.2 1.0 NULL
124.8 1 2.0 1.0 line
126.8 0 1.1 1.0 NULL
127.89999999999999 1 2.0 1.0 line
129.89999999999998 0 1.1 1.0 NULL
