0.0 0 1.1 1.0 NULL
1.1 1 2.0 1.0 line
3.1 0 1.0 1.0 NULL
4.1 1 2.0 1.0 line
6.1 0 1.8 1.0 NULL
7.8999999999999995 1 2.0 1.0 line
9.899999999999999 0 1.2 1.0 NULL
11.099999999999998 1 2.0 1.0 line
13.1 0 1.3 1.0 NULL
14.4 1 2.0 1.0 line
16.4 0 1.0 1.0 NULL
17.4 1 2.0 1.0 line
19.4 0 1.1 1.0 NULL
20.5 1 2.0 1.0 line
22.5 0 1.3 1.0 NULL
23.8 1 2.0 1.0 line
25.8 0 1.0 1.0 NULL
26.8 1 2.0 1.0 line
28.8 0 1.6 1.0 NULL
30.400000000000002 1 2.0 1.0 line
32.400000000000006 0 2.0 1.0 NULL
34.400000000000006 1 2.0 1.0 line
36.400000000000006 0 1.1 1.0 NULL
37.50000000000001 1 2.0 1.0 line
39.5 0 1.1 1.0 NULL
40.6 1 2.0 1.0 line
42.6 0 1.3 1.0 NULL
43.9 1 2.0 1.0 line
45.9 0 1.4 1.0 NULL
47.3 1 2.0 1.0 line
49.3 0 1.1 1.0 NULL
50.4 1 2.0 1.0 line
52.4 0 1.0 1.0 NULL
53.4 1 2.0 1.0 line
55.4 0 1.9 1.0 NULL
57.3 1 2.0 1.0 line
59.3 0 1.0 1.0 NULL
60.3 1 2.0 1.0 line
62.3 0 1.0 1.0 NULL
63.3 1 2.0 1.0 line
65.3 0 1.7 1.0 NULL
67.0 1 2.0 1.0 line
69.0 0 1.1 1.0 NULL
70.1 1 2.0 1.0 line
72.1 0 1.2 1.0 NULL
73.3 1 2.0 1.0 line
75.3 0 1.0 1.0 NULL
76.3 1 2.0 1.0 line
78.3 0 1.1 1.0 NULL
79.39999999999999 1 2.0 1.0 line
81.39999999999999 0 1.0 1.0 NULL
82.39999999999999 1 2.0 1.0 line
84.39999999999999 0 1.5 1.0 NULL
85.89999999999999 1 2.0 1.0 line
87.89999999999999 0 1.5 1.0 NULL
89.39999999999999 1 2.0 1.0 line
91.4 0 1.4 1.0 NULL
92.80000000000001 1 2.0 1.0 line
94.80000000000001 0 1.0 1.0 NULL
95.80000000000001 1 2.0 1.0 line
97.80000000000001 0 1.0 1.0 NULL
98.80000000000001 1 2.0 1.0 line
100.80000000000001 0 1.2 1.0 NULL
102.00000000000001 1 2.0 1.0 line
104.0 0 1.8 1.0 NULL
105.8 1 2.0 1.0 line
107.8 0 1.0 1.0 NULL
108.8 1 2.0 1.0 line
110.8 0 1.1 1.0 NULL
111.89999999999999 1 2.0 1.0 line
113.89999999999999 0 1.0 1.0 NULL
114.89999999999999 1 2.0 1.0 line
116.9 0 1.4 1.0 NULL
118.30000000000001 1 2.0 1.0 line
120.30000000000001 0 1.2 1.0 NULL
121.50000000000001 1 2.0 1.0 line
123.50000000000001 0 1.4 1.0 NULL
124.90000000000002 1 2.0 1.0 line
126.90000000000002 0 1.1 1.0 NULL
128.00000000000003 1 2.0 1.0 line
130.0 0 1.1 1.0 NULL
