0.0 0 1.1 1.0 NULL
1.1 1 2.0 1.0 line
3.1 0 1.1 1.0 NULL
4.2 1 2.0 1.0 line
6.2 0 1.7 1.0 NULL
7.9 1 2.0 1.0 line
9.9 0 1.2 1.0 NULL
11.1 1 2.0 1.0 line
13.100000000000001 0 1.2 1.0 NULL
14.3 1 2.0 1.0 line
16.3 0 1.8 1.0 NULL
18.1 1 2.0 1.0 line
20.1 0 1.0 1.0 NULL
21.1 1 2.0 1.0 line
23.1 0 1.4 1.0 NULL
24.5 1 2.0 1.0 line
26.5 0 1.5 1.0 NULL
28.0 1 2.0 1.0 line
30.0 0 1.1 1.0 NULL
31.1 1 2.0 1.0 line
33.1 0 1.1 1.0 NULL
34.2 1 2.0 1.0 line
36.2 0 1.0 1.0 NULL
37.2 1 2.0 1.0 line
39.2 0 1.0 1.0 NULL
40.2 1 2.0 1.0 line
42.2 0 1.0 1.0 NULL
43.2 1 2.0 1.0 line
45.2 0 1.3 1.0 NULL
46.5 1 2.0 1.0 line
48.5 0 1.0 1.0 NULL
49.5 1 2.0 1.0 line
51.5 0 1.2 1.0 NULL
52.7 1 2.0 1.0 line
54.7 0 1.4 1.0 NULL
56.1 1 2.0 1.0 line
58.1 0 1.0 1.0 NULL
59.1 1 2.0 1.0 line
61.1 0 2.0 1.0 NULL
63.1 1 2.0 1.0 line
65.1 0 1.8 1.0 NULL
66.89999999999999 1 2.0 1.0 line
68.89999999999999 0 1.1 1.0 NULL
69.99999999999999 1 2.0 1.0 line
71.99999999999999 0 1.2 1.0 NULL
73.19999999999999 1 2.0 1.0 line
75.19999999999999 0 1.1 1.0 NULL
76.29999999999998 1 2.0 1.0 line
78.3 0 1.3 1.0 NULL
79.6 1 2.0 1.0 line
81.6 0 1.1 1.0 NULL
82.69999999999999 1 2.0 1.0 line
84.69999999999999 0 1.3 1.0 NULL
85.99999999999999 1 2.0 1.0 line
87.99999999999999 0 1.0 1.0 NULL
88.99999999999999 1 2.0 1.0 line
91.0 0 1.4 1.0 NULL
92.4 1 2.0 1.0 line
94.4 0 1.0 1.0 NULL
95.4 1 2.0 1.0 line
97.4 0 1.8 1.0 NULL
99.2 1 2.0 1.0 line
101.2 0 1.2 1.0 NULL
102.4 1 2.0 1.0 line
104.4 0 1.3 1.0 NULL
105.7 1 2.0 1.0 line
107.7 0 1.0 1.0 NULL
108.7 1 2.0 1.0 line
110.7 0 1.2 1.0 NULL
111.9 1 2.0 1.0 line
113.9 0 2.0 1.0 NULL
115.9 1 2.0 1.0 line
117.9 0 1.1 1.0 NULL
119.0 1 2.0 1.0 line
121.0 0 1.0 1.0 NULL
122.0 1 2.0 1.0 line
124.0 0 1.1 1.0 NULL
125.1 1 2.0 1.0 line
127.1 0 1.0 1.0 NULL
128.1 1 2.0 1.0 line
130.1 0 1.0 1.0 NULL
