0.0 0 1.0 1.0 NULL
1.0 1 2.0 1.0 line
3.0 0 1.0 1.0 NULL
4.0 1 2.0 1.0 line
6.0 0 1.1 1.0 NULL
7.1 1 2.0 1.0 line
9.1 0 1.1 1.0 NULL
10.2 1 2.0 1.0 line
12.2 0 1.0 1.0 NULL
13.2 1 2.0 1.0 line
15.2 0 1.2 1.0 NULL
16.4 1 2.0 1.0 line
18.4 0 1.7 1.0 NULL
20.099999999999998 1 2.0 1.0 line
22.099999999999998 0 1.1 1.0 NULL
23.2 1 2.0 1.0 line
25.2 0 1.9 1.0 NULL
27.099999999999998 1 2.0 1.0 line
29.099999999999998 0 1.0 1.0 NULL
30.099999999999998 1 2.0 1.0 line
32.099999999999994 0 1.0 1.0 NULL
33.099999999999994 1 2.0 1.0 line
35.099999999999994 0 1.3 1.0 NULL
36.39999999999999 1 2.0 1.0 line
38.400000000000006 0 1.2 1.0 NULL
39.60000000000001 1 2.0 1.0 line
41.60000000000001 0 1.0 1.0 NULL
42.60000000000001 1 2.0 1.0 line
44.60000000000001 0 2.0 1.0 NULL
46.60000000000001 1 2.0 1.0 line
48.60000000000001 0 1.2 1.0 NULL
49.80000000000001 1 2.0 1.0 line
51.8 0 1.0 1.0 NULL
52.8 1 2.0 1.0 line
54.8 0 1.1 1.0 NULL
55.9 1 2.0 1.0 line
57.9 0 1.7 1.0 NULL
59.6 1 2.0 1.0 line
61.6 0 1.3 1.0 NULL
62.9 1 2.0 1.0 line
64.9 0 1.2 1.0 NULL
66.10000000000001 1 2.0 1.0 line
68.10000000000001 0 1.0 1.0 NULL
69.10000000000001 1 2.0 1.0 line
71.10000000000001 0 1.2 1.0 NULL
72.30000000000001 1 2.0 1.0 line
74.30000000000001 0 1.4 1.0 NULL
75.70000000000002 1 2.0 1.0 line
77.69999999999999 0 1.0 1.0 NULL
78.69999999999999 1 2.0 1.0 line
80.69999999999999 0 2.0 1.0 NULL
82.69999999999999 1 2.0 1.0 line
84.69999999999999 0 1.4 1.0 NULL
86.1 1 2.0 1.0 line
88.1 0 1.1 1.0 NULL
89.19999999999999 1 2.0 1.0 line
91.2 0 1.3 1.0 NULL
92.5 1 2.0 1.0 line
94.5 0 1.1 1.0 NULL
95.6 1 2.0 1.0 line
97.6 0 1.7 1.0 NULL
99.3 1 2.0 1.0 line
101.3 0 1.5 1.0 NULL
102.8 1 2.0 1.0 line
104.8 0 1.0 1.0 NULL
105.8 1 2.0 1.0 line
107.8 0 1.3 1.0 NULL
109.1 1 2.0 1.0 line
111.1 0 1.0 1.0 NULL
112.1 1 2.0 1.0 line
114.1 0 1.1 1.0 NULL
115.19999999999999 1 2.0 1.0 line
117.2 0 1.4 1.0 NULL
118.60000000000001 1 2.0 1.0 line
120.60000000000001 0 1.2 1.0 NULL
121.80000000000001 1 2.0 1.0 line
123.80000000000001 0 1.1 1.0 NULL
124.9 1 2.0 1.0 line
126.9 0 1.0 1.0 NULL
127.9 1 2.0 1.0 line
129.9 0 1.1 1.0 NULL
