0.0 0 1.7 1.0 NULL
1.7 1 2.0 1.0 line
3.7 0 1.0 1.0 NULL
4.7 1 2.0 1.0 line
6.7 0 1.3 1.0 NULL
8.0 1 2.0 1.0 line
10.0 0 1.9 1.0 NULL
11.9 1 2.0 1.0 line
13.899999999999999 0 1.4 1.0 NULL
15.299999999999999 1 2.0 1.0 line
17.299999999999997 0 1.1 1.0 NULL
18.4 1 2.0 1.0 line
20.4 0 1.1 1.0 NULL
21.5 1 2.0 1.0 line
23.5 0 1.0 1.0 NULL
24.5 1 2.0 1.0 line
26.5 0 2.0 1.0 NULL
28.5 1 2.0 1.0 line
30.5 0 1.3 1.0 NULL
31.8 1 2.0 1.0 line
33.8 0 1.4 1.0 NULL
35.199999999999996 1 2.0 1.0 line
37.199999999999996 0 1.2 1.0 NULL
38.4 1 2.0 1.0 line
40.4 0 1.9 1.0 NULL
42.3 1 2.0 1.0 line
44.3 0 1.0 1.0 NULL
45.3 1 2.0 1.0 line
47.3 0 1.5 1.0 NULL
48.8 1 2.0 1.0 line
50.8 0 1.0 1.0 NULL
51.8 1 2.0 1.0 line
53.8 0 2.0 1.0 NULL
55.8 1 2.0 1.0 line
57.8 0 1.2 1.0 NULL
59.0 1 2.0 1.0 line
61.0 0 1.0 1.0 NULL
62.0 1 2.0 1.0 line
64.0 0 1.1 1.0 NULL
65.1 1 2.0 1.0 line
67.1 0 1.2 1.0 NULL
68.3 1 2.0 1.0 line
70.3 0 1.7 1.0 NULL
72.0 1 2.0 1.0 line
74.0 0 1.0 1.0 NULL
75.0 1 2.0 1.0 line
77.0 0 1.2 1.0 NULL
78.2 1 2.0 1.0 line
80.2 0 2.0 1.0 NULL
82.2 1 2.0 1.0 line
84.2 0 1.1 1.0 NULL
85.3 1 2.0 1.0 line
87.3 0 1.4 1.0 NULL
88.7 1 2.0 1.0 line
90.7 0 1.0 1.0 NULL
91.7 1 2.0 1.0 line
93.69999999999999 0 1.2 1.0 NULL
94.89999999999999 1 2.0 1.0 line
96.89999999999999 0 1.0 1.0 NULL
97.89999999999999 1 2.0 1.0 line
99.89999999999999 0 1.0 1.0 NULL
100.89999999999999 1 2.0 1.0 line
102.89999999999999 0 1.0 1.0 NULL
103.89999999999999 1 2.0 1.0 line
105.9 0 1.0 1.0 NULL
106.9 1 2.0 1.0 line
108.9 0 1.0 1.0 NULL
109.9 1 2.0 1.0 line
111.9 0 1.1 1.0 NULL
113.0 1 2.0 1.0 line
115.0 0 1.1 1.0 NULL
116.1 1 2.0 1.0 line
118.1 0 1.1 1.0 NULL
119.19999999999999 1 2.0 1.0 line
121.19999999999999 0 1.3 1.0 NULL
122.49999999999999 1 2.0 1.0 line
124.49999999999999 0 1.1 1.0 NULL
125.59999999999998 1 2.0 1.0 line
127.59999999999998 0 1.0 1.0 NULL
128.59999999999997 1 2.0 1.0 line
130.6 0 1.1 1.0 NULL
