0.0 0 1.1 1.0 NULL
1.1 1 2.0 1.0 line
3.1 0 1.1 1.0 NULL
4.2 1 2.0 1.0 line
6.2 0 1.1 1.0 NULL
7.300000000000001 1 2.0 1.0 line
9.3 0 1.6 1.0 NULL
10.9 1 2.0 1.0 line
12.9 0 1.0 1.0 NULL
13.9 1 2.0 1.0 line
15.9 0 1.2 1.0 NULL
17.1 1 2.0 1.0 line
19.1 0 1.1 1.0 NULL
20.200000000000003 1 2.0 1.0 line
22.200000000000003 0 1.2 1.0 NULL
23.400000000000002 1 2.0 1.0 line
25.4 0 1.0 1.0 NULL
26.4 1 2.0 1.0 line
28.4 0 1.4 1.0 NULL
29.799999999999997 1 2.0 1.0 line
31.799999999999997 0 1.0 1.0 NULL
32.8 1 2.0 1.0 line
34.8 0 1.0 1.0 NULL
35.8 1 2.0 1.0 line
37.8 0 1.9 1.0 NULL
39.699999999999996 1 2.0 1.0 line
41.699999999999996 0 1.1 1.0 NULL
42.8 1 2.0 1.0 line
44.8 0 1.1 1.0 NULL
45.9 1 2.0 1.0 line
47.9 0 1.6 1.0 NULL
49.5 1 2.0 1.0 line
51.5 0 1.4 1.0 NULL
52.9 1 2.0 1.0 line
54.9 0 1.1 1.0 NULL
56.0 1 2.0 1.0 line
58.0 0 1.0 1.0 NULL
59.0 1 2.0 1.0 line
61.0 0 1.9 1.0 NULL
62.9 1 2.0 1.0 line
64.9 0 1.0 1.0 NULL
65.9 1 2.0 1.0 line
67.9 0 1.1 1.0 NULL
69.0 1 2.0 1.0 line
71.0 0 1.0 1.0 NULL
72.0 1 2.0 1.0 line
74.0 0 1.0 1.0 NULL
75.0 1 2.0 1.0 line
77.0 0 1.2 1.0 NULL
78.2 1 2.0 1.0 line
80.2 0 1.3 1.0 NULL
81.5 1 2.0 1.0 line
83.5 0 1.9 1.0 NULL
85.4 1 2.0 1.0 line
87.4 0 1.1 1.0 NULL
88.5 1 2.0 1.0 line
90.5 0 1.7 1.0 NULL
92.2 1 2.0 1.0 line
94.2 0 1.8 1.0 NULL
96.0 1 2.0 1.0 line
98.0 0 1.3 1.0 NULL
99.3 1 2.0 1.0 line
101.3 0 1.1 1.0 NULL
102.39999999999999 1 2.0 1.0 line
104.4 0 1.0 1.0 NULL
105.4 1 2.0 1.0 line
107.4 0 1.0 1.0 NULL
108.4 1 2.0 1.0 line
110.4 0 2.0 1.0 NULL
112.4 1 2.0 1.0 line
114.4 0 1.2 1.0 NULL
115.60000000000001 1 2.0 1.0 line
117.6 0 1.1 1.0 NULL
118.69999999999999 1 2.0 1.0 line
120.69999999999999 0 1.0 1.0 NULL
121.69999999999999 1 2.0 1.0 line
123.69999999999999 0 1.1 1.0 NULL
124.79999999999998 1 2.0 1.0 line
126.79999999999998 0 1.3 1.0 NULL
128.1 1 2.0 1.0 line
130.1 0 1.0 1.0 NULL
