0.0 0 1.1 1.0 NULL
1.1 1 2.0 1.0 line
3.1 0 1.0 1.0 NULL
4.1 1 2.0 1.0 line
6.1 0 1.0 1.0 NULL
7.1 1 2.0 1.0 line
9.1 0 1.1 1.0 NULL
10.2 1 2.0 1.0 line
12.2 0 1.2 1.0 NULL
13.399999999999999 1 2.0 1.0 line
15.399999999999999 0 1.0 1.0 NULL
16.4 1 2.0 1.0 line
18.4 0 1.2 1.0 NULL
19.599999999999998 1 2.0 1.0 line
21.599999999999998 0 1.8 1.0 NULL
23.4 1 2.0 1.0 line
25.400000000000002 0 1.1 1.0 NULL
26.500000000000004 1 2.0 1.0 line
28.500000000000004 0 1.7 1.0 NULL
30.200000000000003 1 2.0 1.0 line
32.2 0 1.2 1.0 NULL
33.400000000000006 1 2.0 1.0 line
35.400000000000006 0 2.0 1.0 NULL
37.400000000000006 1 2.0 1.0 line
39.400000000000006 0 1.1 1.0 NULL
40.50000000000001 1 2.0 1.0 line
42.50000000000001 0 1.0 1.0 NULL
43.50000000000001 1 2.0 1.0 line
45.50000000000001 0 1.5 1.0 NULL
47.00000000000001 1 2.0 1.0 line
49.00000000000001 0 1.0 1.0 NULL
50.00000000000001 1 2.0 1.0 line
52.0 0 1.4 1.0 NULL
53.4 1 2.0 1.0 line
55.4 0 1.3 1.0 NULL
56.699999999999996 1 2.0 1.0 line
58.699999999999996 0 1.0 1.0 NULL
59.699999999999996 1 2.0 1.0 line
61.699999999999996 0 1.5 1.0 NULL
63.199999999999996 1 2.0 1.0 line
65.19999999999999 0 1.0 1.0 NULL
66.19999999999999 1 2.0 1.0 line
68.19999999999999 0 1.1 1.0 NULL
69.29999999999998 1 2.0 1.0 line
71.29999999999998 0 1.5 1.0 NULL
72.79999999999998 1 2.0 1.0 line
74.79999999999998 0 1.1 1.0 NULL
75.89999999999998 1 2.0 1.0 line
77.9 0 1.8 1.0 NULL
79.7 1 2.0 1.0 line
81.7 0 1.0 1.0 NULL
82.7 1 2.0 1.0 line
84.7 0 1.2 1.0 NULL
85.9 1 2.0 1.0 line
87.9 0 1.1 1.0 NULL
89.0 1 2.0 1.0 line
91.0 0 1.6 1.0 NULL
92.6 1 2.0 1.0 line
94.6 0 1.0 1.0 NULL
95.6 1 2.0 1.0 line
97.6 0 1.4 1.0 NULL
99.0 1 2.0 1.0 line
101.0 0 1.1 1.0 NULL
102.1 1 2.0 1.0 line
104.10000000000001 0 1.4 1.0 NULL
105.50000000000001 1 2.0 1.0 line
107.50000000000001 0 1.3 1.0 NULL
108.80000000000001 1 2.0 1.0 line
110.80000000000001 0 1.0 1.0 NULL
111.80000000000001 1 2.0 1.0 line
113.80000000000001 0 1.0 1.0 NULL
114.80000000000001 1 2.0 1.0 line
116.80000000000001 0 1.8 1.0 NULL
118.60000000000001 1 2.0 1.0 line
120.60000000000001 0 1.3 1.0 NULL
121.9 1 2.0 1.0 line
123.9 0 1.0 1.0 NULL
124.9 1 2.0 1.0 line
126.9 0 1.1 1.0 NULL
128.0 1 2.0 1.0 line
130.0 0 1.1 1.0 NULL
