0.0 0 1.6 1.0 NULL
1.6 1 2.0 1.0 line
3.6 0 1.1 1.0 NULL
4.7 1 2.0 1.0 line
6.7 0 1.3 1.0 NULL
8.0 1 2.0 1.0 line
10.0 0 1.0 1.0 NULL
11.0 1 2.0 1.0 line
13.0 0 1.0 1.0 NULL
14.0 1 2.0 1.0 line
16.0 0 1.2 1.0 NULL
17.2 1 2.0 1.0 line
19.2 0 1.9 1.0 NULL
21.099999999999998 1 2.0 1.0 line
23.099999999999998 0 1.1 1.0 NULL
24.2 1 2.0 1.0 line
26.2 0 1.0 1.0 NULL
27.2 1 2.0 1.0 line
29.2 0 1.0 1.0 NULL
30.2 1 2.0 1.0 line
32.2 0 2.0 1.0 NULL
34.2 1 2.0 1.0 line
36.2 0 1.3 1.0 NULL
37.5 1 2.0 1.0 line
39.5 0 1.2 1.0 NULL
40.7 1 2.0 1.0 line
42.7 0 1.1 1.0 NULL
43.800000000000004 1 2.0 1.0 line
45.800000000000004 0 1.1 1.0 NULL
46.900000000000006 1 2.0 1.0 line
48.900000000000006 0 1.6 1.0 NULL
50.50000000000001 1 2.0 1.0 line
52.5 0 1.1 1.0 NULL
53.6 1 2.0 1.0 line
55.6 0 1.0 1.0 NULL
56.6 1 2.0 1.0 line
58.6 0 1.3 1.0 NULL
59.9 1 2.0 1.0 line
61.9 0 1.6 1.0 NULL
63.5 1 2.0 1.0 line
65.5 0 1.0 1.0 NULL
66.5 1 2.0 1.0 line
68.5 0 1.6 1.0 NULL
70.1 1 2.0 1.0 line
72.1 0 1.1 1.0 NULL
73.19999999999999 1 2.0 1.0 line
75.19999999999999 0 1.5 1.0 NULL
76.69999999999999 1 2.0 1.0 line
78.7 0 1.0 1.0 NULL
79.7 1 2.0 1.0 line
81.7 0 1.8 1.0 NULL
83.5 1 2.0 1.0 line
85.5 0 1.0 1.0 NULL
86.5 1 2.0 1.0 line
88.5 0 1.2 1.0 NULL
89.7 1 2.0 1.0 line
91.7 0 1.6 1.0 NULL
93.3 1 2.0 1.0 line
95.3 0 1.9 1.0 NULL
97.2 1 2.0 1.0 line
99.2 0 1.0 1.0 NULL
100.2 1 2.0 1.0 line
102.2 0 1.6 1.0 NULL
103.8 1 2.0 1.0 line
105.80000000000001 0 1.0 1.0 NULL
106.80000000000001 1 2.0 1.0 line
108.80000000000001 0 1.2 1.0 NULL
110.00000000000001 1 2.0 1.0 line
112.00000000000001 0 1.1 1.0 NULL
113.10000000000001 1 2.0 1.0 line
115.10000000000001 0 1.0 1.0 NULL
116.10000000000001 1 2.0 1.0 line
118.1 0 1.0 1.0 NULL
119.1 1 2.0 1.0 line
121.1 0 1.0 1.0 NULL
122.1 1 2.0 1.0 line
124.1 0 1.1 1.0 NULL
125.19999999999999 1 2.0 1.0 line
127.19999999999999 0 1.4 1.0 NULL
128.6 1 2.0 1.0 line
130.6 0 1.0 1.0 NULL
