0.0 0 1.0 1.0 NULL
1.0 1 2.0 1.0 line
3.0 0 1.0 1.0 NULL
4.0 1 2.0 1.0 line
6.0 0 1.1 1.0 NULL
7.1 1 2.0 1.0 line
9.1 0 1.6 1.0 NULL
10.7 1 2.0 1.0 line
12.7 0 1.0 1.0 NULL
13.7 1 2.0 1.0 line
15.7 0 2.0 1.0 NULL
17.7 1 2.0 1.0 line
19.7 0 1.3 1.0 NULL
21.0 1 2.0 1.0 line
23.0 0 1.0 1.0 NULL
24.0 1 2.0 1.0 line
26.0 0 1.0 1.0 NULL
27.0 1 2.0 1.0 line
29.0 0 1.5 1.0 NULL
30.5 1 2.0 1.0 line
32.5 0 1.1 1.0 NULL
33.6 1 2.0 1.0 line
35.6 0 1.2 1.0 NULL
36.800000000000004 1 2.0 1.0 line
38.8 0 1.8 1.0 NULL
40.599999999999994 1 2.0 1.0 line
42.599999999999994 0 1.0 1.0 NULL
43.599999999999994 1 2.0 1.0 line
45.599999999999994 0 1.0 1.0 NULL
46.599999999999994 1 2.0 1.0 line
48.599999999999994 0 1.9 1.0 NULL
50.49999999999999 1 2.0 1.0 line
52.5 0 1.2 1.0 NULL
53.7 1 2.0 1.0 line
55.7 0 1.0 1.0 NULL
56.7 1 2.0 1.0 line
58.7 0 1.0 1.0 NULL
59.7 1 2.0 1.0 line
61.7 0 1.4 1.0 NULL
63.1 1 2.0 1.0 line
65.1 0 1.1 1.0 NULL
66.19999999999999 1 2.0 1.0 line
68.19999999999999 0 1.0 1.0 NULL
69.19999999999999 1 2.0 1.0 line
71.19999999999999 0 1.6 1.0 NULL
72.79999999999998 1 2.0 1.0 line
74.79999999999998 0 1.1 1.0 NULL
75.89999999999998 1 2.0 1.0 line
77.9 0 1.3 1.0 NULL
79.2 1 2.0 1.0 line
81.2 0 1.1 1.0 NULL
82.3 1 2.0 1.0 line
84.3 0 1.5 1.0 NULL
85.8 1 2.0 1.0 line
87.8 0 1.0 1.0 NULL
88.8 1 2.0 1.0 line
90.8 0 1.4 1.0 NULL
92.2 1 2.0 1.0 line
94.2 0 1.1 1.0 NULL
95.3 1 2.0 1.0 line
97.3 0 1.0 1.0 NULL
98.3 1 2.0 1.0 line
100.3 0 1.1 1.0 NULL
101.39999999999999 1 2.0 1.0 line
103.4 0 1.4 1.0 NULL
104.80000000000001 1 2.0 1.0 line
106.80000000000001 0 1.2 1.0 NULL
108.00000000000001 1 2.0 1.0 line
110.00000000000001 0 1.5 1.0 NULL
111.50000000000001 1 2.0 1.0 line
113.50000000000001 0 1.5 1.0 NULL
115.00000000000001 1 2.0 1.0 line
117.0 0 1.0 1.0 NULL
118.0 1 2.0 1.0 line
120.0 0 2.0 1.0 NULL
122.0 1 2.0 1.0 line
124.0 0 1.0 1.0 NULL
125.0 1 2.0 1.0 line
127.0 0 1.0 1.0 NULL
128.0 1 2.0 1.0 line
130.0 0 1.0 1.0 NULL
