0.0 0 1.4 1.0 NULL
1.4 1 2.0 1.0 line
3.4 0 1.1 1.0 NULL
4.5 1 2.0 1.0 line
6.5 0 1.0 1.0 NULL
7.5 1 2.0 1.0 line
9.5 0 1.7 1.0 NULL
11.2 1 2.0 1.0 line
13.2 0 1.0 1.0 NULL
14.2 1 2.0 1.0 line
16.2 0 1.2 1.0 NULL
17.4 1 2.0 1.0 line
19.4 0 1.2 1.0 NULL
20.599999999999998 1 2.0 1.0 line
22.599999999999998 0 1.3 1.0 NULL
23.9 1 2.0 1.0 line
25.9 0 1.1 1.0 NULL
27.0 1 2.0 1.0 line
29.0 0 2.0 1.0 NULL
31.0 1 2.0 1.0 line
33.0 0 1.0 1.0 NULL
34.0 1 2.0 1.0 line
36.0 0 1.2 1.0 NULL
37.2 1 2.0 1.0 line
39.2 0 1.0 1.0 NULL
40.2 1 2.0 1.0 line
42.2 0 1.1 1.0 NULL
43.300000000000004 1 2.0 1.0 line
45.300000000000004 0 1.0 1.0 NULL
46.300000000000004 1 2.0 1.0 line
48.300000000000004 0 2.0 1.0 NULL
50.300000000000004 1 2.0 1.0 line
52.3 0 2.0 1.0 NULL
54.3 1 2.0 1.0 line
56.3 0 1.0 1.0 NULL
57.3 1 2.0 1.0 line
59.3 0 1.0 1.0 NULL
60.3 1 2.0 1.0 line
62.3 0 1.0 1.0 NULL
63.3 1 2.0 1.0 line
65.3 0 1.6 1.0 NULL
66.89999999999999 1 2.0 1.0 line
68.89999999999999 0 1.4 1.0 NULL
70.3 1 2.0 1.0 line
72.3 0 1.0 1.0 NULL
73.3 1 2.0 1.0 line
75.3 0 1.2 1.0 NULL
76.5 1 2.0 1.0 line
78.5 0 1.1 1.0 NULL
79.6 1 2.0 1.0 line
81.6 0 1.1 1.0 NULL
82.69999999999999 1 2.0 1.0 line
84.69999999999999 0 1.2 1.0 NULL
85.89999999999999 1 2.0 1.0 line
87.89999999999999 0 1.0 1.0 NULL
88.89999999999999 1 2.0 1.0 line
90.89999999999999 0 1.9 1.0 NULL
92.8 1 2.0 1.0 line
94.8 0 1.4 1.0 NULL
96.2 1 2.0 1.0 line
98.2 0 1.4 1.0 NULL
99.60000000000001 1 2.0 1.0 line
101.60000000000001 0 1.0 1.0 NULL
102.60000000000001 1 2.0 1.0 line
104.60000000000001 0 1.1 1.0 NULL
105.7 1 2.0 1.0 line
107.7 0 1.2 1.0 NULL
108.9 1 2.0 1.0 line
110.9 0 1.2 1.0 NULL
112.10000000000001 1 2.0 1.0 line
114.10000000000001 0 1.9 1.0 NULL
116.00000000000001 1 2.0 1.0 line
118.0 0 1.1 1.0 NULL
119.1 1 2.0 1.0 line
121.1 0 1.1 1.0 NULL
122.19999999999999 1 2.0 1.0 line
124.19999999999999 0 1.0 1.0 NULL
125.19999999999999 1 2.0 1.0 line
127.19999999999999 0 1.0 1.0 NULL
128.2 1 2.0 1.0 line
130.2 0 1.2 1.0 NULL
