0.0 0 1.3 1.0 NULL
1.3 1 2.0 1.0 line
3.3 0 1.2 1.0 NULL
4.5 1 2.0 1.0 line
6.5 0 1.1 1.0 NULL
7.6 1 2.0 1.0 line
9.6 0 1.0 1.0 NULL
10.6 1 2.0 1.0 line
12.6 0 1.0 1.0 NULL
13.6 1 2.0 1.0 line
15.6 0 1.6 1.0 NULL
17.2 1 2.0 1.0 line
19.2 0 1.1 1.0 NULL
20.3 1 2.0 1.0 line
22.3 0 1.0 1.0 NULL
23.3 1 2.0 1.0 line
25.299999999999997 0 2.0 1.0 NULL
27.299999999999997 1 2.0 1.0 line
29.299999999999997 0 1.0 1.0 NULL
30.299999999999997 1 2.0 1.0 line
32.3 0 1.1 1.0 NULL
33.4 1 2.0 1.0 line
35.4 0 1.3 1.0 NULL
36.699999999999996 1 2.0 1.0 line
38.7 0 1.1 1.0 NULL
39.800000000000004 1 2.0 1.0 line
41.800000000000004 0 1.9 1.0 NULL
43.7 1 2.0 1.0 line
45.7 0 1.0 1.0 NULL
46.7 1 2.0 1.0 line
48.7 0 1.1 1.0 NULL
49.800000000000004 1 2.0 1.0 line
51.800000000000004 0 1.4 1.0 NULL
53.2 1 2.0 1.0 line
55.2 0 1.4 1.0 NULL
56.6 1 2.0 1.0 line
58.6 0 1.0 1.0 NULL
59.6 1 2.0 1.0 line
61.6 0 1.4 1.0 NULL
63.0 1 2.0 1.0 line
65.0 0 1.2 1.0 NULL
66.2 1 2.0 1.0 line
68.2 0 1.3 1.0 NULL
69.5 1 2.0 1.0 line
71.5 0 1.0 1.0 NULL
72.5 1 2.0 1.0 line
74.5 0 2.0 1.0 NULL
76.5 1 2.0 1.0 line
78.5 0 1.3 1.0 NULL
79.8 1 2.0 1.0 line
81.8 0 2.0 1.0 NULL
83.8 1 2.0 1.0 line
85.8 0 1.2 1.0 NULL
87.0 1 2.0 1.0 line
89.0 0 1.0 1.0 NULL
90.0 1 2.0 1.0 line
92.0 0 1.0 1.0 NULL
93.0 1 2.0 1.0 line
95.0 0 1.9 1.0 NULL
96.9 1 2.0 1.0 line
98.9 0 1.0 1.0 NULL
99.9 1 2.0 1.0 line
101.9 0 1.3 1.0 NULL
103.2 1 2.0 1.0 line
105.2 0 1.3 1.0 NULL
106.5 1 2.0 1.0 line
108.5 0 1.1 1.0 NULL
109.6 1 2.0 1.0 line
111.6 0 1.1 1.0 NULL
112.69999999999999 1 2.0 1.0 line
114.69999999999999 0 1.1 1.0 NULL
115.79999999999998 1 2.0 1.0 line
117.80000000000001 0 1.3 1.0 NULL
119.10000000000001 1 2.0 1.0 line
121.10000000000001 0 1.1 1.0 NULL
122.2 1 2.0 1.0 line
124.2 0 1.1 1.0 NULL
125.3 1 2.0 1.0 line
127.3 0 1.0 1.0 NULL
128.3 1 2.0 1.0 line
130.3 0 1.0 1.0 NULL
