0.0 0 1.0 1.0 NULL
1.0 1 2.0 1.0 line
3.0 0 1.1 1.0 NULL
4.1 1 2.0 1.0 line
6.1 0 1.0 1.0 NULL
7.1 1 2.0 1.0 line
9.1 0 1.1 1.0 NULL
10.2 1 2.0 1.0 line
12.2 0 1.3 1.0 NULL
13.5 1 2.0 1.0 line
15.5 0 1.0 1.0 NULL
16.5 1 2.0 1.0 line
18.5 0 1.7 1.0 NULL
20.2 1 2.0 1.0 line
22.2 0 1.0 1.0 NULL
23.2 1 2.0 1.0 line
25.2 0 1.1 1.0 NULL
26.3 1 2.0 1.0 line
28.3 0 1.4 1.0 NULL
29.7 1 2.0 1.0 line
31.7 0 1.0 1.0 NULL
32.7 1 2.0 1.0 line
34.7 0 1.2 1.0 NULL
35.900000000000006 1 2.0 1.0 line
37.9 0 1.4 1.0 NULL
39.3 1 2.0 1.0 line
41.3 0 1.1 1.0 NULL
42.4 1 2.0 1.0 line
44.4 0 1.0 1.0 NULL
45.4 1 2.0 1.0 line
47.4 0 1.2 1.0 NULL
48.6 1 2.0 1.0 line
50.599999999999994 0 2.0 1.0 NULL
52.599999999999994 1 2.0 1.0 line
54.599999999999994 0 1.0 1.0 NULL
55.599999999999994 1 2.0 1.0 line
57.599999999999994 0 1.3 1.0 NULL
58.89999999999999 1 2.0 1.0 line
60.89999999999999 0 1.1 1.0 NULL
61.99999999999999 1 2.0 1.0 line
64.0 0 1.0 1.0 NULL
65.0 1 2.0 1.0 line
67.0 0 1.0 1.0 NULL
68.0 1 2.0 1.0 line
70.0 0 1.1 1.0 NULL
71.1 1 2.0 1.0 line
73.1 0 1.7 1.0 NULL
74.8 1 2.0 1.0 line
76.80000000000001 0 1.0 1.0 NULL
77.80000000000001 1 2.0 1.0 line
79.80000000000001 0 1.6 1.0 NULL
81.4 1 2.0 1.0 line
83.4 0 1.9 1.0 NULL
85.30000000000001 1 2.0 1.0 line
87.30000000000001 0 1.0 1.0 NULL
88.30000000000001 1 2.0 1.0 line
90.3 0 1.0 1.0 NULL
91.3 1 2.0 1.0 line
93.3 0 1.8 1.0 NULL
95.1 1 2.0 1.0 line
97.1 0 1.1 1.0 NULL
98.19999999999999 1 2.0 1.0 line
100.19999999999999 0 1.7 1.0 NULL
101.89999999999999 1 2.0 1.0 line
103.9 0 1.2 1.0 NULL
105.10000000000001 1 2.0 1.0 line
107.10000000000001 0 1.1 1.0 NULL
108.2 1 2.0 1.0 line
110.2 0 1.1 1.0 NULL
111.3 1 2.0 1.0 line
113.3 0 1.5 1.0 NULL
114.8 1 2.0 1.0 line
116.80000000000001 0 1.0 1.0 NULL
117.80000000000001 1 2.0 1.0 line
119.80000000000001 0 1.4 1.0 NULL
121.20000000000002 1 2.0 1.0 line
123.20000000000002 0 1.3 1.0 NULL
124.50000000000001 1 2.0 1.0 line
126.50000000000001 0 1.0 1.0 NULL
127.50000000000001 1 2.0 1.0 line
129.5 0 1.5 1.0 NULL
