0.0 0 1.0 1.0 NULL
1.0 1 2.0 1.0 line
3.0 0 1.1 1.0 NULL
4.1 1 2.0 1.0 line
6.1 0 1.0 1.0 NULL
7.1 1 2.0 1.0 line
9.1 0 1.4 1.0 NULL
10.5 1 2.0 1.0 line
12.5 0 1.1 1.0 NULL
13.6 1 2.0 1.0 line
15.6 0 1.8 1.0 NULL
17.4 1 2.0 1.0 line
19.4 0 1.0 1.0 NULL
20.4 1 2.0 1.0 line
22.4 0 1.3 1.0 NULL
23.7 1 2.0 1.0 line
25.7 0 1.1 1.0 NULL
26.8 1 2.0 1.0 line
28.8 0 1.9 1.0 NULL
30.7 1 2.0 1.0 line
32.7 0 1.2 1.0 NULL
33.900000000000006 1 2.0 1.0 line
35.900000000000006 0 1.1 1.0 NULL
37.00000000000001 1 2.0 1.0 line
39.0 0 1.6 1.0 NULL
40.6 1 2.0 1.0 line
42.6 0 1.2 1.0 NULL
43.800000000000004 1 2.0 1.0 line
45.800000000000004 0 1.1 1.0 NULL
46.900000000000006 1 2.0 1.0 line
48.900000000000006 0 1.0 1.0 NULL
49.900000000000006 1 2.0 1.0 line
51.900000000000006 0 1.7 1.0 NULL
53.60000000000001 1 2.0 1.0 line
55.60000000000001 0 1.4 1.0 NULL
57.00000000000001 1 2.0 1.0 line
59.00000000000001 0 1.0 1.0 NULL
60.00000000000001 1 2.0 1.0 line
62.00000000000001 0 1.0 1.0 NULL
63.00000000000001 1 2.0 1.0 line
65.0 0 1.1 1.0 NULL
66.1 1 2.0 1.0 line
68.1 0 1.0 1.0 NULL
69.1 1 2.0 1.0 line
71.1 0 1.6 1.0 NULL
72.69999999999999 1 2.0 1.0 line
74.69999999999999 0 1.9 1.0 NULL
76.6 1 2.0 1.0 line
78.6 0 1.0 1.0 NULL
79.6 1 2.0 1.0 line
81.6 0 1.1 1.0 NULL
82.69999999999999 1 2.0 1.0 line
84.69999999999999 0 1.2 1.0 NULL
85.89999999999999 1 2.0 1.0 line
87.89999999999999 0 2.0 1.0 NULL
89.89999999999999 1 2.0 1.0 line
91.9 0 1.0 1.0 NULL
92.9 1 2.0 1.0 line
94.9 0 2.0 1.0 NULL
96.9 1 2.0 1.0 line
98.9 0 1.0 1.0 NULL
99.9 1 2.0 1.0 line
101.9 0 1.0 1.0 NULL
102.9 1 2.0 1.0 line
104.9 0 1.2 1.0 NULL
106.10000000000001 1 2.0 1.0 line
108.10000000000001 0 1.0 1.0 NULL
109.10000000000001 1 2.0 1.0 line
111.10000000000001 0 1.3 1.0 NULL
112.4 1 2.0 1.0 line
114.4 0 1.0 1.0 NULL
115.4 1 2.0 1.0 line
117.4 0 1.0 1.0 NULL
118.4 1 2.0 1.0 line
120.4 0 1.2 1.0 NULL
121.60000000000001 1 2.0 1.0 line
123.60000000000001 0 1.1 1.0 NULL
124.7 1 2.0 1.0 line
126.7 0 1.1 1.0 NULL
127.8 1 2.0 1.0 line
129.8 0 1.2 1.0 NULL
