0.0 0 1.0 1.0 NULL
1.0 1 2.0 1.0 line
3.0 0 1.0 1.0 NULL
4.0 1 2.0 1.0 line
6.0 0 1.0 1.0 NULL
7.0 1 2.0 1.0 line
9.0 0 1.7 1.0 NULL
10.7 1 2.0 1.0 line
12.7 0 1.1 1.0 NULL
13.799999999999999 1 2.0 1.0 line
15.799999999999999 0 1.4 1.0 NULL
17.2 1 2.0 1.0 line
19.2 0 1.2 1.0 NULL
20.4 1 2.0 1.0 line
22.4 0 1.5 1.0 NULL
23.9 1 2.0 1.0 line
25.9 0 1.1 1.0 NULL
27.0 1 2.0 1.0 line
29.0 0 1.0 1.0 NULL
30.0 1 2.0 1.0 line
32.0 0 1.3 1.0 NULL
33.3 1 2.0 1.0 line
35.3 0 1.8 1.0 NULL
37.099999999999994 1 2.0 1.0 line
39.1 0 1.0 1.0 NULL
40.1 1 2.0 1.0 line
42.1 0 1.9 1.0 NULL
44.0 1 2.0 1.0 line
46.0 0 1.3 1.0 NULL
47.3 1 2.0 1.0 line
49.3 0 1.0 1.0 NULL
50.3 1 2.0 1.0 line
52.3 0 1.6 1.0 NULL
53.9 1 2.0 1.0 line
55.9 0 1.1 1.0 NULL
57.0 1 2.0 1.0 line
59.0 0 1.0 1.0 NULL
60.0 1 2.0 1.0 line
62.0 0 1.8 1.0 NULL
63.8 1 2.0 1.0 line
65.80000000000001 0 1.0 1.0 NULL
66.80000000000001 1 2.0 1.0 line
68.80000000000001 0 1.0 1.0 NULL
69.80000000000001 1 2.0 1.0 line
71.80000000000001 0 1.1 1.0 NULL
72.9 1 2.0 1.0 line
74.9 0 2.0 1.0 NULL
76.9 1 2.0 1.0 line
78.9 0 1.2 1.0 NULL
80.10000000000001 1 2.0 1.0 line
82.10000000000001 0 1.0 1.0 NULL
83.10000000000001 1 2.0 1.0 line
85.10000000000001 0 1.7 1.0 NULL
86.80000000000001 1 2.0 1.0 line
88.80000000000001 0 1.0 1.0 NULL
89.80000000000001 1 2.0 1.0 line
91.80000000000001 0 1.2 1.0 NULL
93.00000000000001 1 2.0 1.0 line
95.00000000000001 0 1.1 1.0 NULL
96.10000000000001 1 2.0 1.0 line
98.10000000000001 0 1.1 1.0 NULL
99.2 1 2.0 1.0 line
101.2 0 1.6 1.0 NULL
102.8 1 2.0 1.0 line
104.8 0 1.4 1.0 NULL
106.2 1 2.0 1.0 line
108.2 0 1.0 1.0 NULL
109.2 1 2.0 1.0 line
111.2 0 1.2 1.0 NULL
112.4 1 2.0 1.0 line
114.4 0 1.0 1.0 NULL
115.4 1 2.0 1.0 line
117.4 0 1.0 1.0 NULL
118.4 1 2.0 1.0 line
120.4 0 1.6 1.0 NULL
122.0 1 2.0 1.0 line
124.0 0 1.0 1.0 NULL
125.0 1 2.0 1.0 line
127.0 0 1.0 1.0 NULL
128.0 1 2.0 1.0 line
130.0 0 1.0 1.0 NULL
