0.0 0 1.7 1.0 NULL
1.7 1 2.0 1.0 line
3.7 0 1.0 1.0 NULL
4.7 1 2.0 1.0 line
6.7 0 1.1 1.0 NULL
7.800000000000001 1 2.0 1.0 line
9.8 0 1.3 1.0 NULL
11.100000000000001 1 2.0 1.0 line
13.100000000000001 0 1.4 1.0 NULL
14.500000000000002 1 2.0 1.0 line
16.5 0 1.0 1.0 NULL
17.5 1 2.0 1.0 line
19.5 0 2.0 1.0 NULL
21.5 1 2.0 1.0 line
23.5 0 1.1 1.0 NULL
24.6 1 2.0 1.0 line
26.6 0 1.2 1.0 NULL
27.8 1 2.0 1.0 line
29.8 0 2.0 1.0 NULL
31.8 1 2.0 1.0 line
33.8 0 1.8 1.0 NULL
35.599999999999994 1 2.0 1.0 line
37.599999999999994 0 1.6 1.0 NULL
39.199999999999996 1 2.0 1.0 line
41.2 0 1.0 1.0 NULL
42.2 1 2.0 1.0 line
44.2 0 1.0 1.0 NULL
45.2 1 2.0 1.0 line
47.2 0 1.1 1.0 NULL
48.300000000000004 1 2.0 1.0 line
50.300000000000004 0 1.1 1.0 NULL
51.400000000000006 1 2.0 1.0 line
53.400000000000006 0 2.0 1.0 NULL
55.400000000000006 1 2.0 1.0 line
57.400000000000006 0 1.1 1.0 NULL
58.50000000000001 1 2.0 1.0 line
60.50000000000001 0 1.2 1.0 NULL
61.70000000000001 1 2.0 1.0 line
63.70000000000001 0 1.3 1.0 NULL
65.00000000000001 1 2.0 1.0 line
67.0 0 1.2 1.0 NULL
68.2 1 2.0 1.0 line
70.2 0 1.7 1.0 NULL
71.9 1 2.0 1.0 line
73.9 0 1.0 1.0 NULL
74.9 1 2.0 1.0 line
76.9 0 1.3 1.0 NULL
78.2 1 2.0 1.0 line
80.19999999999999 0 1.0 1.0 NULL
81.19999999999999 1 2.0 1.0 line
83.19999999999999 0 1.2 1.0 NULL
84.39999999999999 1 2.0 1.0 line
86.39999999999999 0 1.0 1.0 NULL
87.39999999999999 1 2.0 1.0 line
89.39999999999999 0 1.0 1.0 NULL
90.39999999999999 1 2.0 1.0 line
92.4 0 1.0 1.0 NULL
93.4 1 2.0 1.0 line
95.4 0 1.2 1.0 NULL
96.60000000000001 1 2.0 1.0 line
98.60000000000001 0 1.1 1.0 NULL
99.7 1 2.0 1.0 line
101.7 0 1.8 1.0 NULL
103.5 1 2.0 1.0 line
105.5 0 1.0 1.0 NULL
106.5 1 2.0 1.0 line
108.5 0 1.0 1.0 NULL
109.5 1 2.0 1.0 line
111.5 0 1.1 1.0 NULL
112.6 1 2.0 1.0 line
114.6 0 1.5 1.0 NULL
116.1 1 2.0 1.0 line
118.1 0 1.2 1.0 NULL
119.3 1 2.0 1.0 line
121.3 0 1.1 1.0 NULL
122.39999999999999 1 2.0 1.0 line
124.39999999999999 0 1.0 1.0 NULL
125.39999999999999 1 2.0 1.0 line
127.39999999999999 0 1.2 1.0 NULL
128.6 1 2.0 1.0 line
130.6 0 1.1 1.0 NULL
