0.0 0 1.2 1.0 NULL
1.2 1 2.0 1.0 line
3.2 0 1.1 1.0 NULL
4.300000000000001 1 2.0 1.0 line
6.300000000000001 0 1.1 1.0 NULL
7.4 1 2.0 1.0 line
9.4 0 1.1 1.0 NULL
10.5 1 2.0 1.0 line
12.5 0 1.0 1.0 NULL
13.5 1 2.0 1.0 line
15.5 0 1.3 1.0 NULL
16.8 1 2.0 1.0 line
18.8 0 1.6 1.0 NULL
20.400000000000002 1 2.0 1.0 line
22.400000000000002 0 1.1 1.0 NULL
23.500000000000004 1 2.0 1.0 line
25.5 0 1.8 1.0 NULL
27.3 1 2.0 1.0 line
29.3 0 1.3 1.0 NULL
30.6 1 2.0 1.0 line
32.6 0 1.4 1.0 NULL
34.0 1 2.0 1.0 line
36.0 0 1.9 1.0 NULL
37.9 1 2.0 1.0 line
39.9 0 1.1 1.0 NULL
41.0 1 2.0 1.0 line
43.0 0 1.1 1.0 NULL
44.1 1 2.0 1.0 line
46.1 0 1.0 1.0 NULL
47.1 1 2.0 1.0 line
49.1 0 1.0 1.0 NULL
50.1 1 2.0 1.0 line
52.099999999999994 0 1.0 1.0 NULL
53.099999999999994 1 2.0 1.0 line
55.099999999999994 0 1.1 1.0 NULL
56.199999999999996 1 2.0 1.0 line
58.199999999999996 0 1.2 1.0 NULL
59.4 1 2.0 1.0 line
61.4 0 1.1 1.0 NULL
62.5 1 2.0 1.0 line
64.5 0 1.3 1.0 NULL
65.8 1 2.0 1.0 line
67.8 0 1.2 1.0 NULL
69.0 1 2.0 1.0 line
71.0 0 1.0 1.0 NULL
72.0 1 2.0 1.0 line
74.0 0 1.0 1.0 NULL
75.0 1 2.0 1.0 line
77.0 0 1.4 1.0 NULL
78.4 1 2.0 1.0 line
80.4 0 2.0 1.0 NULL
82.4 1 2.0 1.0 line
84.4 0 1.1 1.0 NULL
85.5 1 2.0 1.0 line
87.5 0 1.0 1.0 NULL
88.5 1 2.0 1.0 line
90.5 0 1.6 1.0 NULL
92.1 1 2.0 1.0 line
94.1 0 1.1 1.0 NULL
95.19999999999999 1 2.0 1.0 line
97.19999999999999 0 1.2 1.0 NULL
98.39999999999999 1 2.0 1.0 line
100.39999999999999 0 1.0 1.0 NULL
101.39999999999999 1 2.0 1.0 line
103.4 0 1.8 1.0 NULL
105.2 1 2.0 1.0 line
107.2 0 1.0 1.0 NULL
108.2 1 2.0 1.0 line
110.2 0 2.0 1.0 NULL
112.2 1 2.0 1.0 line
114.2 0 1.0 1.0 NULL
115.2 1 2.0 1.0 line
117.2 0 1.2 1.0 NULL
118.4 1 2.0 1.0 line
120.4 0 1.6 1.0 NULL
122.0 1 2.0 1.0 line
124.0 0 1.0 1.0 NULL
125.0 1 2.0 1.0 line
127.0 0 1.1 1.0 NULL
128.1 1 2.0 1.0 line
130.1 0 1.1 1.0 NULL
