0.0 0 1.1 1.0 NULL
1.1 1 2.0 1.0 line
3.1 0 1.4 1.0 NULL
4.5 1 2.0 1.0 line
6.5 0 1.9 1.0 NULL
8.4 1 2.0 1.0 line
10.4 0 1.9 1.0 NULL
12.3 1 2.0 1.0 line
14.3 0 1.1 1.0 NULL
15.4 1 2.0 1.0 line
17.4 0 1.0 1.0 NULL
18.4 1 2.0 1.0 line
20.4 0 1.0 1.0 NULL
21.4 1 2.0 1.0 line
23.4 0 1.4 1.0 NULL
24.799999999999997 1 2.0 1.0 line
26.8 0 1.6 1.0 NULL
28.400000000000002 1 2.0 1.0 line
30.400000000000002 0 1.0 1.0 NULL
31.400000000000002 1 2.0 1.0 line
33.400000000000006 0 1.1 1.0 NULL
34.50000000000001 1 2.0 1.0 line
36.50000000000001 0 1.1 1.0 NULL
37.60000000000001 1 2.0 1.0 line
39.6 0 1.1 1.0 NULL
40.7 1 2.0 1.0 line
42.7 0 1.0 1.0 NULL
43.7 1 2.0 1.0 line
45.7 0 1.2 1.0 NULL
46.900000000000006 1 2.0 1.0 line
48.900000000000006 0 1.0 1.0 NULL
49.900000000000006 1 2.0 1.0 line
51.900000000000006 0 2.0 1.0 NULL
53.900000000000006 1 2.0 1.0 line
55.900000000000006 0 1.0 1.0 NULL
56.900000000000006 1 2.0 1.0 line
58.900000000000006 0 1.5 1.0 NULL
60.400000000000006 1 2.0 1.0 line
62.400000000000006 0 1.1 1.0 NULL
63.50000000000001 1 2.0 1.0 line
65.5 0 1.1 1.0 NULL
66.6 1 2.0 1.0 line
68.6 0 1.1 1.0 NULL
69.69999999999999 1 2.0 1.0 line
71.69999999999999 0 1.2 1.0 NULL
72.89999999999999 1 2.0 1.0 line
74.89999999999999 0 1.2 1.0 NULL
76.1 1 2.0 1.0 line
78.1 0 1.1 1.0 NULL
79.19999999999999 1 2.0 1.0 line
81.19999999999999 0 1.6 1.0 NULL
82.79999999999998 1 2.0 1.0 line
84.79999999999998 0 1.3 1.0 NULL
86.09999999999998 1 2.0 1.0 line
88.09999999999998 0 1.0 1.0 NULL
89.09999999999998 1 2.0 1.0 line
91.10000000000001 0 1.8 1.0 NULL
92.9 1 2.0 1.0 line
94.9 0 1.0 1.0 NULL
95.9 1 2.0 1.0 line
97.9 0 1.5 1.0 NULL
99.4 1 2.0 1.0 line
101.4 0 1.0 1.0 NULL
102.4 1 2.0 1.0 line
104.4 0 1.0 1.0 NULL
105.4 1 2.0 1.0 line
107.4 0 2.0 1.0 NULL
109.4 1 2.0 1.0 line
111.4 0 1.0 1.0 NULL
112.4 1 2.0 1.0 line
114.4 0 1.1 1.0 NULL
115.5 1 2.0 1.0 line
117.5 0 1.3 1.0 NULL
118.8 1 2.0 1.0 line
120.8 0 1.0 1.0 NULL
121.8 1 2.0 1.0 line
123.8 0 1.1 1.0 NULL
124.89999999999999 1 2.0 1.0 line
126.89999999999999 0 1.0 1.0 NULL
127.89999999999999 1 2.0 1.0 line
129.9 0 1.2 1.0 NULL
