0.0 0 1.0 1.0 NULL
1.0 1 2.0 1.0 line
3.0 0 1.0 1.0 NULL
4.0 1 2.0 1.0 line
6.0 0 1.0 1.0 NULL
7.0 1 2.0 1.0 line
9.0 0 1.6 1.0 NULL
10.6 1 2.0 1.0 line
12.6 0 1.0 1.0 NULL
13.6 1 2.0 1.0 line
15.6 0 2.0 1.0 NULL
17.6 1 2.0 1.0 line
19.6 0 1.0 1.0 NULL
20.6 1 2.0 1.0 line
22.6 0 1.6 1.0 NULL
24.200000000000003 1 2.0 1.0 line
26.2 0 1.1 1.0 NULL
27.3 1 2.0 1.0 line
29.3 0 1.1 1.0 NULL
30.400000000000002 1 2.0 1.0 line
32.400000000000006 0 1.6 1.0 NULL
34.00000000000001 1 2.0 1.0 line
36.00000000000001 0 1.0 1.0 NULL
37.00000000000001 1 2.0 1.0 line
39.0 0 1.5 1.0 NULL
40.5 1 2.0 1.0 line
42.5 0 2.0 1.0 NULL
44.5 1 2.0 1.0 line
46.5 0 1.1 1.0 NULL
47.6 1 2.0 1.0 line
49.6 0 1.1 1.0 NULL
50.7 1 2.0 1.0 line
52.7 0 1.0 1.0 NULL
53.7 1 2.0 1.0 line
55.7 0 1.9 1.0 NULL
57.6 1 2.0 1.0 line
59.6 0 1.0 1.0 NULL
60.6 1 2.0 1.0 line
62.6 0 1.6 1.0 NULL
64.2 1 2.0 1.0 line
66.19999999999999 0 1.0 1.0 NULL
67.19999999999999 1 2.0 1.0 line
69.19999999999999 0 1.0 1.0 NULL
70.19999999999999 1 2.0 1.0 line
72.19999999999999 0 1.3 1.0 NULL
73.49999999999999 1 2.0 1.0 line
75.49999999999999 0 1.0 1.0 NULL
76.49999999999999 1 2.0 1.0 line
78.5 0 1.2 1.0 NULL
79.7 1 2.0 1.0 line
81.7 0 1.3 1.0 NULL
83.0 1 2.0 1.0 line
85.0 0 1.5 1.0 NULL
86.5 1 2.0 1.0 line
88.5 0 1.2 1.0 NULL
89.7 1 2.0 1.0 line
91.7 0 1.3 1.0 NULL
93.0 1 2.0 1.0 line
95.0 0 1.4 1.0 NULL
96.4 1 2.0 1.0 line
98.4 0 1.1 1.0 NULL
99.5 1 2.0 1.0 line
101.5 0 1.1 1.0 NULL
102.6 1 2.0 1.0 line
104.6 0 1.2 1.0 NULL
105.8 1 2.0 1.0 line
107.8 0 1.3 1.0 NULL
109.1 1 2.0 1.0 line
111.1 0 1.1 1.0 NULL
112.19999999999999 1 2.0 1.0 line
114.19999999999999 0 1.4 1.0 NULL
115.6 1 2.0 1.0 line
117.6 0 1.3 1.0 NULL
118.89999999999999 1 2.0 1.0 line
120.89999999999999 0 1.1 1.0 NULL
121.99999999999999 1 2.0 1.0 line
123.99999999999999 0 1.0 1.0 NULL
124.99999999999999 1 2.0 1.0 line
126.99999999999999 0 1.0 1.0 NULL
127.99999999999999 1 2.0 1.0 line
130.0 0 1.0 1.0 NULL
