0.0 0 1.0 1.0 NULL
1.0 1 2.0 1.0 line
3.0 0 1.1 1.0 NULL
4.1 1 2.0 1.0 line
6.1 0 1.6 1.0 NULL
7.699999999999999 1 2.0 1.0 line
9.7 0 1.5 1.0 NULL
11.2 1 2.0 1.0 line
13.2 0 1.0 1.0 NULL
14.2 1 2.0 1.0 line
16.2 0 1.3 1.0 NULL
17.5 1 2.0 1.0 line
19.5 0 1.0 1.0 NULL
20.5 1 2.0 1.0 line
22.5 0 1.9 1.0 NULL
24.4 1 2.0 1.0 line
26.4 0 1.0 1.0 NULL
27.4 1 2.0 1.0 line
29.4 0 1.1 1.0 NULL
30.5 1 2.0 1.0 line
32.5 0 1.1 1.0 NULL
33.6 1 2.0 1.0 line
35.6 0 1.0 1.0 NULL
36.6 1 2.0 1.0 line
38.6 0 1.2 1.0 NULL
39.800000000000004 1 2.0 1.0 line
41.800000000000004 0 1.0 1.0 NULL
42.800000000000004 1 2.0 1.0 line
44.800000000000004 0 1.1 1.0 NULL
45.900000000000006 1 2.0 1.0 line
47.900000000000006 0 1.3 1.0 NULL
49.2 1 2.0 1.0 line
51.2 0 1.1 1.0 NULL
52.300000000000004 1 2.0 1.0 line
54.300000000000004 0 1.3 1.0 NULL
55.6 1 2.0 1.0 line
57.6 0 1.2 1.0 NULL
58.800000000000004 1 2.0 1.0 line
60.800000000000004 0 1.0 1.0 NULL
61.800000000000004 1 2.0 1.0 line
63.800000000000004 0 1.8 1.0 NULL
65.60000000000001 1 2.0 1.0 line
67.60000000000001 0 1.0 1.0 NULL
68.60000000000001 1 2.0 1.0 line
70.60000000000001 0 1.0 1.0 NULL
71.60000000000001 1 2.0 1.0 line
73.60000000000001 0 2.0 1.0 NULL
75.60000000000001 1 2.0 1.0 line
77.60000000000001 0 1.5 1.0 NULL
79.10000000000001 1 2.0 1.0 line
81.10000000000001 0 1.1 1.0 NULL
82.2 1 2.0 1.0 line
84.2 0 1.0 1.0 NULL
85.2 1 2.0 1.0 line
87.2 0 1.4 1.0 NULL
88.60000000000001 1 2.0 1.0 line
90.6 0 1.6 1.0 NULL
92.19999999999999 1 2.0 1.0 line
94.19999999999999 0 1.2 1.0 NULL
95.39999999999999 1 2.0 1.0 line
97.39999999999999 0 1.4 1.0 NULL
98.8 1 2.0 1.0 line
100.8 0 1.0 1.0 NULL
101.8 1 2.0 1.0 line
103.80000000000001 0 1.0 1.0 NULL
104.80000000000001 1 2.0 1.0 line
106.80000000000001 0 1.1 1.0 NULL
107.9 1 2.0 1.0 line
109.9 0 1.3 1.0 NULL
111.2 1 2.0 1.0 line
113.2 0 1.1 1.0 NULL
114.3 1 2.0 1.0 line
116.30000000000001 0 2.0 1.0 NULL
118.30000000000001 1 2.0 1.0 line
120.30000000000001 0 1.7 1.0 NULL
122.00000000000001 1 2.0 1.0 line
124.00000000000001 0 1.0 1.0 NULL
125.00000000000001 1 2.0 1.0 line
127.00000000000001 0 1.0 1.0 NULL
128.0 1 2.0 1.0 line
130.0 0 1.0 1.0 NULL
