0.0 0 1.0 1.0 NULL
1.0 1 2.0 1.0 line
3.0 0 1.0 1.0 NULL
4.0 1 2.0 1.0 line
6.0 0 1.2 1.0 NULL
7.2 1 2.0 1.0 line
9.2 0 1.2 1.0 NULL
10.399999999999999 1 2.0 1.0 line
12.4 0 1.0 1.0 NULL
13.4 1 2.0 1.0 line
15.4 0 1.3 1.0 NULL
16.7 1 2.0 1.0 line
18.7 0 2.0 1.0 NULL
20.7 1 2.0 1.0 line
22.7 0 1.0 1.0 NULL
23.7 1 2.0 1.0 line
25.700000000000003 0 1.1 1.0 NULL
26.800000000000004 1 2.0 1.0 line
28.800000000000004 0 1.1 1.0 NULL
29.900000000000006 1 2.0 1.0 line
31.900000000000006 0 1.1 1.0 NULL
33.00000000000001 1 2.0 1.0 line
35.00000000000001 0 1.0 1.0 NULL
36.00000000000001 1 2.0 1.0 line
38.0 0 1.3 1.0 NULL
39.3 1 2.0 1.0 line
41.3 0 1.0 1.0 NULL
42.3 1 2.0 1.0 line
44.3 0 1.5 1.0 NULL
45.8 1 2.0 1.0 line
47.8 0 1.4 1.0 NULL
49.199999999999996 1 2.0 1.0 line
51.2 0 1.1 1.0 NULL
52.300000000000004 1 2.0 1.0 line
54.300000000000004 0 1.2 1.0 NULL
55.50000000000001 1 2.0 1.0 line
57.50000000000001 0 1.0 1.0 NULL
58.50000000000001 1 2.0 1.0 line
60.50000000000001 0 1.1 1.0 NULL
61.60000000000001 1 2.0 1.0 line
63.6 0 1.8 1.0 NULL
65.4 1 2.0 1.0 line
67.4 0 1.0 1.0 NULL
68.4 1 2.0 1.0 line
70.4 0 1.2 1.0 NULL
71.60000000000001 1 2.0 1.0 line
73.60000000000001 0 2.0 1.0 NULL
75.60000000000001 1 2.0 1.0 line
77.60000000000001 0 1.0 1.0 NULL
78.60000000000001 1 2.0 1.0 line
80.60000000000001 0 1.7 1.0 NULL
82.30000000000001 1 2.0 1.0 line
84.30000000000001 0 1.1 1.0 NULL
85.4 1 2.0 1.0 line
87.4 0 1.1 1.0 NULL
88.5 1 2.0 1.0 line
90.5 0 1.3 1.0 NULL
91.8 1 2.0 1.0 line
93.8 0 1.5 1.0 NULL
95.3 1 2.0 1.0 line
97.3 0 1.0 1.0 NULL
98.3 1 2.0 1.0 line
100.3 0 1.0 1.0 NULL
101.3 1 2.0 1.0 line
103.30000000000001 0 1.4 1.0 NULL
104.70000000000002 1 2.0 1.0 line
106.70000000000002 0 1.0 1.0 NULL
107.70000000000002 1 2.0 1.0 line
109.70000000000002 0 2.0 1.0 NULL
111.70000000000002 1 2.0 1.0 line
113.70000000000002 0 1.0 1.0 NULL
114.70000000000002 1 2.0 1.0 line
116.69999999999999 0 1.7 1.0 NULL
118.39999999999999 1 2.0 1.0 line
120.39999999999999 0 1.0 1.0 NULL
121.39999999999999 1 2.0 1.0 line
123.39999999999999 0 1.0 1.0 NULL
124.39999999999999 1 2.0 1.0 line
126.39999999999999 0 1.5 1.0 NULL
127.89999999999999 1 2.0 1.0 line
129.9 0 1.1 1.0 NULL
