0.0 0 1.2 1.0 NULL
1.2 1 2.0 1.0 line
3.2 0 1.1 1.0 NULL
4.300000000000001 1 2.0 1.0 line
6.300000000000001 0 1.4 1.0 NULL
7.700000000000001 1 2.0 1.0 line
9.700000000000001 0 1.5 1.0 NULL
11.200000000000001 1 2.0 1.0 line
13.200000000000001 0 1.4 1.0 NULL
14.600000000000001 1 2.0 1.0 line
16.6 0 1.3 1.0 NULL
17.900000000000002 1 2.0 1.0 line
19.900000000000002 0 2.0 1.0 NULL
21.900000000000002 1 2.0 1.0 line
23.900000000000002 0 1.1 1.0 NULL
25.000000000000004 1 2.0 1.0 line
27.0 0 1.2 1.0 NULL
28.2 1 2.0 1.0 line
30.2 0 1.0 1.0 NULL
31.2 1 2.0 1.0 line
33.2 0 2.0 1.0 NULL
35.2 1 2.0 1.0 line
37.2 0 1.7 1.0 NULL
38.900000000000006 1 2.0 1.0 line
40.900000000000006 0 1.0 1.0 NULL
41.900000000000006 1 2.0 1.0 line
43.900000000000006 0 1.3 1.0 NULL
45.2 1 2.0 1.0 line
47.2 0 1.0 1.0 NULL
48.2 1 2.0 1.0 line
50.2 0 1.0 1.0 NULL
51.2 1 2.0 1.0 line
53.2 0 1.1 1.0 NULL
54.300000000000004 1 2.0 1.0 line
56.300000000000004 0 1.2 1.0 NULL
57.50000000000001 1 2.0 1.0 line
59.50000000000001 0 1.1 1.0 NULL
60.60000000000001 1 2.0 1.0 line
62.60000000000001 0 1.0 1.0 NULL
63.60000000000001 1 2.0 1.0 line
65.6 0 1.8 1.0 NULL
67.39999999999999 1 2.0 1.0 line
69.39999999999999 0 1.2 1.0 NULL
70.6 1 2.0 1.0 line
72.6 0 1.3 1.0 NULL
73.89999999999999 1 2.0 1.0 line
75.89999999999999 0 1.0 1.0 NULL
76.89999999999999 1 2.0 1.0 line
78.9 0 1.2 1.0 NULL
80.10000000000001 1 2.0 1.0 line
82.10000000000001 0 1.0 1.0 NULL
83.10000000000001 1 2.0 1.0 line
85.10000000000001 0 1.4 1.0 NULL
86.50000000000001 1 2.0 1.0 line
88.50000000000001 0 1.0 1.0 NULL
89.50000000000001 1 2.0 1.0 line
91.5 0 1.0 1.0 NULL
92.5 1 2.0 1.0 line
94.5 0 1.9 1.0 NULL
96.4 1 2.0 1.0 line
98.4 0 1.2 1.0 NULL
99.60000000000001 1 2.0 1.0 line
101.60000000000001 0 1.9 1.0 NULL
103.50000000000001 1 2.0 1.0 line
105.5 0 1.0 1.0 NULL
106.5 1 2.0 1.0 line
108.5 0 1.1 1.0 NULL
109.6 1 2.0 1.0 line
111.6 0 1.0 1.0 NULL
112.6 1 2.0 1.0 line
114.6 0 1.1 1.0 NULL
115.69999999999999 1 2.0 1.0 line
117.7 0 1.0 1.0 NULL
118.7 1 2.0 1.0 line
120.7 0 1.2 1.0 NULL
121.9 1 2.0 1.0 line
123.9 0 1.3 1.0 NULL
125.2 1 2.0 1.0 line
127.2 0 1.0 1.0 NULL
128.2 1 2.0 1.0 line
130.2 0 1.0 1.0 NULL
