0.0 0 1.2 1.0 NULL
1.2 1 2.0 1.0 line
3.2 0 1.1 1.0 NULL
4.300000000000001 1 2.0 1.0 line
6.300000000000001 0 1.2 1.0 NULL
7.500000000000001 1 2.0 1.0 line
9.5 0 1.2 1.0 NULL
10.7 1 2.0 1.0 line
12.700000000000001 0 1.2 1.0 NULL
13.9 1 2.0 1.0 line
15.9 0 1.2 1.0 NULL
17.1 1 2.0 1.0 line
19.1 0 1.0 1.0 NULL
20.1 1 2.0 1.0 line
22.1 0 1.0 1.0 NULL
23.1 1 2.0 1.0 line
25.1 0 1.6 1.0 NULL
26.700000000000003 1 2.0 1.0 line
28.700000000000003 0 1.0 1.0 NULL
29.700000000000003 1 2.0 1.0 line
31.700000000000003 0 1.1 1.0 NULL
32.800000000000004 1 2.0 1.0 line
34.800000000000004 0 1.1 1.0 NULL
35.900000000000006 1 2.0 1.0 line
37.900000000000006 0 1.9 1.0 NULL
39.800000000000004 1 2.0 1.0 line
41.800000000000004 0 1.2 1.0 NULL
43.00000000000001 1 2.0 1.0 line
45.00000000000001 0 1.0 1.0 NULL
46.00000000000001 1 2.0 1.0 line
48.00000000000001 0 1.1 1.0 NULL
49.10000000000001 1 2.0 1.0 line
51.1 0 1.2 1.0 NULL
52.300000000000004 1 2.0 1.0 line
54.300000000000004 0 1.0 1.0 NULL
55.300000000000004 1 2.0 1.0 line
57.300000000000004 0 1.3 1.0 NULL
58.6 1 2.0 1.0 line
60.6 0 1.0 1.0 NULL
61.6 1 2.0 1.0 line
63.6 0 1.8 1.0 NULL
65.4 1 2.0 1.0 line
67.4 0 1.2 1.0 NULL
68.60000000000001 1 2.0 1.0 line
70.60000000000001 0 1.0 1.0 NULL
71.60000000000001 1 2.0 1.0 line
73.60000000000001 0 2.0 1.0 NULL
75.60000000000001 1 2.0 1.0 line
77.6 0 1.3 1.0 NULL
78.89999999999999 1 2.0 1.0 line
80.89999999999999 0 1.3 1.0 NULL
82.19999999999999 1 2.0 1.0 line
84.19999999999999 0 1.2 1.0 NULL
85.39999999999999 1 2.0 1.0 line
87.39999999999999 0 1.8 1.0 NULL
89.19999999999999 1 2.0 1.0 line
91.2 0 1.0 1.0 NULL
92.2 1 2.0 1.0 line
94.2 0 1.6 1.0 NULL
95.8 1 2.0 1.0 line
97.8 0 1.5 1.0 NULL
99.3 1 2.0 1.0 line
101.3 0 1.3 1.0 NULL
102.6 1 2.0 1.0 line
104.6 0 1.1 1.0 NULL
105.69999999999999 1 2.0 1.0 line
107.69999999999999 0 1.0 1.0 NULL
108.69999999999999 1 2.0 1.0 line
110.69999999999999 0 1.9 1.0 NULL
112.6 1 2.0 1.0 line
114.6 0 1.0 1.0 NULL
115.6 1 2.0 1.0 line
117.60000000000001 0 1.1 1.0 NULL
118.7 1 2.0 1.0 line
120.7 0 1.2 1.0 NULL
121.9 1 2.0 1.0 line
123.9 0 1.0 1.0 NULL
124.9 1 2.0 1.0 line
126.9 0 1.3 1.0 NULL
128.20000000000002 1 2.0 1.0 line
130.2 0 1.0 1.0 NULL
