0.0 0 1.0 1.0 NULL
1.0 1 2.0 1.0 line
3.0 0 1.0 1.0 NULL
4.0 1 2.0 1.0 line
6.0 0 1.9 1.0 NULL
7.9 1 2.0 1.0 line
9.9 0 1.1 1.0 NULL
11.0 1 2.0 1.0 line
13.0 0 1.3 1.0 NULL
14.3 1 2.0 1.0 line
16.3 0 1.1 1.0 NULL
17.400000000000002 1 2.0 1.0 line
19.400000000000002 0 1.0 1.0 NULL
20.400000000000002 1 2.0 1.0 line
22.400000000000002 0 1.7 1.0 NULL
24.1 1 2.0 1.0 line
26.099999999999998 0 1.7 1.0 NULL
27.799999999999997 1 2.0 1.0 line
29.799999999999997 0 1.2 1.0 NULL
30.999999999999996 1 2.0 1.0 line
33.0 0 1.8 1.0 NULL
34.8 1 2.0 1.0 line
36.8 0 1.0 1.0 NULL
37.8 1 2.0 1.0 line
39.8 0 1.3 1.0 NULL
41.099999999999994 1 2.0 1.0 line
43.099999999999994 0 1.2 1.0 NULL
44.3 1 2.0 1.0 line
46.3 0 1.4 1.0 NULL
47.699999999999996 1 2.0 1.0 line
49.699999999999996 0 1.9 1.0 NULL
51.599999999999994 1 2.0 1.0 line
53.599999999999994 0 1.1 1.0 NULL
54.699999999999996 1 2.0 1.0 line
56.699999999999996 0 1.1 1.0 NULL
57.8 1 2.0 1.0 line
59.8 0 1.2 1.0 NULL
61.0 1 2.0 1.0 line
63.0 0 1.2 1.0 NULL
64.2 1 2.0 1.0 line
66.2 0 1.0 1.0 NULL
67.2 1 2.0 1.0 line
69.2 0 1.0 1.0 NULL
70.2 1 2.0 1.0 line
72.2 0 1.3 1.0 NULL
73.5 1 2.0 1.0 line
75.5 0 1.6 1.0 NULL
77.1 1 2.0 1.0 line
79.1 0 1.1 1.0 NULL
80.19999999999999 1 2.0 1.0 line
82.19999999999999 0 1.1 1.0 NULL
83.29999999999998 1 2.0 1.0 line
85.29999999999998 0 1.0 1.0 NULL
86.29999999999998 1 2.0 1.0 line
88.29999999999998 0 1.0 1.0 NULL
89.29999999999998 1 2.0 1.0 line
91.30000000000001 0 1.5 1.0 NULL
92.80000000000001 1 2.0 1.0 line
94.80000000000001 0 1.1 1.0 NULL
95.9 1 2.0 1.0 line
97.9 0 1.2 1.0 NULL
99.10000000000001 1 2.0 1.0 line
101.10000000000001 0 2.0 1.0 NULL
103.10000000000001 1 2.0 1.0 line
105.1 0 1.0 1.0 NULL
106.1 1 2.0 1.0 line
108.1 0 1.0 1.0 NULL
109.1 1 2.0 1.0 line
111.1 0 1.0 1.0 NULL
112.1 1 2.0 1.0 line
114.1 0 1.1 1.0 NULL
115.19999999999999 1 2.0 1.0 line
117.19999999999999 0 1.6 1.0 NULL
118.79999999999998 1 2.0 1.0 line
120.79999999999998 0 1.1 1.0 NULL
121.89999999999998 1 2.0 1.0 line
123.89999999999998 0 1.1 1.0 NULL
124.99999999999997 1 2.0 1.0 line
126.99999999999997 0 1.0 1.0 NULL
127.99999999999997 1 2.0 1.0 line
130.0 0 1.0 1.0 NULL
