0.0 0 1.9 1.0 NULL
1.9 1 2.0 1.0 line
3.9 0 1.1 1.0 NULL
5.0 1 2.0 1.0 line
7.0 0 1.2 1.0 NULL
8.2 1 2.0 1.0 line
10.2 0 1.6 1.0 NULL
11.799999999999999 1 2.0 1.0 line
13.8 0 1.2 1.0 NULL
15.0 1 2.0 1.0 line
17.0 0 1.1 1.0 NULL
18.1 1 2.0 1.0 line
20.1 0 1.3 1.0 NULL
21.400000000000002 1 2.0 1.0 line
23.400000000000002 0 1.0 1.0 NULL
24.400000000000002 1 2.0 1.0 line
26.4 0 1.7 1.0 NULL
28.099999999999998 1 2.0 1.0 line
30.099999999999998 0 1.1 1.0 NULL
31.2 1 2.0 1.0 line
33.2 0 1.1 1.0 NULL
34.300000000000004 1 2.0 1.0 line
36.300000000000004 0 1.3 1.0 NULL
37.6 1 2.0 1.0 line
39.6 0 1.1 1.0 NULL
40.7 1 2.0 1.0 line
42.7 0 1.0 1.0 NULL
43.7 1 2.0 1.0 line
45.7 0 1.3 1.0 NULL
47.0 1 2.0 1.0 line
49.0 0 1.0 1.0 NULL
50.0 1 2.0 1.0 line
52.0 0 1.6 1.0 NULL
53.6 1 2.0 1.0 line
55.6 0 1.0 1.0 NULL
56.6 1 2.0 1.0 line
58.6 0 1.0 1.0 NULL
59.6 1 2.0 1.0 line
61.6 0 1.7 1.0 NULL
63.300000000000004 1 2.0 1.0 line
65.3 0 1.2 1.0 NULL
66.5 1 2.0 1.0 line
68.5 0 1.9 1.0 NULL
70.4 1 2.0 1.0 line
72.4 0 1.1 1.0 NULL
73.5 1 2.0 1.0 line
75.5 0 1.9 1.0 NULL
77.4 1 2.0 1.0 line
79.4 0 1.0 1.0 NULL
80.4 1 2.0 1.0 line
82.4 0 1.0 1.0 NULL
83.4 1 2.0 1.0 line
85.4 0 1.3 1.0 NULL
86.7 1 2.0 1.0 line
88.7 0 1.4 1.0 NULL
90.10000000000001 1 2.0 1.0 line
92.10000000000001 0 1.1 1.0 NULL
93.2 1 2.0 1.0 line
95.2 0 1.0 1.0 NULL
96.2 1 2.0 1.0 line
98.2 0 1.7 1.0 NULL
99.9 1 2.0 1.0 line
101.9 0 1.0 1.0 NULL
102.9 1 2.0 1.0 line
104.9 0 1.0 1.0 NULL
105.9 1 2.0 1.0 line
107.9 0 1.1 1.0 NULL
109.0 1 2.0 1.0 line
111.0 0 2.0 1.0 NULL
113.0 1 2.0 1.0 line
115.0 0 1.2 1.0 NULL
116.2 1 2.0 1.0 line
118.19999999999999 0 1.0 1.0 NULL
119.19999999999999 1 2.0 1.0 line
121.19999999999999 0 1.0 1.0 NULL
122.19999999999999 1 2.0 1.0 line
124.19999999999999 0 1.2 1.0 NULL
125.39999999999999 1 2.0 1.0 line
127.39999999999999 0 1.4 1.0 NULL
128.79999999999998 1 2.0 1.0 line
130.8 0 1.1 1.0 NULL
