0.0 0 1.1 1.0 NULL
1.1 1 2.0 1.0 line
3.1 0 1.2 1.0 NULL
4.3 1 2.0 1.0 line
6.3 0 1.1 1.0 NULL
7.4 1 2.0 1.0 line
9.4 0 1.0 1.0 NULL
10.4 1 2.0 1.0 line
12.4 0 1.2 1.0 NULL
13.6 1 2.0 1.0 line
15.6 0 1.1 1.0 NULL
16.7 1 2.0 1.0 line
18.7 0 1.9 1.0 NULL
20.599999999999998 1 2.0 1.0 line
22.599999999999998 0 1.3 1.0 NULL
23.9 1 2.0 1.0 line
25.9 0 1.0 1.0 NULL
26.9 1 2.0 1.0 line
28.9 0 1.4 1.0 NULL
30.299999999999997 1 2.0 1.0 line
32.3 0 1.1 1.0 NULL
33.4 1 2.0 1.0 line
35.4 0 1.1 1.0 NULL
36.5 1 2.0 1.0 line
38.5 0 1.0 1.0 NULL
39.5 1 2.0 1.0 line
41.5 0 1.1 1.0 NULL
42.6 1 2.0 1.0 line
44.6 0 2.0 1.0 NULL
46.6 1 2.0 1.0 line
48.6 0 1.0 1.0 NULL
49.6 1 2.0 1.0 line
51.6 0 1.8 1.0 NULL
53.4 1 2.0 1.0 line
55.4 0 1.0 1.0 NULL
56.4 1 2.0 1.0 line
58.4 0 1.1 1.0 NULL
59.5 1 2.0 1.0 line
61.5 0 1.7 1.0 NULL
63.2 1 2.0 1.0 line
65.2 0 1.2 1.0 NULL
66.4 1 2.0 1.0 line
68.4 0 1.1 1.0 NULL
69.5 1 2.0 1.0 line
71.5 0 1.1 1.0 NULL
72.6 1 2.0 1.0 line
74.6 0 1.1 1.0 NULL
75.69999999999999 1 2.0 1.0 line
77.7 0 1.2 1.0 NULL
78.9 1 2.0 1.0 line
80.9 0 1.0 1.0 NULL
81.9 1 2.0 1.0 line
83.9 0 1.2 1.0 NULL
85.10000000000001 1 2.0 1.0 line
87.10000000000001 0 1.1 1.0 NULL
88.2 1 2.0 1.0 line
90.19999999999999 0 2.0 1.0 NULL
92.19999999999999 1 2.0 1.0 line
94.19999999999999 0 1.0 1.0 NULL
95.19999999999999 1 2.0 1.0 line
97.19999999999999 0 1.0 1.0 NULL
98.19999999999999 1 2.0 1.0 line
100.19999999999999 0 1.3 1.0 NULL
101.49999999999999 1 2.0 1.0 line
103.5 0 1.0 1.0 NULL
104.5 1 2.0 1.0 line
106.5 0 2.0 1.0 NULL
108.5 1 2.0 1.0 line
110.5 0 1.4 1.0 NULL
111.9 1 2.0 1.0 line
113.9 0 1.0 1.0 NULL
114.9 1 2.0 1.0 line
116.9 0 1.2 1.0 NULL
118.10000000000001 1 2.0 1.0 line
120.10000000000001 0 2.0 1.0 NULL
122.10000000000001 1 2.0 1.0 line
124.10000000000001 0 1.0 1.0 NULL
125.10000000000001 1 2.0 1.0 line
127.10000000000001 0 1.0 1.0 NULL
128.10000000000002 1 2.0 1.0 line
130.1 0 1.0 1.0 NULL
