0.0 0 1.0 1.0 NULL
1.0 1 2.0 1.0 line
3.0 0 1.1 1.0 NULL
4.1 1 2.0 1.0 line
6.1 0 1.7 1.0 NULL
7.8 1 2.0 1.0 line
9.8 0 1.5 1.0 NULL
11.3 1 2.0 1.0 line
13.3 0 1.3 1.0 NULL
14.600000000000001 1 2.0 1.0 line
16.6 0 1.1 1.0 NULL
17.700000000000003 1 2.0 1.0 line
19.700000000000003 0 1.0 1.0 NULL
20.700000000000003 1 2.0 1.0 line
22.700000000000003 0 1.0 1.0 NULL
23.700000000000003 1 2.0 1.0 line
25.7 0 1.7 1.0 NULL
27.4 1 2.0 1.0 line
29.4 0 1.0 1.0 NULL
30.4 1 2.0 1.0 line
32.4 0 1.0 1.0 NULL
33.4 1 2.0 1.0 line
35.4 0 1.0 1.0 NULL
36.4 1 2.0 1.0 line
38.4 0 1.1 1.0 NULL
39.5 1 2.0 1.0 line
41.5 0 1.6 1.0 NULL
43.1 1 2.0 1.0 line
45.1 0 1.6 1.0 NULL
46.7 1 2.0 1.0 line
48.7 0 1.0 1.0 NULL
49.7 1 2.0 1.0 line
51.7 0 1.1 1.0 NULL
52.800000000000004 1 2.0 1.0 line
54.800000000000004 0 1.5 1.0 NULL
56.300000000000004 1 2.0 1.0 line
58.300000000000004 0 1.3 1.0 NULL
59.6 1 2.0 1.0 line
61.6 0 1.0 1.0 NULL
62.6 1 2.0 1.0 line
64.6 0 1.9 1.0 NULL
66.5 1 2.0 1.0 line
68.5 0 1.0 1.0 NULL
69.5 1 2.0 1.0 line
71.5 0 2.0 1.0 NULL
73.5 1 2.0 1.0 line
75.5 0 1.0 1.0 NULL
76.5 1 2.0 1.0 line
78.5 0 1.0 1.0 NULL
79.5 1 2.0 1.0 line
81.5 0 1.3 1.0 NULL
82.8 1 2.0 1.0 line
84.8 0 1.4 1.0 NULL
86.2 1 2.0 1.0 line
88.2 0 1.1 1.0 NULL
89.3 1 2.0 1.0 line
91.30000000000001 0 2.0 1.0 NULL
93.30000000000001 1 2.0 1.0 line
95.30000000000001 0 1.1 1.0 NULL
96.4 1 2.0 1.0 line
98.4 0 1.3 1.0 NULL
99.7 1 2.0 1.0 line
101.7 0 1.2 1.0 NULL
102.9 1 2.0 1.0 line
104.9 0 1.4 1.0 NULL
106.30000000000001 1 2.0 1.0 line
108.30000000000001 0 1.2 1.0 NULL
109.50000000000001 1 2.0 1.0 line
111.50000000000001 0 1.3 1.0 NULL
112.80000000000001 1 2.0 1.0 line
114.80000000000001 0 1.0 1.0 NULL
115.80000000000001 1 2.0 1.0 line
117.8 0 1.0 1.0 NULL
118.8 1 2.0 1.0 line
120.8 0 1.0 1.0 NULL
121.8 1 2.0 1.0 line
123.8 0 1.1 1.0 NULL
124.89999999999999 1 2.0 1.0 line
126.89999999999999 0 1.1 1.0 NULL
127.99999999999999 1 2.0 1.0 line
130.0 0 1.0 1.0 NULL
