0.0 0 2.0 1.0 NULL
2.0 1 2.0 1.0 line
4.0 0 1.0 1.0 NULL
5.0 1 2.0 1.0 line
7.0 0 1.0 1.0 NULL
8.0 1 2.0 1.0 line
10.0 0 1.6 1.0 NULL
11.6 1 2.0 1.0 line
13.6 0 1.6 1.0 NULL
15.2 1 2.0 1.0 line
17.2 0 1.2 1.0 NULL
18.4 1 2.0 1.0 line
20.4 0 1.0 1.0 NULL
21.4 1 2.0 1.0 line
23.4 0 1.9 1.0 NULL
25.299999999999997 1 2.0 1.0 line
27.3 0 1.0 1.0 NULL
28.3 1 2.0 1.0 line
30.3 0 1.9 1.0 NULL
32.2 1 2.0 1.0 line
34.2 0 1.4 1.0 NULL
35.6 1 2.0 1.0 line
37.6 0 1.5 1.0 NULL
39.1 1 2.0 1.0 line
41.099999999999994 0 1.0 1.0 NULL
42.099999999999994 1 2.0 1.0 line
44.099999999999994 0 1.3 1.0 NULL
45.39999999999999 1 2.0 1.0 line
47.39999999999999 0 1.1 1.0 NULL
48.49999999999999 1 2.0 1.0 line
50.49999999999999 0 1.6 1.0 NULL
52.099999999999994 1 2.0 1.0 line
54.1 0 1.2 1.0 NULL
55.300000000000004 1 2.0 1.0 line
57.300000000000004 0 1.4 1.0 NULL
58.7 1 2.0 1.0 line
60.7 0 1.6 1.0 NULL
62.300000000000004 1 2.0 1.0 line
64.30000000000001 0 1.1 1.0 NULL
65.4 1 2.0 1.0 line
67.39999999999999 0 1.0 1.0 NULL
68.39999999999999 1 2.0 1.0 line
70.39999999999999 0 2.0 1.0 NULL
72.39999999999999 1 2.0 1.0 line
74.39999999999999 0 1.0 1.0 NULL
75.39999999999999 1 2.0 1.0 line
77.39999999999999 0 1.0 1.0 NULL
78.39999999999999 1 2.0 1.0 line
80.39999999999999 0 1.0 1.0 NULL
81.39999999999999 1 2.0 1.0 line
83.39999999999999 0 1.5 1.0 NULL
84.89999999999999 1 2.0 1.0 line
86.89999999999999 0 1.3 1.0 NULL
88.19999999999999 1 2.0 1.0 line
90.19999999999999 0 1.0 1.0 NULL
91.19999999999999 1 2.0 1.0 line
93.19999999999999 0 1.0 1.0 NULL
94.19999999999999 1 2.0 1.0 line
96.19999999999999 0 1.0 1.0 NULL
97.19999999999999 1 2.0 1.0 line
99.19999999999999 0 2.0 1.0 NULL
101.19999999999999 1 2.0 1.0 line
103.19999999999999 0 1.2 1.0 NULL
104.39999999999999 1 2.0 1.0 line
106.39999999999999 0 1.1 1.0 NULL
107.49999999999999 1 2.0 1.0 line
109.49999999999999 0 1.1 1.0 NULL
110.59999999999998 1 2.0 1.0 line
112.59999999999998 0 1.1 1.0 NULL
113.69999999999997 1 2.0 1.0 line
115.69999999999997 0 1.0 1.0 NULL
116.69999999999997 1 2.0 1.0 line
118.69999999999999 0 1.0 1.0 NULL
119.69999999999999 1 2.0 1.0 line
121.69999999999999 0 1.0 1.0 NULL
122.69999999999999 1 2.0 1.0 line
124.69999999999999 0 1.1 1.0 NULL
125.79999999999998 1 2.0 1.0 line
127.79999999999998 0 1.2 1.0 NULL
128.99999999999997 1 2.0 1.0 line
131.0 0 1.0 1.0 NULL
