0.0 0 2.0 1.0 NULL
2.0 1 2.0 1.0 line
4.0 0 1.1 1.0 NULL
5.1 1 2.0 1.0 line
7.1 0 1.2 1.0 NULL
8.299999999999999 1 2.0 1.0 line
10.299999999999999 0 1.5 1.0 NULL
11.799999999999999 1 2.0 1.0 line
13.8 0 1.1 1.0 NULL
14.9 1 2.0 1.0 line
16.9 0 1.3 1.0 NULL
18.2 1 2.0 1.0 line
20.2 0 1.0 1.0 NULL
21.2 1 2.0 1.0 line
23.2 0 1.1 1.0 NULL
24.3 1 2.0 1.0 line
26.3 0 1.8 1.0 NULL
28.1 1 2.0 1.0 line
30.1 0 1.7 1.0 NULL
31.8 1 2.0 1.0 line
33.8 0 1.0 1.0 NULL
34.8 1 2.0 1.0 line
36.8 0 1.9 1.0 NULL
38.699999999999996 1 2.0 1.0 line
40.7 0 1.0 1.0 NULL
41.7 1 2.0 1.0 line
43.7 0 1.1 1.0 NULL
44.800000000000004 1 2.0 1.0 line
46.800000000000004 0 1.3 1.0 NULL
48.1 1 2.0 1.0 line
50.1 0 1.6 1.0 NULL
51.7 1 2.0 1.0 line
53.7 0 1.2 1.0 NULL
54.900000000000006 1 2.0 1.0 line
56.900000000000006 0 1.3 1.0 NULL
58.2 1 2.0 1.0 line
60.2 0 1.1 1.0 NULL
61.300000000000004 1 2.0 1.0 line
63.300000000000004 0 1.2 1.0 NULL
64.5 1 2.0 1.0 line
66.5 0 1.1 1.0 NULL
67.6 1 2.0 1.0 line
69.6 0 2.0 1.0 NULL
71.6 1 2.0 1.0 line
73.6 0 1.0 1.0 NULL
74.6 1 2.0 1.0 line
76.6 0 1.0 1.0 NULL
77.6 1 2.0 1.0 line
79.60000000000001 0 1.0 1.0 NULL
80.60000000000001 1 2.0 1.0 line
82.60000000000001 0 1.0 1.0 NULL
83.60000000000001 1 2.0 1.0 line
85.60000000000001 0 1.7 1.0 NULL
87.30000000000001 1 2.0 1.0 line
89.30000000000001 0 1.0 1.0 NULL
90.30000000000001 1 2.0 1.0 line
92.3 0 1.0 1.0 NULL
93.3 1 2.0 1.0 line
95.3 0 1.7 1.0 NULL
97.0 1 2.0 1.0 line
99.0 0 1.0 1.0 NULL
100.0 1 2.0 1.0 line
102.0 0 1.0 1.0 NULL
103.0 1 2.0 1.0 line
105.0 0 1.0 1.0 NULL
106.0 1 2.0 1.0 line
108.0 0 1.2 1.0 NULL
109.2 1 2.0 1.0 line
111.2 0 2.0 1.0 NULL
113.2 1 2.0 1.0 line
115.2 0 1.0 1.0 NULL
116.2 1 2.0 1.0 line
118.19999999999999 0 1.3 1.0 NULL
119.49999999999999 1 2.0 1.0 line
121.49999999999999 0 1.1 1.0 NULL
122.59999999999998 1 2.0 1.0 line
124.59999999999998 0 1.0 1.0 NULL
125.59999999999998 1 2.0 1.0 line
127.59999999999998 0 1.4 1.0 NULL
128.99999999999997 1 2.0 1.0 line
131.0 0 1.0 1.0 NULL
