0.0 0 1.5 1.0 NULL
1.5 1 2.0 1.0 line
3.5 0 1.0 1.0 NULL
4.5 1 2.0 1.0 line
6.5 0 1.0 1.0 NULL
7.5 1 2.0 1.0 line
9.5 0 1.1 1.0 NULL
10.6 1 2.0 1.0 line
12.6 0 1.1 1.0 NULL
13.7 1 2.0 1.0 line
15.7 0 1.3 1.0 NULL
17.0 1 2.0 1.0 line
19.0 0 1.2 1.0 NULL
20.2 1 2.0 1.0 line
22.2 0 1.2 1.0 NULL
23.4 1 2.0 1.0 line
25.4 0 1.0 1.0 NULL
26.4 1 2.0 1.0 line
28.4 0 1.9 1.0 NULL
30.299999999999997 1 2.0 1.0 line
32.3 0 1.0 1.0 NULL
33.3 1 2.0 1.0 line
35.3 0 1.0 1.0 NULL
36.3 1 2.0 1.0 line
38.3 0 1.2 1.0 NULL
39.5 1 2.0 1.0 line
41.5 0 1.3 1.0 NULL
42.8 1 2.0 1.0 line
44.8 0 1.0 1.0 NULL
45.8 1 2.0 1.0 line
47.8 0 1.9 1.0 NULL
49.699999999999996 1 2.0 1.0 line
51.7 0 1.0 1.0 NULL
52.7 1 2.0 1.0 line
54.7 0 1.1 1.0 NULL
55.800000000000004 1 2.0 1.0 line
57.800000000000004 0 1.6 1.0 NULL
59.400000000000006 1 2.0 1.0 line
61.400000000000006 0 1.1 1.0 NULL
62.50000000000001 1 2.0 1.0 line
64.5 0 1.0 1.0 NULL
65.5 1 2.0 1.0 line
67.5 0 1.5 1.0 NULL
69.0 1 2.0 1.0 line
71.0 0 1.7 1.0 NULL
72.7 1 2.0 1.0 line
74.7 0 1.4 1.0 NULL
76.10000000000001 1 2.0 1.0 line
78.10000000000001 0 1.0 1.0 NULL
79.10000000000001 1 2.0 1.0 line
81.10000000000001 0 1.0 1.0 NULL
82.10000000000001 1 2.0 1.0 line
84.10000000000001 0 1.0 1.0 NULL
85.10000000000001 1 2.0 1.0 line
87.10000000000001 0 1.8 1.0 NULL
88.9 1 2.0 1.0 line
90.9 0 1.0 1.0 NULL
91.9 1 2.0 1.0 line
93.9 0 1.9 1.0 NULL
95.80000000000001 1 2.0 1.0 line
97.80000000000001 0 1.2 1.0 NULL
99.00000000000001 1 2.0 1.0 line
101.00000000000001 0 1.6 1.0 NULL
102.60000000000001 1 2.0 1.0 line
104.6 0 1.3 1.0 NULL
105.89999999999999 1 2.0 1.0 line
107.89999999999999 0 1.4 1.0 NULL
109.3 1 2.0 1.0 line
111.3 0 1.1 1.0 NULL
112.39999999999999 1 2.0 1.0 line
114.39999999999999 0 1.0 1.0 NULL
115.39999999999999 1 2.0 1.0 line
117.4 0 1.7 1.0 NULL
119.10000000000001 1 2.0 1.0 line
121.10000000000001 0 1.0 1.0 NULL
122.10000000000001 1 2.0 1.0 line
124.10000000000001 0 1.0 1.0 NULL
125.10000000000001 1 2.0 1.0 line
127.10000000000001 0 1.3 1.0 NULL
128.4 1 2.0 1.0 line
130.39999999999998 0 1.1 1.0 NULL
