0.0 0 1.0 1.0 NULL
1.0 1 2.0 1.0 line
3.0 0 1.0 1.0 NULL
4.0 1 2.0 1.0 line
6.0 0 1.8 1.0 NULL
7.8 1 2.0 1.0 line
9.8 0 1.1 1.0 NULL
10.9 1 2.0 1.0 line
12.9 0 1.6 1.0 NULL
14.5 1 2.0 1.0 line
16.5 0 1.0 1.0 NULL
17.5 1 2.0 1.0 line
19.5 0 1.2 1.0 NULL
20.7 1 2.0 1.0 line
22.7 0 1.0 1.0 NULL
23.7 1 2.0 1.0 line
25.7 0 1.2 1.0 NULL
26.9 1 2.0 1.0 line
28.9 0 1.9 1.0 NULL
30.799999999999997 1 2.0 1.0 line
32.8 0 1.1 1.0 NULL
33.9 1 2.0 1.0 line
35.9 0 1.4 1.0 NULL
37.3 1 2.0 1.0 line
39.300000000000004 0 1.4 1.0 NULL
40.7 1 2.0 1.0 line
42.7 0 1.1 1.0 NULL
43.800000000000004 1 2.0 1.0 line
45.800000000000004 0 1.6 1.0 NULL
47.400000000000006 1 2.0 1.0 line
49.400000000000006 0 1.4 1.0 NULL
50.800000000000004 1 2.0 1.0 line
52.8 0 1.0 1.0 NULL
53.8 1 2.0 1.0 line
55.8 0 1.0 1.0 NULL
56.8 1 2.0 1.0 line
58.8 0 1.3 1.0 NULL
60.099999999999994 1 2.0 1.0 line
62.099999999999994 0 1.6 1.0 NULL
63.699999999999996 1 2.0 1.0 line
65.7 0 1.1 1.0 NULL
66.8 1 2.0 1.0 line
68.8 0 1.0 1.0 NULL
69.8 1 2.0 1.0 line
71.8 0 2.0 1.0 NULL
73.8 1 2.0 1.0 line
75.8 0 1.0 1.0 NULL
76.8 1 2.0 1.0 line
78.8 0 1.2 1.0 NULL
80.0 1 2.0 1.0 line
82.0 0 1.1 1.0 NULL
83.1 1 2.0 1.0 line
85.1 0 1.0 1.0 NULL
86.1 1 2.0 1.0 line
88.1 0 1.0 1.0 NULL
89.1 1 2.0 1.0 line
91.1 0 1.0 1.0 NULL
92.1 1 2.0 1.0 line
94.1 0 1.5 1.0 NULL
95.6 1 2.0 1.0 line
97.6 0 1.8 1.0 NULL
99.39999999999999 1 2.0 1.0 line
101.39999999999999 0 1.0 1.0 NULL
102.39999999999999 1 2.0 1.0 line
104.4 0 1.7 1.0 NULL
106.10000000000001 1 2.0 1.0 line
108.10000000000001 0 1.1 1.0 NULL
109.2 1 2.0 1.0 line
111.2 0 1.3 1.0 NULL
112.5 1 2.0 1.0 line
114.5 0 1.4 1.0 NULL
115.9 1 2.0 1.0 line
117.89999999999999 0 1.0 1.0 NULL
118.89999999999999 1 2.0 1.0 line
120.89999999999999 0 1.0 1.0 NULL
121.89999999999999 1 2.0 1.0 line
123.89999999999999 0 1.0 1.0 NULL
124.89999999999999 1 2.0 1.0 line
126.89999999999999 0 1.0 1.0 NULL
127.89999999999999 1 2.0 1.0 line
129.89999999999998 0 1.1 1.0 NULL
