0.0 0 1.0 1.0 NULL
1.0 1 2.0 1.0 line
3.0 0 1.0 1.0 NULL
4.0 1 2.0 1.0 line
6.0 0 1.1 1.0 NULL
7.1 1 2.0 1.0 line
9.1 0 1.7 1.0 NULL
10.799999999999999 1 2.0 1.0 line
12.8 0 1.7 1.0 NULL
14.5 1 2.0 1.0 line
16.5 0 1.4 1.0 NULL
17.9 1 2.0 1.0 line
19.9 0 1.2 1.0 NULL
21.099999999999998 1 2.0 1.0 line
23.099999999999998 0 1.2 1.0 NULL
24.299999999999997 1 2.0 1.0 line
26.3 0 1.1 1.0 NULL
27.400000000000002 1 2.0 1.0 line
29.400000000000002 0 1.0 1.0 NULL
30.400000000000002 1 2.0 1.0 line
32.400000000000006 0 1.8 1.0 NULL
34.2 1 2.0 1.0 line
36.2 0 1.1 1.0 NULL
37.300000000000004 1 2.0 1.0 line
39.300000000000004 0 1.8 1.0 NULL
41.1 1 2.0 1.0 line
43.1 0 1.0 1.0 NULL
44.1 1 2.0 1.0 line
46.1 0 1.4 1.0 NULL
47.5 1 2.0 1.0 line
49.5 0 1.1 1.0 NULL
50.6 1 2.0 1.0 line
52.6 0 1.2 1.0 NULL
53.800000000000004 1 2.0 1.0 line
55.800000000000004 0 1.0 1.0 NULL
56.800000000000004 1 2.0 1.0 line
58.800000000000004 0 1.3 1.0 NULL
60.1 1 2.0 1.0 line
62.1 0 1.1 1.0 NULL
63.2 1 2.0 1.0 line
65.2 0 1.4 1.0 NULL
66.60000000000001 1 2.0 1.0 line
68.60000000000001 0 1.0 1.0 NULL
69.60000000000001 1 2.0 1.0 line
71.60000000000001 0 2.0 1.0 NULL
73.60000000000001 1 2.0 1.0 line
75.60000000000001 0 1.4 1.0 NULL
77.00000000000001 1 2.0 1.0 line
79.0 0 1.1 1.0 NULL
80.1 1 2.0 1.0 line
82.1 0 1.1 1.0 NULL
83.19999999999999 1 2.0 1.0 line
85.19999999999999 0 1.2 1.0 NULL
86.39999999999999 1 2.0 1.0 line
88.39999999999999 0 1.1 1.0 NULL
89.49999999999999 1 2.0 1.0 line
91.5 0 1.0 1.0 NULL
92.5 1 2.0 1.0 line
94.5 0 2.0 1.0 NULL
96.5 1 2.0 1.0 line
98.5 0 1.0 1.0 NULL
99.5 1 2.0 1.0 line
101.5 0 1.7 1.0 NULL
103.2 1 2.0 1.0 line
105.19999999999999 0 1.0 1.0 NULL
106.19999999999999 1 2.0 1.0 line
108.19999999999999 0 1.4 1.0 NULL
109.6 1 2.0 1.0 line
111.6 0 1.2 1.0 NULL
112.8 1 2.0 1.0 line
114.8 0 1.0 1.0 NULL
115.8 1 2.0 1.0 line
117.8 0 1.1 1.0 NULL
118.89999999999999 1 2.0 1.0 line
120.89999999999999 0 1.0 1.0 NULL
121.89999999999999 1 2.0 1.0 line
123.89999999999999 0 1.1 1.0 NULL
124.99999999999999 1 2.0 1.0 line
126.99999999999999 0 1.0 1.0 NULL
127.99999999999999 1 2.0 1.0 line
130.0 0 1.0 1.0 NULL
