0.0 0 1.1 1.0 NULL
1.1 1 2.0 1.0 line
3.1 0 1.1 1.0 NULL
4.2 1 2.0 1.0 line
6.2 0 1.3 1.0 NULL
7.5 1 2.0 1.0 line
9.5 0 1.0 1.0 NULL
10.5 1 2.0 1.0 line
12.5 0 1.1 1.0 NULL
13.6 1 2.0 1.0 line
15.6 0 1.7 1.0 NULL
17.3 1 2.0 1.0 line
19.3 0 1.4 1.0 NULL
20.7 1 2.0 1.0 line
22.7 0 1.2 1.0 NULL
23.9 1 2.0 1.0 line
25.9 0 1.0 1.0 NULL
26.9 1 2.0 1.0 line
28.9 0 1.8 1.0 NULL
30.7 1 2.0 1.0 line
32.7 0 1.0 1.0 NULL
33.7 1 2.0 1.0 line
35.7 0 1.0 1.0 NULL
36.7 1 2.0 1.0 line
38.699999999999996 0 2.0 1.0 NULL
40.699999999999996 1 2.0 1.0 line
42.699999999999996 0 1.3 1.0 NULL
43.99999999999999 1 2.0 1.0 line
45.99999999999999 0 1.6 1.0 NULL
47.599999999999994 1 2.0 1.0 line
49.599999999999994 0 1.3 1.0 NULL
50.89999999999999 1 2.0 1.0 line
52.9 0 1.3 1.0 NULL
54.199999999999996 1 2.0 1.0 line
56.199999999999996 0 1.0 1.0 NULL
57.199999999999996 1 2.0 1.0 line
59.199999999999996 0 1.6 1.0 NULL
60.8 1 2.0 1.0 line
62.8 0 1.1 1.0 NULL
63.9 1 2.0 1.0 line
65.9 0 1.0 1.0 NULL
66.9 1 2.0 1.0 line
68.9 0 1.1 1.0 NULL
70.0 1 2.0 1.0 line
72.0 0 1.1 1.0 NULL
73.1 1 2.0 1.0 line
75.1 0 1.2 1.0 NULL
76.3 1 2.0 1.0 line
78.3 0 1.8 1.0 NULL
80.1 1 2.0 1.0 line
82.1 0 1.3 1.0 NULL
83.39999999999999 1 2.0 1.0 line
85.39999999999999 0 1.0 1.0 NULL
86.39999999999999 1 2.0 1.0 line
88.39999999999999 0 1.2 1.0 NULL
89.6 1 2.0 1.0 line
91.6 0 1.0 1.0 NULL
92.6 1 2.0 1.0 line
94.6 0 1.9 1.0 NULL
96.5 1 2.0 1.0 line
98.5 0 1.0 1.0 NULL
99.5 1 2.0 1.0 line
101.5 0 1.0 1.0 NULL
102.5 1 2.0 1.0 line
104.5 0 1.0 1.0 NULL
105.5 1 2.0 1.0 line
107.5 0 1.8 1.0 NULL
109.3 1 2.0 1.0 line
111.3 0 1.0 1.0 NULL
112.3 1 2.0 1.0 line
114.3 0 1.4 1.0 NULL
115.7 1 2.0 1.0 line
117.69999999999999 0 1.1 1.0 NULL
118.79999999999998 1 2.0 1.0 line
120.79999999999998 0 1.1 1.0 NULL
121.89999999999998 1 2.0 1.0 line
123.89999999999998 0 1.0 1.0 NULL
124.89999999999998 1 2.0 1.0 line
126.89999999999998 0 1.0 1.0 NULL
127.89999999999998 1 2.0 1.0 line
129.9 0 1.2 1.0 NULL
