0.0 0 1.4 1.0 NULL
1.4 1 2.0 1.0 line
3.4 0 1.0 1.0 NULL
4.4 1 2.0 1.0 line
6.4 0 2.0 1.0 NULL
8.4 1 2.0 1.0 line
10.4 0 1.0 1.0 NULL
11.4 1 2.0 1.0 line
13.4 0 1.0 1.0 NULL
14.4 1 2.0 1.0 line
16.4 0 1.5 1.0 NULL
17.9 1 2.0 1.0 line
19.9 0 1.9 1.0 NULL
21.799999999999997 1 2.0 1.0 line
23.799999999999997 0 1.1 1.0 NULL
24.9 1 2.0 1.0 line
26.9 0 1.2 1.0 NULL
28.099999999999998 1 2.0 1.0 line
30.099999999999998 0 1.1 1.0 NULL
31.2 1 2.0 1.0 line
33.2 0 1.3 1.0 NULL
34.5 1 2.0 1.0 line
36.5 0 1.4 1.0 NULL
37.9 1 2.0 1.0 line
39.9 0 1.9 1.0 NULL
41.8 1 2.0 1.0 line
43.8 0 1.0 1.0 NULL
44.8 1 2.0 1.0 line
46.8 0 1.0 1.0 NULL
47.8 1 2.0 1.0 line
49.8 0 1.3 1.0 NULL
51.099999999999994 1 2.0 1.0 line
53.1 0 1.0 1.0 NULL
54.1 1 2.0 1.0 line
56.1 0 2.0 1.0 NULL
58.1 1 2.0 1.0 line
60.1 0 1.1 1.0 NULL
61.2 1 2.0 1.0 line
63.2 0 1.2 1.0 NULL
64.4 1 2.0 1.0 line
66.4 0 1.1 1.0 NULL
67.5 1 2.0 1.0 line
69.5 0 1.4 1.0 NULL
70.9 1 2.0 1.0 line
72.9 0 1.0 1.0 NULL
73.9 1 2.0 1.0 line
75.9 0 1.1 1.0 NULL
77.0 1 2.0 1.0 line
79.0 0 1.3 1.0 NULL
80.3 1 2.0 1.0 line
82.3 0 1.0 1.0 NULL
83.3 1 2.0 1.0 line
85.3 0 1.1 1.0 NULL
86.39999999999999 1 2.0 1.0 line
88.39999999999999 0 1.2 1.0 NULL
89.6 1 2.0 1.0 line
91.6 0 1.1 1.0 NULL
92.69999999999999 1 2.0 1.0 line
94.69999999999999 0 1.3 1.0 NULL
95.99999999999999 1 2.0 1.0 line
97.99999999999999 0 1.1 1.0 NULL
99.09999999999998 1 2.0 1.0 line
101.09999999999998 0 1.0 1.0 NULL
102.09999999999998 1 2.0 1.0 line
104.1 0 1.6 1.0 NULL
105.69999999999999 1 2.0 1.0 line
107.69999999999999 0 2.0 1.0 NULL
109.69999999999999 1 2.0 1.0 line
111.69999999999999 0 1.2 1.0 NULL
112.89999999999999 1 2.0 1.0 line
114.89999999999999 0 1.0 1.0 NULL
115.89999999999999 1 2.0 1.0 line
117.9 0 1.3 1.0 NULL
119.2 1 2.0 1.0 line
121.2 0 1.1 1.0 NULL
122.3 1 2.0 1.0 line
124.3 0 1.1 1.0 NULL
125.39999999999999 1 2.0 1.0 line
127.39999999999999 0 1.0 1.0 NULL
128.39999999999998 1 2.0 1.0 line
130.39999999999998 0 1.0 1.0 NULL
