0.0 0 1.2 1.0 NULL
1.2 1 2.0 1.0 line
3.2 0 1.1 1.0 NULL
4.300000000000001 1 2.0 1.0 line
6.300000000000001 0 1.1 1.0 NULL
7.4 1 2.0 1.0 line
9.4 0 1.0 1.0 NULL
10.4 1 2.0 1.0 line
12.4 0 1.8 1.0 NULL
14.200000000000001 1 2.0 1.0 line
16.200000000000003 0 1.3 1.0 NULL
17.500000000000004 1 2.0 1.0 line
19.500000000000004 0 1.1 1.0 NULL
20.600000000000005 1 2.0 1.0 line
22.600000000000005 0 1.5 1.0 NULL
24.100000000000005 1 2.0 1.0 line
26.1 0 1.0 1.0 NULL
27.1 1 2.0 1.0 line
29.1 0 1.0 1.0 NULL
30.1 1 2.0 1.0 line
32.1 0 1.0 1.0 NULL
33.1 1 2.0 1.0 line
35.1 0 1.6 1.0 NULL
36.7 1 2.0 1.0 line
38.699999999999996 0 1.1 1.0 NULL
39.8 1 2.0 1.0 line
41.8 0 1.3 1.0 NULL
43.099999999999994 1 2.0 1.0 line
45.099999999999994 0 1.3 1.0 NULL
46.39999999999999 1 2.0 1.0 line
48.39999999999999 0 1.0 1.0 NULL
49.39999999999999 1 2.0 1.0 line
51.4 0 1.1 1.0 NULL
52.5 1 2.0 1.0 line
54.5 0 1.1 1.0 NULL
55.6 1 2.0 1.0 line
57.6 0 1.2 1.0 NULL
58.800000000000004 1 2.0 1.0 line
60.800000000000004 0 1.2 1.0 NULL
62.00000000000001 1 2.0 1.0 line
64.0 0 1.0 1.0 NULL
65.0 1 2.0 1.0 line
67.0 0 1.2 1.0 NULL
68.2 1 2.0 1.0 line
70.2 0 1.7 1.0 NULL
71.9 1 2.0 1.0 line
73.9 0 1.2 1.0 NULL
75.10000000000001 1 2.0 1.0 line
77.1 0 1.4 1.0 NULL
78.5 1 2.0 1.0 line
80.5 0 1.0 1.0 NULL
81.5 1 2.0 1.0 line
83.5 0 1.1 1.0 NULL
84.6 1 2.0 1.0 line
86.6 0 1.9 1.0 NULL
88.5 1 2.0 1.0 line
90.5 0 1.3 1.0 NULL
91.8 1 2.0 1.0 line
93.8 0 1.0 1.0 NULL
94.8 1 2.0 1.0 line
96.8 0 1.5 1.0 NULL
98.3 1 2.0 1.0 line
100.3 0 1.9 1.0 NULL
102.2 1 2.0 1.0 line
104.19999999999999 0 1.0 1.0 NULL
105.19999999999999 1 2.0 1.0 line
107.19999999999999 0 1.9 1.0 NULL
109.1 1 2.0 1.0 line
111.1 0 1.0 1.0 NULL
112.1 1 2.0 1.0 line
114.1 0 1.2 1.0 NULL
115.3 1 2.0 1.0 line
117.3 0 1.1 1.0 NULL
118.39999999999999 1 2.0 1.0 line
120.39999999999999 0 1.0 1.0 NULL
121.39999999999999 1 2.0 1.0 line
123.39999999999999 0 1.5 1.0 NULL
124.89999999999999 1 2.0 1.0 line
126.89999999999999 0 1.0 1.0 NULL
127.89999999999999 1 2.0 1.0 line
129.9 0 1.3 1.0 NULL
