0.0 0 1.9 1.0 NULL
1.9 1 2.0 1.0 line
3.9 0 1.0 1.0 NULL
4.9 1 2.0 1.0 line
6.9 0 1.1 1.0 NULL
8.0 1 2.0 1.0 line
10.0 0 1.3 1.0 NULL
11.3 1 2.0 1.0 line
13.3 0 1.2 1.0 NULL
14.5 1 2.0 1.0 line
16.5 0 1.3 1.0 NULL
17.8 1 2.0 1.0 line
19.8 0 1.0 1.0 NULL
20.8 1 2.0 1.0 line
22.8 0 1.4 1.0 NULL
24.2 1 2.0 1.0 line
26.2 0 1.1 1.0 NULL
27.3 1 2.0 1.0 line
29.3 0 1.0 1.0 NULL
30.3 1 2.0 1.0 line
32.3 0 2.0 1.0 NULL
34.3 1 2.0 1.0 line
36.3 0 1.0 1.0 NULL
37.3 1 2.0 1.0 line
39.3 0 1.8 1.0 NULL
41.099999999999994 1 2.0 1.0 line
43.099999999999994 0 1.0 1.0 NULL
44.099999999999994 1 2.0 1.0 line
46.099999999999994 0 1.1 1.0 NULL
47.199999999999996 1 2.0 1.0 line
49.199999999999996 0 1.3 1.0 NULL
50.49999999999999 1 2.0 1.0 line
52.5 0 1.0 1.0 NULL
53.5 1 2.0 1.0 line
55.5 0 2.0 1.0 NULL
57.5 1 2.0 1.0 line
59.5 0 1.2 1.0 NULL
60.7 1 2.0 1.0 line
62.7 0 1.4 1.0 NULL
64.10000000000001 1 2.0 1.0 line
66.1 0 1.3 1.0 NULL
67.39999999999999 1 2.0 1.0 line
69.39999999999999 0 1.9 1.0 NULL
71.3 1 2.0 1.0 line
73.3 0 1.1 1.0 NULL
74.39999999999999 1 2.0 1.0 line
76.39999999999999 0 1.1 1.0 NULL
77.49999999999999 1 2.0 1.0 line
79.5 0 1.0 1.0 NULL
80.5 1 2.0 1.0 line
82.5 0 1.0 1.0 NULL
83.5 1 2.0 1.0 line
85.5 0 1.2 1.0 NULL
86.7 1 2.0 1.0 line
88.7 0 1.0 1.0 NULL
89.7 1 2.0 1.0 line
91.7 0 1.0 1.0 NULL
92.7 1 2.0 1.0 line
94.7 0 1.0 1.0 NULL
95.7 1 2.0 1.0 line
97.7 0 1.8 1.0 NULL
99.5 1 2.0 1.0 line
101.5 0 1.5 1.0 NULL
103.0 1 2.0 1.0 line
105.0 0 1.4 1.0 NULL
106.4 1 2.0 1.0 line
108.4 0 1.7 1.0 NULL
110.10000000000001 1 2.0 1.0 line
112.10000000000001 0 1.0 1.0 NULL
113.10000000000001 1 2.0 1.0 line
115.10000000000001 0 1.1 1.0 NULL
116.2 1 2.0 1.0 line
118.19999999999999 0 1.3 1.0 NULL
119.49999999999999 1 2.0 1.0 line
121.49999999999999 0 1.0 1.0 NULL
122.49999999999999 1 2.0 1.0 line
124.49999999999999 0 1.1 1.0 NULL
125.59999999999998 1 2.0 1.0 line
127.59999999999998 0 1.0 1.0 NULL
128.59999999999997 1 2.0 1.0 line
130.60000000000002 0 1.3 1.0 NULL
